10 1.0 0.35 0.3 -0.2801453939973499 0.2116799230630994 -0.4918253170604493
12 1.0 0.35 0.3 -0.2814022352566026 0.21166820189115296 -0.49307043714775556
14 1.0 0.35 0.3 -0.2822791515127499 0.2114958685948039 -0.4937750201075538
16 1.0 0.35 0.3 -0.28270986777276386 0.21104308560380808 -0.49375295337657193
18 1.0 0.35 0.3 -0.2830264830993221 0.21064863377474038 -0.4936751168740625
20 1.0 0.35 0.3 -0.2832042237905882 0.21023502349811327 -0.4934392472887015
22 1.0 0.35 0.3 -0.28334121670865453 0.20988352905563704 -0.49322474576429154
24 1.0 0.35 0.3 -0.2834296663627901 0.20955864358225398 -0.49298830994504406
10 1.05 0.35 0.3 -0.27483503752341015 0.20491503437750752 -0.4797500719009177
12 1.05 0.35 0.3 -0.2758877634352751 0.20475058738008972 -0.4806383508153648
14 1.05 0.35 0.3 -0.2766076416292538 0.2044707792978719 -0.4810784209271257
16 1.05 0.35 0.3 -0.27695572039322874 0.20397975848492883 -0.4809354788781576
18 1.05 0.35 0.3 -0.27721179736816004 0.20356254338988714 -0.48077434075804715
20 1.05 0.35 0.3 -0.27735372441304856 0.20314490356644524 -0.48049862797949383
22 1.05 0.35 0.3 -0.2774656590122794 0.20279558360028296 -0.4802612426125623
24 1.05 0.35 0.3 -0.27753684089274927 0.2024763048520081 -0.4800131457447574
10 1.1 0.35 0.3 -0.2696520024380802 0.19839793175800688 -0.4680499341960871
12 1.1 0.35 0.3 -0.2705267175077812 0.19810226717049265 -0.46862898467827385
14 1.1 0.35 0.3 -0.27112624986387895 0.1977494153118031 -0.468875665175682
16 1.1 0.35 0.3 -0.2714099279170465 0.1972348285134513 -0.4686447564304978
18 1.1 0.35 0.3 -0.27161722642943525 0.19680277532629276 -0.468420001755728
20 1.1 0.35 0.3 -0.2717309509471419 0.19638560279901202 -0.4681165537461539
22 1.1 0.35 0.3 -0.27181912880285175 0.19603603911047082 -0.4678551679133226
24 1.1 0.35 0.3 -0.27187680904112005 0.19572389305247703 -0.46760070209359705
10 1.15 0.35 0.3 -0.2646108782568146 0.19213265312552438 -0.45674353138233903
12 1.15 0.35 0.3 -0.2653285789836305 0.19172126058899414 -0.4570498395726246
14 1.15 0.35 0.3 -0.26582989839109994 0.1913138982700922 -0.45714379666119215
16 1.15 0.35 0.3 -0.2660577289193939 0.1907795538113701 -0.45683728273076396
18 1.15 0.35 0.3 -0.26622579815178604 0.1903389572797388 -0.45656475543152486
20 1.15 0.35 0.3 -0.266317277630975 0.18992555282231285 -0.45624283045328784
22 1.15 0.35 0.3 -0.26638845668597877 0.1895807545356697 -0.45596921122164846
24 1.15 0.35 0.3 -0.26643546674368757 0.18927664805753264 -0.4557121148012202
10 1.2 0.35 0.3 -0.2596932349914641 0.18608251237327403 -0.44577574736473813
12 1.2 0.35 0.3 -0.26029127968475185 0.18559363836916679 -0.4458849180539186
14 1.2 0.35 0.3 -0.26070702854860917 0.1851394166523691 -0.44584644520097827
16 1.2 0.35 0.3 -0.26089158893767783 0.18459535377308792 -0.4454869427107657
18 1.2 0.35 0.3 -0.26102798681217504 0.18415096607126938 -0.44517895288344445
20 1.2 0.35 0.3 -0.26110180912485026 0.1837436246896429 -0.44484543381449315
22 1.2 0.35 0.3 -0.2611594611663886 0.18340510714433525 -0.4445645683107239
24 1.2 0.35 0.3 -0.26119795539138846 0.1831095264530433 -0.44430748184443175
10 1.25 0.35 0.3 -0.2549112822966586 0.18025176964015815 -0.43516305193681676
12 1.25 0.35 0.3 -0.2554061546920531 0.17969805532087613 -0.4351042100129292
14 1.25 0.35 0.3 -0.2557523830233317 0.17921036050581926 -0.434962743529151
16 1.25 0.35 0.3 -0.25590196332791615 0.17866215386530798 -0.43456411719322413
18 1.25 0.35 0.3 -0.2560127382785677 0.17821760826854696 -0.4342303465471147
20 1.25 0.35 0.3 -0.2560724704485255 0.17781790691560373 -0.4338903773641292
22 1.25 0.35 0.3 -0.2561228840721173 0.177491704387975 -0.4336145884600923
24 1.25 0.35 0.3 -0.2561545030207397 0.17720483437007237 -0.4333593373908121
10 1.3 0.35 0.3 -0.25025951747376385 0.17462285449996287 -0.4248823719737267
12 1.3 0.35 0.3 -0.2506702864521649 0.17402186151476964 -0.42469214796693455
14 1.3 0.35 0.3 -0.250961813219442 0.17351405732369035 -0.42447587054313235
16 1.3 0.35 0.3 -0.2510829820992555 0.17296588198392276 -0.42404886408317827
18 1.3 0.35 0.3 -0.251172919529028 0.17252385660355274 -0.4236967761325807
20 1.3 0.35 0.3 -0.2512213201834055 0.17213281057334487 -0.4233541307567503
22 1.3 0.35 0.3 -0.25125940032111094 0.1718094637310674 -0.42306886405217836
24 1.3 0.35 0.3 -0.25128543657228425 0.17153131409336164 -0.4228167506656459
10 1.35 0.35 0.3 -0.24574088459942334 0.16919131305498472 -0.41493219765440803
12 1.35 0.35 0.3 -0.24608133428525503 0.16855466322634594 -0.41463599751160096
14 1.35 0.35 0.3 -0.2463209634190498 0.16802400299053416 -0.41434496640958396
16 1.35 0.35 0.3 -0.2464191602241874 0.16747926557536325 -0.4138984257995506
18 1.35 0.35 0.3 -0.24649221988736988 0.16704192610457466 -0.41353414599194455
20 1.35 0.35 0.3 -0.24653149671911828 0.166660215930307 -0.4131917126494253
22 1.35 0.35 0.3 -0.24656250742356492 0.1663451309413987 -0.4129076383649636
24 1.35 0.35 0.3 -0.24658395977060338 0.1660755677375302 -0.4126595275081336
0 0 0.35 0.3 0 0 0
0 0 0.35 0.3 0 0 0
0 0 0.35 0.3 0 0 0
0 0 0.35 0.3 0 0 0
0 0 0.35 0.3 0 0 0
0 0 0.35 0.3 0 0 0
0 0 0.35 0.3 0 0 0
0 0 0.35 0.3 0 0 0
0 0 0.35 0.3 0 0 0
0 0 0.35 0.3 0 0 0
0 0 0.35 0.3 0 0 0
0 0 0.35 0.3 0 0 0
0 0 0.35 0.3 0 0 0
0 0 0.35 0.3 0 0 0
0 0 0.35 0.3 0 0 0
0 0 0.35 0.3 0 0 0
0 0 0.35 0.3 0 0 0
0 0 0.35 0.3 0 0 0
0 0 0.35 0.3 0 0 0
0 0 0.35 0.3 0 0 0
0 0 0.35 0.3 0 0 0
0 0 0.35 0.3 0 0 0
0 0 0.35 0.3 0 0 0
0 0 0.35 0.3 0 0 0
