10 1.0 0.2 0.45 -0.01836197418929821 0.04773816494153588 -0.06610013913083408
12 1.0 0.2 0.45 -0.03616686770240202 0.07066747764740453 -0.10683434534980654
14 1.0 0.2 0.45 -0.047935779993790326 0.08502395075429423 -0.13295973074808454
16 1.0 0.2 0.45 -0.05391131944146124 0.09257241531102958 -0.14648373475249082
18 1.0 0.2 0.45 -0.05751199844956176 0.09717404436960177 -0.15468604281916354
20 1.0 0.2 0.45 -0.059056918806748966 0.09958776278790729 -0.15864468159465625
22 1.0 0.2 0.45 -0.05982422785578261 0.10105695299268808 -0.1608811808484707
24 1.0 0.2 0.45 -0.05987779345228764 0.10177456134099971 -0.16165235479328735
10 1.05 0.2 0.45 -0.022344256801272663 0.04909487775214946 -0.07143913455342213
12 1.05 0.2 0.45 -0.03809460564768528 0.06957273746942756 -0.10766734311711285
14 1.05 0.2 0.45 -0.04825423645036308 0.08219994219514079 -0.13045417864550388
16 1.05 0.2 0.45 -0.0530251625181342 0.08858401278669475 -0.14160917530482897
18 1.05 0.2 0.45 -0.05586823493122738 0.09249630673243177 -0.14836454166365914
20 1.05 0.2 0.45 -0.056911735672553754 0.09447105420049773 -0.15138278987305148
22 1.05 0.2 0.45 -0.05726658019669672 0.09559775810078265 -0.15286433829747936
24 1.05 0.2 0.45 -0.0571596941831443 0.09617033818858778 -0.1533300323717321
10 1.1 0.2 0.45 -0.025596607522415094 0.049633746474297184 -0.07523035399671228
12 1.1 0.2 0.45 -0.03945871699226261 0.06791271405789363 -0.10737143105015624
14 1.1 0.2 0.45 -0.04819425534427826 0.07904564490257311 -0.12723990024685136
16 1.1 0.2 0.45 -0.05199856054600837 0.08449800233337154 -0.13649656287937992
18 1.1 0.2 0.45 -0.054157214435020085 0.0877969386414257 -0.14195415307644577
20 1.1 0.2 0.45 -0.054741599675050746 0.08937477314993297 -0.1441163728249837
22 1.1 0.2 0.45 -0.054866961602989074 0.0902994220864003 -0.14516638368938936
24 1.1 0.2 0.45 -0.054601782017721714 0.090732168007509 -0.1453339500252307
10 1.15 0.2 0.45 -0.028222324699154647 0.04949080890809708 -0.07771313360725172
12 1.15 0.2 0.45 -0.040389001426788716 0.06583012276607786 -0.10621912419286658
14 1.15 0.2 0.45 -0.0477871954119712 0.0755985409677663 -0.1233857363797375
16 1.15 0.2 0.45 -0.05080403116027113 0.08029528962390398 -0.1310993207841751
18 1.15 0.2 0.45 -0.05237978748729152 0.0830747509118482 -0.1354545383991397
20 1.15 0.2 0.45 -0.05267188583300284 0.08438968589518171 -0.13706157172818456
22 1.15 0.2 0.45 -0.052599526210550696 0.08513971342785799 -0.13773923963840867
24 1.15 0.2 0.45 -0.052218071228268034 0.08546597036547765 -0.1376840415937457
10 1.2 0.2 0.45 -0.030341000622898837 0.048809370803708695 -0.07915037142660752
12 1.2 0.2 0.45 -0.04099678958199979 0.06344230965970371 -0.1044390992417035
14 1.2 0.2 0.45 -0.0472505070863804 0.07205015142269712 -0.11930065850907752
16 1.2 0.2 0.45 -0.049580370915452955 0.0760889710753832 -0.12566934199083615
18 1.2 0.2 0.45 -0.05066678831867797 0.07842926645233525 -0.1290960547710132
20 1.2 0.2 0.45 -0.05071920153845313 0.07952558451647979 -0.13024478605493292
22 1.2 0.2 0.45 -0.050499648550805416 0.08014150896940996 -0.13064115752021538
24 1.2 0.2 0.45 -0.05005120757479365 0.0803997998653787 -0.13045100744017235
10 1.25 0.2 0.45 -0.03208108907809245 0.04773417088008675 -0.0798152599581792
12 1.25 0.2 0.45 -0.04125773249627569 0.0607356706040706 -0.1019934031003463
14 1.25 0.2 0.45 -0.0465585511635424 0.06838043736549387 -0.11493898852903628
16 1.25 0.2 0.45 -0.04831866716138155 0.07187029519426784 -0.12018896235564938
18 1.25 0.2 0.45 -0.04899724068176562 0.07384077374975466 -0.12283801443152029
20 1.25 0.2 0.45 -0.04886784882000462 0.07476675911132459 -0.12363460793132922
22 1.25 0.2 0.45 -0.04854493246738541 0.07528441062689609 -0.1238293430942815
24 1.25 0.2 0.45 -0.048086693132278494 0.07552051415845651 -0.123607207290735
10 1.3 0.2 0.45 -0.03345664765280894 0.0462917846047587 -0.07974843225756764
12 1.3 0.2 0.45 -0.04139325422036485 0.057919765258410146 -0.099313019478775
14 1.3 0.2 0.45 -0.04580999043023789 0.0646748786224104 -0.11048486905264829
16 1.3 0.2 0.45 -0.04705480476922252 0.06766606479136537 -0.11472086956058788
18 1.3 0.2 0.45 -0.04746568084976908 0.06938289307375092 -0.11684857392352
20 1.3 0.2 0.45 -0.04719955678284321 0.07017497346293905 -0.11737453024578226
22 1.3 0.2 0.45 -0.04680857608451707 0.07062271590147084 -0.11743129198598792
24 1.3 0.2 0.45 -0.04632291266009496 0.07082480073635769 -0.11714771339645265
10 1.35 0.2 0.45 -0.034515797526877695 0.0445381673726777 -0.07905396489955539
12 1.35 0.2 0.45 -0.04139578721725056 0.05499078991548887 -0.09638657713273943
14 1.35 0.2 0.45 -0.04500265875531572 0.060930089571534125 -0.10593274832684985
16 1.35 0.2 0.45 -0.045879514322419684 0.06355089730297799 -0.10943041162539767
18 1.35 0.2 0.45 -0.04605343367108448 0.06503892464129339 -0.11109235831237788
20 1.35 0.2 0.45 -0.04569160114347828 0.06573094713916 -0.11142254828263828
22 1.35 0.2 0.45 -0.04525503745430811 0.06612766791276312 -0.11138270536707123
24 1.35 0.2 0.45 -0.04475995220230293 0.06631127144967613 -0.11107122365197906
10 1.4 0.2 0.45 -0.035415420616082674 0.04263435598990832 -0.078049776605991
12 1.4 0.2 0.45 -0.04126583670642867 0.051949808478121244 -0.09321564518454992
14 1.4 0.2 0.45 -0.04423230672644714 0.05722994903182867 -0.1014622557582758
16 1.4 0.2 0.45 -0.04478110896827644 0.059513576209084006 -0.10429468517736044
18 1.4 0.2 0.45 -0.04476945503277492 0.060814795723305795 -0.10558425075608072
20 1.4 0.2 0.45 -0.044339482907274325 0.06142971469929554 -0.10576919760656986
22 1.4 0.2 0.45 -0.043876469345320246 0.06179177941372165 -0.1056682487590419
24 1.4 0.2 0.45 -0.04339732126521788 0.06197885917558142 -0.1053761804407993
10 1.45 0.2 0.45 -0.036115178249316066 0.040544021907963454 -0.07665920015727952
12 1.45 0.2 0.45 -0.04109797272719769 0.04888617196779883 -0.08998414469499652
14 1.45 0.2 0.45 -0.04348761411342015 0.05356340677549942 -0.09705102088891956
16 1.45 0.2 0.45 -0.04377507627325538 0.05556638500468126 -0.09934146127793664
18 1.45 0.2 0.45 -0.04362532078557266 0.05671959638880781 -0.10034491717438046
20 1.45 0.2 0.45 -0.0431524549058515 0.05727840259517393 -0.10043085750102543
22 1.45 0.2 0.45 -0.04267684168259701 0.0576177483696978 -0.1002945900522948
24 1.45 0.2 0.45 -0.042215732357803105 0.05781161462710233 -0.10002734698490544
10 1.5 0.2 0.45 -0.03670767736374557 0.03836193651497258 -0.07506961387871815
12 1.5 0.2 0.45 -0.040891217237819216 0.04579886042368486 -0.08669007766150408
14 1.5 0.2 0.45 -0.04279967105554516 0.049958166854032746 -0.09275783790957791
16 1.5 0.2 0.45 -0.0428938379864375 0.05173830193489216 -0.09463213992132966
18 1.5 0.2 0.45 -0.04264122293401966 0.05277155005968976 -0.09541277299370943
20 1.5 0.2 0.45 -0.04214486037740583 0.0532901089256439 -0.09543496930304973
22 1.5 0.2 0.45 -0.04166750930559349 0.05361589479985481 -0.0952834041054483
24 1.5 0.2 0.45 -0.041207213049054676 0.05380270926424596 -0.09500992231330063
