10 1.0 0.3 0.1 -0.30555436607385544 0.19121070872014106 -0.4967650747939965
12 1.0 0.3 0.1 -0.30174510619142053 0.18472106505497407 -0.4864661712463946
14 1.0 0.3 0.1 -0.2991752071219651 0.1801922339271238 -0.4793674410490889
16 1.0 0.3 0.1 -0.29781828530931903 0.17773545056688736 -0.4755537358762064
18 1.0 0.3 0.1 -0.29687300268628763 0.17596977892805468 -0.47284278161434234
20 1.0 0.3 0.1 -0.29633634923367763 0.17492683928002933 -0.47126318851370697
22 1.0 0.3 0.1 -0.29595114760142827 0.17415597732913163 -0.4701071249305599
24 1.0 0.3 0.1 -0.295706854452834 0.1736452459661836 -0.46935210041901765
10 1.05 0.3 0.1 -0.2983250308543917 0.18116283967400454 -0.47948787052839625
12 1.05 0.3 0.1 -0.29505911825398884 0.17540665532632616 -0.470465773580315
14 1.05 0.3 0.1 -0.29287498576424476 0.1714198138858011 -0.46429479965004583
16 1.05 0.3 0.1 -0.29173845480433663 0.16929741574084398 -0.4610358705451806
18 1.05 0.3 0.1 -0.29095324067299994 0.1677836566325904 -0.4587368973055903
20 1.05 0.3 0.1 -0.29050667675611574 0.16689228266166536 -0.4573989594177811
22 1.05 0.3 0.1 -0.29018188331015643 0.16622615878720837 -0.4564080420973648
24 1.05 0.3 0.1 -0.2899725454346626 0.16578107821612878 -0.4557536236507914
10 1.1 0.3 0.1 -0.2915352943877628 0.17159287024337253 -0.4631281646311354
12 1.1 0.3 0.1 -0.2887295040813194 0.16648586546146138 -0.4552153695427808
14 1.1 0.3 0.1 -0.28686753548275 0.16297177474874802 -0.44983931023149804
16 1.1 0.3 0.1 -0.28591485976567566 0.16114432721419533 -0.447059186979871
18 1.1 0.3 0.1 -0.28525444643939774 0.15983569493057292 -0.44509014136997066
20 1.1 0.3 0.1 -0.28487782771782205 0.15906835795129942 -0.4439461856691215
22 1.1 0.3 0.1 -0.28460107193081924 0.15849008786625637 -0.4430911597970756
24 1.1 0.3 0.1 -0.28441778819957286 0.15809675203085252 -0.44251454023042536
10 1.15 0.3 0.1 -0.28511882611638006 0.16240565052323971 -0.4475244766396198
12 1.15 0.3 0.1 -0.28270933321061553 0.15789005079739024 -0.4405993840080058
14 1.15 0.3 0.1 -0.2811145442018138 0.15478586854004506 -0.43590041274185887
16 1.15 0.3 0.1 -0.2803082593758765 0.15320536136567703 -0.43351362074155353
18 1.15 0.3 0.1 -0.27974951438162415 0.15207329704093064 -0.4318228114225548
20 1.15 0.3 0.1 -0.2794264218397325 0.1514061319326472 -0.4308325537723797
22 1.15 0.3 0.1 -0.2791865822738047 0.1508990722382384 -0.4300856545120431
24 1.15 0.3 0.1 -0.27902303921112487 0.15054716193890313 -0.429570201150028
10 1.2 0.3 0.1 -0.2790215451636644 0.15351550526120303 -0.43253705042486745
12 1.2 0.3 0.1 -0.2769485782931217 0.14953152385094715 -0.42648010214406884
14 1.2 0.3 0.1 -0.27557909841265116 0.1467926509925242 -0.42237174940517536
16 1.2 0.3 0.1 -0.2748924379282331 0.1454267485605771 -0.42031918648881017
18 1.2 0.3 0.1 -0.27441670194394857 0.14444799078141582 -0.4188646927253644
20 1.2 0.3 0.1 -0.27413550529818237 0.14386405484125572 -0.41799956013943806
22 1.2 0.3 0.1 -0.273924276638346 0.1434153529783674 -0.41733962961671345
24 1.2 0.3 0.1 -0.27377599422331106 0.1430972469162697 -0.4168732411395808
10 1.25 0.3 0.1 -0.2732090232181298 0.1448672920044474 -0.41807631522257716
12 1.25 0.3 0.1 -0.2714144061707155 0.14134623714099473 -0.41276064331171025
14 1.25 0.3 0.1 -0.27023731607947116 0.1389409566825172 -0.40917827276198837
16 1.25 0.3 0.1 -0.26964754074077346 0.13776095714149977 -0.40740849788227324
18 1.25 0.3 0.1 -0.2692354427587986 0.1369063941048826 -0.4061418368636812
20 1.25 0.3 0.1 -0.2689872848406386 0.136392592417734 -0.4053798772583726
22 1.25 0.3 0.1 -0.26879863206184323 0.13599281429395801 -0.4047914463558012
24 1.25 0.3 0.1 -0.2686625008885938 0.13570312412001018 -0.40436562500860396
10 1.3 0.3 0.1 -0.2676377973135158 0.13637158527898174 -0.4040093825924975
12 1.3 0.3 0.1 -0.26608391474099724 0.13328315798905674 -0.399367072730054
14 1.3 0.3 0.1 -0.26506535281208 0.13117047595130005 -0.39623582876338004
16 1.3 0.3 0.1 -0.26455448576543367 0.1301542934072685 -0.3947087791727022
18 1.3 0.3 0.1 -0.26419499889566134 0.12941071223519854 -0.39360571113085985
20 1.3 0.3 0.1 -0.26397307541852616 0.12895699371689304 -0.39293006913541917
22 1.3 0.3 0.1 -0.2638024867269333 0.12859912146945252 -0.3924016081963858
24 1.3 0.3 0.1 -0.26367629069234894 0.1283340505767994 -0.39201034126914835
10 1.35 0.3 0.1 -0.2622849870636106 0.12797566927321183 -0.3902606563368224
12 1.35 0.3 0.1 -0.26093318183149855 0.12527848763989335 -0.3862116694713919
14 1.35 0.3 0.1 -0.26004904433144455 0.12343523867294319 -0.38348428300438775
16 1.35 0.3 0.1 -0.25960248729888064 0.12256550086099159 -0.38216798815987224
18 1.35 0.3 0.1 -0.25928579043225963 0.12192053689312013 -0.38120632732537973
20 1.35 0.3 0.1 -0.2590851771703137 0.12152032122716681 -0.38060549839748054
22 1.35 0.3 0.1 -0.25892930568449274 0.12119946441658531 -0.38012877010107804
24 1.35 0.3 0.1 -0.25881146901156904 0.12095655506201458 -0.3797680240735836
10 1.4 0.3 0.1 -0.2571263514745506 0.11961173855217606 -0.37673809002672665
12 1.4 0.3 0.1 -0.25594730222751244 0.11728119020535575 -0.3732284924328682
14 1.4 0.3 0.1 -0.2551760326721565 0.11568588652638125 -0.3708619191985377
16 1.4 0.3 0.1 -0.25478210209164875 0.11495006595577727 -0.36973216804742604
18 1.4 0.3 0.1 -0.2545003682946322 0.11439484794992219 -0.36889521624455435
20 1.4 0.3 0.1 -0.25431719331793734 0.11404367706566294 -0.36836087038360027
22 1.4 0.3 0.1 -0.2541735574542003 0.1137568600220273 -0.36793041747622757
24 1.4 0.3 0.1 -0.2540629519093581 0.11353483687992726 -0.3675977887892854
10 1.45 0.3 0.1 -0.2521457707901458 0.11122259705773352 -0.3633683678478793
12 1.45 0.3 0.1 -0.2511130134298561 0.10923480247138288 -0.360347815901239
14 1.45 0.3 0.1 -0.2504359348702555 0.1078691457109474 -0.3583050805812029
16 1.45 0.3 0.1 -0.2500850868050185 0.10725867227532457 -0.3573437590803431
18 1.45 0.3 0.1 -0.24983202628892814 0.10678756020045961 -0.35661958648938774
20 1.45 0.3 0.1 -0.2496633756242187 0.10648354991482033 -0.35614692553903904
22 1.45 0.3 0.1 -0.24953009222150258 0.10622953371048789 -0.35575962593199045
24 1.45 0.3 0.1 -0.24942588745842306 0.10602824267459306 -0.35545413013301613
10 1.5 0.3 0.1 -0.24732817215973343 0.10274206840286158 -0.350070240562595
12 1.5 0.3 0.1 -0.24641843188819001 0.10107482096034216 -0.34749325284853216
14 1.5 0.3 0.1 -0.24582156933514393 0.09993100974858982 -0.34575257908373375
16 1.5 0.3 0.1 -0.24550684622874816 0.09944407351495314 -0.3449509197437013
18 1.5 0.3 0.1 -0.24527789655078253 0.09905641240393981 -0.34433430895472233
20 1.5 0.3 0.1 -0.24512167651444763 0.09880068976090882 -0.34392236627535644
22 1.5 0.3 0.1 -0.24499739190756006 0.09858038558432929 -0.34357777749188934
24 1.5 0.3 0.1 -0.24489898694676232 0.0984009946888546 -0.3432999816356169
