0.1 0.9 1.0 10 -3.8652829216996807 -2.995771602493136 0.08695113192065448
0.1 0.9 1.0 12 -4.9463031752066655 -4.2232227830597875 0.06025669934557317
0.1 0.9 1.0 14 -5.959333923241767 -5.297883899455172 0.047246430270471027
0.1 0.9 1.0 16 -6.9665428003487735 -6.346024168794951 0.03878241447211389
0.1 0.9 1.0 18 -7.938656087453022 -7.333713156137174 0.03360794062865821
0.1 0.9 1.0 20 -8.903528537826801 -8.306830127053138 0.029834920538683196
0.1 0.9 1.0 22 -9.851686048228544 -9.254621577069576 0.02713929414358943
0.1 0.9 1.0 24 -10.79561326744738 -10.195565381071788 0.02500199526564965
0.1 0.9 1.05 10 -3.472899182383142 -2.7423878202799603 0.07305113621031815
0.1 0.9 1.05 12 -4.426740278978763 -3.8185043337823816 0.05068632876636514
0.1 0.9 1.05 14 -5.320747687384368 -4.761500948690274 0.03994619562100673
0.1 0.9 1.05 16 -6.2090389656839085 -5.681431549320565 0.03297546352270897
0.1 0.9 1.05 18 -7.067691502466946 -6.550322260569969 0.028742735660943194
0.1 0.9 1.05 20 -7.920194169489377 -7.407096827310948 0.025654867108921443
0.1 0.9 1.05 22 -8.759458228664556 -8.243731596445997 0.023442119646298144
0.1 0.9 1.05 24 -9.595402488512507 -9.075021637799017 0.021682535446395423
0.1 0.9 1.1 10 -3.1297761068726153 -2.5182453011744954 0.06115308056981199
0.1 0.9 1.1 12 -3.9750914520245044 -3.466085241158123 0.042417184238865126
0.1 0.9 1.1 14 -4.767658797017432 -4.29739931988901 0.03358996265203012
0.1 0.9 1.1 16 -5.554788835194674 -5.108674600189578 0.027882139687818497
0.1 0.9 1.1 18 -6.316823828303796 -5.876698929641564 0.024451383259012874
0.1 0.9 1.1 20 -7.073945538321072 -6.6350671297010715 0.02194392043100004
0.1 0.9 1.1 22 -7.820530383505002 -7.377329656872121 0.020145487574221865
0.1 0.9 1.1 24 -8.564671272636993 -8.115632802811747 0.01870993624271855
0.1 0.9 1.15 10 -2.8285282543858443 -2.319775997428323 0.05087522569575213
0.1 0.9 1.15 12 -3.5806849826197165 -3.1581480283563264 0.03521141285528251
0.1 0.9 1.15 14 -4.286291647077832 -3.8941427521106986 0.028010635354795217
0.1 0.9 1.15 16 -4.986804915423314 -4.612698687522241 0.023381639243817087
0.1 0.9 1.15 18 -5.666305233691897 -5.29490304075267 0.02063345516329039
0.1 0.9 1.15 20 -6.341825773403287 -5.969319580518854 0.018625309644221665
0.1 0.9 1.15 22 -7.0090107305013465 -6.6309174257546815 0.01718605930666659
0.1 0.9 1.15 24 -7.674372713042735 -7.289548693883205 0.016034334131647083
0.1 0.9 1.2 10 -2.563060256723766 -2.143818616814785 0.041924163990898086
0.1 0.9 1.2 12 -3.2348013363079007 -2.8881756912883905 0.02888547041829252
0.1 0.9 1.2 14 -3.8655038305595455 -3.542430330695824 0.023076678561694392
0.1 0.9 1.2 16 -4.49152722024337 -4.181539470559383 0.019374234355249154
0.1 0.9 1.2 18 -5.100024166517823 -4.790162458616587 0.017214539327846445
0.1 0.9 1.2 20 -5.705273603192209 -5.392461705176153 0.015640594900802808
0.1 0.9 1.2 22 -6.303950590794485 -5.984584227337476 0.014516652884409498
0.1 0.9 1.2 24 -6.901326769947889 -6.574566309948124 0.013615019166656861
0.1 0.9 1.25 10 -2.328301116718114 -1.9875808797440069 0.03407202369741071
0.1 0.9 1.25 12 -2.9303154808202434 -2.6508026451657503 0.023292736304541095
0.1 0.9 1.25 14 -3.496129328321699 -3.234518841411099 0.01868646335075714
0.1 0.9 1.25 16 -4.057821560006322 -3.8052904230616234 0.015783196059043658
0.1 0.9 1.25 18 -4.604813842096628 -4.350340478107314 0.014137409110517455
0.1 0.9 1.25 20 -5.149249914377811 -4.890391077565314 0.012942941840624833
0.1 0.9 1.25 22 -5.688599552336985 -5.422491925332153 0.01209580122749236
0.1 0.9 1.25 24 -6.226956788221011 -5.9529543473255515 0.011416768370644129
0.1 0.9 1.3 10 -2.1200307664954536 -1.848654952160073 0.02713758143353806
0.1 0.9 1.3 12 -2.661334507269165 -2.4415418601838246 0.01831605392377837
0.1 0.9 1.3 14 -3.1707275687194763 -2.9641735852515074 0.014753855961997773
0.1 0.9 1.3 16 -3.676479682055657 -3.4756929763884727 0.01254916910419901
0.1 0.9 1.3 18 -4.170056219630772 -3.965728335391839 0.01135154912438516
0.1 0.9 1.3 20 -4.661576540593721 -4.451738160354779 0.010491919011947104
0.1 0.9 1.3 22 -5.149150296400623 -4.931519850587866 0.00989229299148896
0.1 0.9 1.3 24 -5.635996092132087 -5.410088553232599 0.009412814120812
0.1 0.9 1.35 10 -1.9347036666367856 -1.7249424833396307 0.020976118329715486
0.1 0.9 1.35 12 -2.422887249492611 -2.2565082604427142 0.013864915754158047
0.1 0.9 1.35 14 -2.88305953863709 -2.726093266674743 0.011211876568739074
0.1 0.9 1.35 16 -3.3400088646953754 -3.1860925743529833 0.009619768146399504
0.1 0.9 1.35 18 -3.786879208770273 -3.6281413410121126 0.008818770431008907
0.1 0.9 1.35 20 -4.232127623260939 -4.066995162146894 0.008256623055702272
0.1 0.9 1.35 22 -4.674318959335842 -4.500973779013039 0.007879326378309237
0.1 0.9 1.35 24 -5.1159766882915045 -4.93405438762276 0.007580095861197678
0.1 0.9 1.4 10 -1.7693201930895692 -1.61460645712929 0.015471373596027927
0.1 0.9 1.4 12 -2.2109189603631876 -2.0926152334451475 0.00985864390983667
0.1 0.9 1.4 14 -2.6278842373066307 -2.515780397752273 0.008007417111025563
0.1 0.9 1.4 16 -3.042087457041408 -2.930808367594937 0.006954943090404425
0.1 0.9 1.4 18 -3.4479565070547005 -3.3308386014334386 0.006506550312292327
0.1 0.9 1.4 20 -3.852553497215373 -3.728341878569276 0.0062105809323048655
0.1 0.9 1.4 22 -4.254785337308075 -4.122030651272633 0.006034303910701911
0.1 0.9 1.4 24 -4.656627844252932 -4.515056680677206 0.005898798482321925
0.1 0.9 1.45 10 -1.6213635311351418 -1.516105776115588 0.01052577550195537
0.1 0.9 1.45 12 -2.0219140473025377 -1.9470685901607565 0.006237121428481762
0.1 0.9 1.45 14 -2.400870200259112 -2.329562694150024 0.005093393293506284
0.1 0.9 1.45 16 -2.777458723689236 -2.7051345720917808 0.004520259474840943
0.1 0.9 1.45 18 -3.147188009729375 -3.0682178479159687 0.004387231211855901
0.1 0.9 1.45 20 -3.5159236314440743 -3.429305941166955 0.00433088451385597
0.1 0.9 1.45 22 -3.8828260451936885 -3.7874017582423516 0.00433746758869713
0.1 0.9 1.45 24 -4.249443968651371 -4.145007273483614 0.004351528965323204
0.1 0.9 1.5 10 -1.488638921674081 -1.4279995817145787 0.006063933995950221
0.1 0.9 1.5 12 -1.8529408805169094 -1.8175703550359363 0.00294754379008109
0.1 0.9 1.5 14 -2.1983192894165233 -2.164262715647288 0.002432612412088237
0.1 0.9 1.5 16 -2.5417037730966143 -2.505117150364612 0.002286663920750137
0.1 0.9 1.5 18 -2.879428429557251 -2.8355395239001573 0.002438272536505205
0.1 0.9 1.5 20 -3.2163799546862606 -3.1643909389281357 0.0025994507879062434
0.1 0.9 1.5 22 -3.5519151052446114 -3.4909009525255486 0.002773370578139221
0.1 0.9 1.5 24 -3.887243115503677 -3.817049202966102 0.002924746355732292
