0.1 0.45 1.0 10 -4.505286327169099 -4.385262532133151 0.012002379503594795
0.1 0.45 1.0 12 -5.349203927571253 -5.026317926480227 0.02690716675758546
0.1 0.45 1.0 14 -6.203854750553014 -5.6879351987914015 0.0368513965544009
0.1 0.45 1.0 16 -7.080475267652195 -6.3936215542161605 0.04292835708975218
0.1 0.45 1.0 18 -7.966031937563149 -7.117267339861479 0.04715358876120387
0.1 0.45 1.0 20 -8.86319165911155 -7.864365337448354 0.04994131608315979
0.1 0.45 1.0 22 -9.765076215791073 -8.621011285194907 0.052002951390734804
0.1 0.45 1.0 24 -10.672824564828097 -9.389540644472016 0.053470163348170084
0.1 0.45 1.05 10 -3.9602380421074765 -3.7891252024130506 0.017111283969442594
0.1 0.45 1.05 12 -4.7111596156436875 -4.341156183873839 0.03083361931415407
0.1 0.45 1.05 14 -5.471832685095574 -4.913119244083057 0.03990810292946551
0.1 0.45 1.05 16 -6.252190328601632 -5.526569671970093 0.045351291039471164
0.1 0.45 1.05 18 -7.0392853842097 -6.154231912007158 0.04916963734458567
0.1 0.45 1.05 20 -7.836156825879363 -6.8026083525855485 0.051677423664690726
0.1 0.45 1.05 22 -8.637342851882522 -7.460129874341011 0.0535096807973414
0.1 0.45 1.05 24 -9.442248611495065 -8.125546144982364 0.05486260277136257
0.1 0.45 1.1 10 -3.495946876360822 -3.2779096614689713 0.02180372148918508
0.1 0.45 1.1 12 -4.166758517323643 -3.753487673934309 0.034439236949111184
0.1 0.45 1.1 14 -4.846247299634192 -4.247916028254326 0.04273794795570472
0.1 0.45 1.1 16 -5.542912883353186 -4.780398111582595 0.04765717323566199
0.1 0.45 1.1 18 -6.245193024090108 -5.325330950320536 0.051103448542754
0.1 0.45 1.1 20 -6.955783282533361 -5.88874133461128 0.053352097396104095
0.1 0.45 1.1 22 -7.669188696731301 -6.458411276300472 0.05503533729231041
0.1 0.45 1.1 24 -8.385737527683958 -7.035078707278758 0.05627745085021666
0.1 0.45 1.15 10 -3.0979739353338647 -2.836599077001193 0.02613748583326716
0.1 0.45 1.15 12 -3.6991668653777556 -3.2456601944816033 0.03779222257467937
0.1 0.45 1.15 14 -4.308440443748632 -3.673357447945372 0.04536307112880426
0.1 0.45 1.15 16 -4.932126566614428 -4.134644009721476 0.049842659805809486
0.1 0.45 1.15 18 -5.560707289171899 -4.607351733022172 0.05296419756387369
0.1 0.45 1.15 20 -6.195770142752313 -5.095199032848332 0.05502855549519903
0.1 0.45 1.15 22 -6.833115421058133 -5.58837812513491 0.05657896799651012
0.1 0.45 1.15 24 -7.4729794754097725 -6.087443851581209 0.057730650992856826
0.1 0.45 1.2 10 -2.7548113220633264 -2.4530434014593316 0.03017679206039947
0.1 0.45 1.2 12 -3.295117996817525 -2.8037098701283387 0.04095067722409884
0.1 0.45 1.2 14 -3.8427807535636633 -3.172355698817959 0.04788750391040745
0.1 0.45 1.2 16 -4.402702175569622 -3.571086572835196 0.051975975170901606
0.1 0.45 1.2 18 -4.966817699170097 -3.9801233711107775 0.05481635155885107
0.1 0.45 1.2 20 -5.535968121193161 -4.401526784627447 0.05672206682828569
0.1 0.45 1.2 22 -6.10689014576306 -4.827282514837145 0.05816398322390525
0.1 0.45 1.2 24 -6.679735670535285 -5.257762802637565 0.05924886949573834
0.1 0.45 1.25 10 -2.4572278836286006 -2.117341691561976 0.033988619206662476
0.1 0.45 1.25 12 -2.944474963218312 -2.4175700964017626 0.043908738901379106
0.1 0.45 1.25 14 -3.437792178903934 -2.733518797043981 0.05030524156142519
0.1 0.45 1.25 16 -3.9416321586767946 -3.0766888998583455 0.05405895367615307
0.1 0.45 1.25 18 -4.449114023164126 -3.429290451763046 0.0566568650778378
0.1 0.45 1.25 20 -4.960417592621441 -3.7917750077981482 0.05843212924116466
0.1 0.45 1.25 22 -5.473072418833949 -4.157754513314139 0.059787177523627714
0.1 0.45 1.25 24 -5.98699600535717 -4.5270131434882535 0.0608326192445382
0.1 0.45 1.3 10 -2.1981018404247368 -1.8222606509230643 0.03758411895016724
0.1 0.45 1.3 12 -2.638211753505331 -2.076940495562494 0.04677260482856974
0.1 0.45 1.3 14 -3.0837052976642645 -2.346395181880399 0.052665008270276106
0.1 0.45 1.3 16 -3.538193303747633 -2.640401810298209 0.056111968340588986
0.1 0.45 1.3 18 -3.9953860730014177 -2.941801393731936 0.05853248218163788
0.1 0.45 1.3 20 -4.4556976591798705 -3.251701716461224 0.060199797135932334
0.1 0.45 1.3 22 -4.917004986171833 -3.564316650361138 0.061485833445940656
0.1 0.45 1.3 24 -5.379303500781427 -3.8796300382659865 0.062486394271476696
0.1 0.45 1.35 10 -1.971522034507224 -1.5616271943987008 0.04098948401085232
0.1 0.45 1.35 12 -2.369721302644462 -1.7752181242417644 0.049541931533558146
0.1 0.45 1.35 14 -2.7729258702180672 -2.003360100739194 0.05496898353420522
0.1 0.45 1.35 16 -3.183435313924104 -2.2525682125316693 0.05817919383702716
0.1 0.45 1.35 18 -3.5962077849727683 -2.5083090485499357 0.06043881869015736
0.1 0.45 1.35 20 -4.011404898365562 -2.7710237176588923 0.06201905903533349
0.1 0.45 1.35 22 -4.427347773906774 -3.0358837523974134 0.06324836461406186
0.1 0.45 1.35 24 -4.844043496503444 -3.302905240546314 0.06421409399821375
0.1 0.45 1.4 10 -1.7723767147572005 -1.3295602530563182 0.04428164617008823
0.1 0.45 1.4 12 -2.133533784743542 -1.5069059657709203 0.05221898491438515
0.1 0.45 1.4 14 -2.4988918768299557 -1.697209621480118 0.05726301823927412
0.1 0.45 1.4 16 -2.8704017043935908 -1.9062739616000222 0.06025798392459804
0.1 0.45 1.4 18 -3.243707660901066 -2.1208211902957883 0.062382581700293205
0.1 0.45 1.4 20 -3.6188933269143035 -2.341080179253204 0.06389065738305497
0.1 0.45 1.4 22 -3.994624228149195 -2.5629962545344975 0.06507399880066807
0.1 0.45 1.4 24 -4.370850406140442 -2.7864140261904455 0.06601818249791652
0.1 0.45 1.45 10 -1.5968995836595958 -1.122472001636182 0.04744275820234138
0.1 0.45 1.45 12 -1.9248719651360915 -1.2666852764919725 0.05484889072034325
0.1 0.45 1.45 14 -2.25651264049914 -1.4229041854060593 0.059543461078077176
0.1 0.45 1.45 16 -2.5932319328777425 -1.5955205262367298 0.06235696291506329
0.1 0.45 1.45 18 -2.9313588321600523 -1.772685935875868 0.06437071646023246
0.1 0.45 1.45 20 -3.270942572231595 -1.9545334896358746 0.06582045412978602
0.1 0.45 1.45 22 -3.6109280789988247 -2.1376725102492187 0.06696616221589119
0.1 0.45 1.45 24 -3.951231757061046 -2.3218316946304474 0.0678916692679416
0.1 0.45 1.5 10 -1.4416646311431478 -0.9364894500001633 0.05051751811429846
0.1 0.45 1.5 12 -1.7400014071757681 -1.050820226124535 0.05743176508760276
0.1 0.45 1.5 14 -2.0414194912271277 -1.1758656880155902 0.06182527165796697
0.1 0.45 1.5 16 -2.3469904076719486 -1.3151229732075176 0.06449171465402694
0.1 0.45 1.5 18 -2.6536924248313767 -1.4582537502002741 0.06641325970172791
0.1 0.45 1.5 20 -2.9615156579447413 -1.6052002704340556 0.06781576937553428
0.1 0.45 1.5 22 -3.269636830938072 -1.7531608789069482 0.0689307250923238
0.1 0.45 1.5 24 -3.5780416066622385 -1.9020833802481911 0.06983159276725197
