0.1 0.4 1.0 10 -4.373410270579596 -4.179404897510938 0.01940053730686575
0.1 0.4 1.0 12 -5.256033920822358 -4.916877785851305 0.02826301124758775
0.1 0.4 1.0 14 -6.1422909261430725 -5.661091916515376 0.034371357830549724
0.1 0.4 1.0 16 -7.04212132720902 -6.430573440722471 0.038221742905409306
0.1 0.4 1.0 18 -7.944778150777862 -7.205312411394889 0.0410814299657207
0.1 0.4 1.0 20 -8.853766117365705 -7.991810828431741 0.043097764446698196
0.1 0.4 1.0 22 -9.764397559109657 -8.781357843761048 0.04468362342493675
0.1 0.4 1.0 24 -10.677806339858833 -9.576060936293313 0.04590605848189666
0.1 0.4 1.05 10 -3.857069952612651 -3.630808413727846 0.02262615388848053
0.1 0.4 1.05 12 -4.641098061684859 -4.271151165753621 0.03082890799426985
0.1 0.4 1.05 14 -5.42843772714923 -4.917979064354277 0.036461333056782355
0.1 0.4 1.05 16 -6.227160941700474 -5.586914962729034 0.04001537368571495
0.1 0.4 1.05 18 -7.02824036376475 -6.260426810917339 0.042656308491522826
0.1 0.4 1.05 20 -7.834463900051294 -6.9438994506463 0.04452822247024972
0.1 0.4 1.05 22 -8.64192148139201 -7.629759623325948 0.046007357184821025
0.1 0.4 1.05 24 -9.451519543005759 -8.319761566792476 0.04715658234222012
0.1 0.4 1.1 10 -3.4156627620649562 -3.1592843898772025 0.025637837218775373
0.1 0.4 1.1 12 -4.114722857762952 -3.715740934855136 0.03324849357565133
0.1 0.4 1.1 14 -4.816703772103823 -4.278219288829273 0.038463177376753546
0.1 0.4 1.1 16 -5.528276869884592 -4.860151222533346 0.04175785295945289
0.1 0.4 1.1 18 -6.2418989915110545 -5.446240505972425 0.044203249196590515
0.1 0.4 1.1 20 -6.9595423912211185 -6.040456205592898 0.04595430928141102
0.1 0.4 1.1 22 -7.678118288784987 -6.636555654483126 0.047343756104630035
0.1 0.4 1.1 24 -8.398213718985238 -7.235722873923056 0.048437118544257585
0.1 0.4 1.15 10 -3.0359523765343113 -2.751226473424573 0.028472590310973843
0.1 0.4 1.15 12 -3.661418142415556 -3.2348901788936213 0.03554399696016123
0.1 0.4 1.15 14 -4.289177875189167 -3.723540694030637 0.04040265579703787
0.1 0.4 1.15 16 -4.92523714037049 -4.229784743116188 0.04346577482839392
0.1 0.4 1.15 18 -5.562816119813591 -4.739255640005115 0.04575335998935978
0.1 0.4 1.15 20 -6.203645978768228 -5.255590212541287 0.04740278831134703
0.1 0.4 1.15 22 -6.845175013051232 -5.773401116432758 0.04871699530083973
0.1 0.4 1.15 24 -7.487854374335585 -6.293637727361499 0.04975902695725357
0.1 0.4 1.2 10 -2.7073887248730855 -2.395678701972471 0.031171002290061443
0.1 0.4 1.2 12 -3.2685781699995258 -2.815382782263084 0.037766282311370136
0.1 0.4 1.2 14 -3.8317451539929794 -3.239608867202423 0.04229544905646833
0.1 0.4 1.2 16 -4.401795958550783 -3.6791057228244415 0.04516813973289632
0.1 0.4 1.2 18 -4.973127562541096 -4.121449640620686 0.047315440106689435
0.1 0.4 1.2 20 -5.547011737345567 -4.56943040924397 0.048879066405079864
0.1 0.4 1.2 22 -6.1214166337805125 -5.018561707148099 0.05012976939238242
0.1 0.4 1.2 24 -6.696728860189319 -5.469693475975975 0.05112647434222265
0.1 0.4 1.25 10 -2.421741526586672 -2.0843082375201893 0.03374332890664826
0.1 0.4 1.25 12 -2.926471826066137 -2.44734810250186 0.03992697696368974
0.1 0.4 1.25 14 -3.432937181783767 -2.814559064713287 0.044169865505034274
0.1 0.4 1.25 16 -3.9451900760412655 -3.195219420594365 0.046873165965431285
0.1 0.4 1.25 18 -4.458440010923344 -3.5782036177439314 0.048902021843300725
0.1 0.4 1.25 20 -4.973705490719077 -3.9658482747570427 0.0503928607981017
0.1 0.4 1.25 22 -5.489356579068975 -4.354385426205735 0.05158959785741998
0.1 0.4 1.25 24 -6.005701431059277 -4.744523577685454 0.0525490772239093
0.1 0.4 1.3 10 -2.1720540347318 -1.8096592044620974 0.03623948302697024
0.1 0.4 1.3 12 -2.627114702497842 -2.1225292752321923 0.0420487856054708
0.1 0.4 1.3 14 -3.083712462761329 -2.4392821093683366 0.046030739528070894
0.1 0.4 1.3 16 -3.545079042838603 -2.7676574790742974 0.048588847735269114
0.1 0.4 1.3 18 -4.007234186560192 -3.0979617849818832 0.050515133421017135
0.1 0.4 1.3 20 -4.470971111746508 -3.432099971424776 0.05194355701608657
0.1 0.4 1.3 22 -4.934987336996133 -3.766916113825792 0.05309414650774276
0.1 0.4 1.3 24 -5.399455167510951 -4.102824493820793 0.05402627807042323
0.1 0.4 1.35 10 -1.9529191845127438 -1.5662149556279432 0.03867042288848006
0.1 0.4 1.35 12 -2.3641118408950756 -1.8344449925431976 0.04413890402932317
0.1 0.4 1.35 14 -2.77652086049099 -2.105919653220213 0.047900086233626925
0.1 0.4 1.35 16 -3.1929220377667775 -2.3876090692433185 0.05033206053271619
0.1 0.4 1.35 18 -3.609947745233155 -2.6709033816155685 0.05216913131208815
0.1 0.4 1.35 20 -4.028194474155679 -2.957303353567296 0.05354455602941917
0.1 0.4 1.35 22 -4.446650012332615 -3.244235384689425 0.05465521034741772
0.1 0.4 1.35 24 -4.8654612905633385 -3.532069846147542 0.055557976850658185
0.1 0.4 1.4 10 -1.7599028325954684 -1.349468897354047 0.041043393524142144
0.1 0.4 1.4 12 -2.132097271628176 -1.5774821301565134 0.04621792845597187
0.1 0.4 1.4 14 -2.505344312645185 -1.80845138485704 0.049778066270581775
0.1 0.4 1.4 16 -2.8818819182155693 -2.04826993604741 0.052100748885509945
0.1 0.4 1.4 18 -3.258901465877102 -2.2893913203823577 0.053861674749708016
0.1 0.4 1.4 20 -3.636872542819816 -2.5330551342268905 0.05519087042964628
0.1 0.4 1.4 22 -4.01499633912789 -2.7771279053892868 0.05626674698811834
0.1 0.4 1.4 24 -4.393402803654732 -3.02195354529738 0.057143719098223
0.1 0.4 1.45 10 -1.5892498768951207 -1.1554592495058515 0.04337906273892691
0.1 0.4 1.45 12 -1.926760455752941 -1.3473179437726932 0.04828687599835398
0.1 0.4 1.45 14 -2.2651418966616337 -1.5417579696050066 0.0516702805040448
0.1 0.4 1.45 16 -2.606231910155901 -1.7438620401904301 0.053898116872841934
0.1 0.4 1.45 18 -2.9476945424319028 -1.947026811875108 0.055592651697599714
0.1 0.4 1.45 20 -3.2898947525971725 -2.1522640686502044 0.056881534197348406
0.1 0.4 1.45 22 -3.6322063239936684 -2.3578150501135355 0.057926876085460585
0.1 0.4 1.45 24 -3.97470930218691 -2.5639020241491965 0.05878363658490473
0.1 0.4 1.5 10 -1.4379177318015302 -0.9811048223326111 0.045681290946891905
0.1 0.4 1.5 12 -1.7444641696800787 -1.1402399002015724 0.05035202245654219
0.1 0.4 1.5 14 -2.051726634494254 -1.3016174519326995 0.05357922732582532
0.1 0.4 1.5 16 -2.361211209914316 -1.4696173954001817 0.0557246134071334
0.1 0.4 1.5 18 -2.670985212471088 -1.6384856954065015 0.05736108428136593
0.1 0.4 1.5 20 -2.9813279847659544 -1.8090363859094971 0.05861457994282286
0.1 0.4 1.5 22 -3.2917518082542916 -1.9798275411036035 0.059632921234122185
0.1 0.4 1.5 24 -3.6022996111142875 -2.150984156531675 0.06047147727427552
