10 25 0 0.25 -6.8433319369392215e-06 -0.15779969012960787 0.15779284679767094
12 25 0 0.25 -2.252622430934381e-06 -0.16404077759796604 0.16403852497553512
14 25 0 0.25 2.3513747191249157e-05 -0.16448699591348925 0.1645105096606805
16 25 0 0.25 -1.4443586938617223e-06 -0.1618187231241065 0.16181727876541263
18 25 0 0.25 4.019681787326573e-06 -0.15765798677543313 0.15766200645722045
20 25 0 0.25 -4.624440806916471e-06 -0.15284833477813253 0.1528437103373256
0.2 0.2 1.0 10 -3.773412599280462 -3.643630809632562 0.012978178964790033
0.2 0.2 1.0 12 -4.60032698823963 -4.419862735136611 0.015038687758584857
0.2 0.2 1.0 14 -5.427314660373827 -5.1960204543885045 0.016521014713237303
0.2 0.2 1.0 16 -6.2510743060788245 -5.968296055676707 0.017673640650132327
0.2 0.2 1.0 18 -7.074587366206695 -6.740246084537161 0.018574515648307453
0.2 0.2 1.0 20 -7.896695289142384 -7.510535342954353 0.01930799730940156
0.2 0.2 1.0 22 -8.718640779076633 -8.280626128040126 0.019909756865295784
0.2 0.2 1.0 24 -9.540000057409292 -9.050030807160361 0.0204153854270388
0.2 0.2 1.05 10 -3.3339110454339043 -3.196121571320795 0.013778947411310938
0.2 0.2 1.05 12 -4.064326840229914 -3.875412497473337 0.01574286189638145
0.2 0.2 1.05 14 -4.794607572255158 -4.5544094783732305 0.017157006705851963
0.2 0.2 1.05 16 -5.52227276256315 -5.230224839848663 0.018252995169655395
0.2 0.2 1.05 18 -6.249748511781087 -5.905786861268174 0.019108980584050726
0.2 0.2 1.05 20 -6.976104929682024 -6.580011284256111 0.01980468227129566
0.2 0.2 1.05 22 -7.702388076410557 -7.254142350596764 0.020374805718808776
0.2 0.2 1.05 24 -8.428189747540298 -7.927703883592013 0.020853577664511864
0.2 0.2 1.1 10 -2.9582028242983354 -2.812881502125709 0.014532132217262638
0.2 0.2 1.1 12 -3.6061153502169296 -3.4092129779475244 0.016408531022450434
0.2 0.2 1.1 14 -4.253928722305843 -4.005315347364115 0.017758098210123436
0.2 0.2 1.1 16 -4.899570139335935 -4.598744414431986 0.018801607806496867
0.2 0.2 1.1 18 -5.545040432399719 -5.19194538752546 0.01961639138190326
0.2 0.2 1.1 20 -6.189623231616212 -5.784073452757976 0.02027748894291177
0.2 0.2 1.1 22 -6.834119959600891 -6.376093790250131 0.02081937133412543
0.2 0.2 1.1 24 -7.478287626029352 -6.967720195401352 0.02127364294283333
0.2 0.2 1.15 10 -2.635179140762922 -2.4827605142138225 0.015241862654909965
0.2 0.2 1.15 12 -3.2121393279218964 -3.0076704250996684 0.017039075235185663
0.2 0.2 1.15 14 -3.7891225874221277 -3.532519593954891 0.01832878524765978
0.2 0.2 1.15 16 -4.3642407736001445 -4.055046350573062 0.019324651439192653
0.2 0.2 1.15 18 -4.939249599472857 -4.577422472631933 0.02010150704671802
0.2 0.2 1.15 20 -5.513556846830287 -5.098940072840707 0.020730838699479025
0.2 0.2 1.15 22 -6.0878019331715425 -5.620378840169877 0.021246504227348417
0.2 0.2 1.15 24 -6.661801581172233 -6.141520199654957 0.02167839089655314
0.2 0.2 1.2 10 -2.3557982409323475 -2.1966290110852142 0.01591692298471332
0.2 0.2 1.2 12 -2.87155601413658 -2.65989275762767 0.017638604709075818
0.2 0.2 1.2 14 -3.3873068781177267 -3.1230741588701303 0.0188737656605426
0.2 0.2 1.2 16 -3.9015175303047336 -3.5843128914493563 0.01982528992846108
0.2 0.2 1.2 18 -4.415645909987074 -4.045436382445912 0.020567195974508994
0.2 0.2 1.2 20 -4.9292213016398465 -4.505874519591801 0.02116733910240227
0.2 0.2 1.2 22 -5.442752006484372 -4.966255189790246 0.02165894621336935
0.2 0.2 1.2 24 -5.956100064449352 -5.42641171583496 0.022070347858932988
0.2 0.2 1.25 10 -2.113040827263076 -1.9474492471498444 0.016559158011323172
0.2 0.2 1.25 12 -2.575625969423477 -2.3570875771704607 0.01821153268775137
0.2 0.2 1.25 14 -3.0382261419900947 -2.766684006370987 0.019395866829936263
0.2 0.2 1.25 16 -3.4995438550331954 -3.1746412182901165 0.020306414796442435
0.2 0.2 1.25 18 -3.960800067185095 -3.582510704195078 0.021016075721667624
0.2 0.2 1.25 20 -4.421621448827881 -3.9898340733770903 0.02158936877253952
0.2 0.2 1.25 22 -4.882471898218295 -4.397191140664452 0.022058216252447416
0.2 0.2 1.25 24 -5.343131181074114 -4.804310727805068 0.02245085221954357
0.2 0.2 1.3 10 -1.9011196481117132 -1.7293914919275295 0.01717281561841837
0.2 0.2 1.3 12 -2.3173343649061735 -2.0922088447876632 0.018760460009875857
0.2 0.2 1.3 14 -2.7336012866853716 -2.4550423720072185 0.01989706533415379
0.2 0.2 1.3 16 -3.1487740119330567 -2.816458153382968 0.020769741159380545
0.2 0.2 1.3 18 -3.5639010828908275 -3.1778075226345335 0.02144964223646078
0.2 0.2 1.3 20 -3.978687213766392 -3.538722731221924 0.02199822412722341
0.2 0.2 1.3 22 -4.393450534376542 -3.899607708938991 0.0224474011562523
0.2 0.2 1.3 24 -4.808113269404934 -4.260365871303407 0.022822808254230293
0.2 0.2 1.35 10 -1.715376869261597 -1.5377802026011658 0.017759666666043117
0.2 0.2 1.35 12 -2.0909698598964495 -1.8595230337217217 0.019287235514560647
0.2 0.2 1.35 14 -2.4665840021255834 -2.1812515437779822 0.02038088988197151
0.2 0.2 1.35 16 -2.8413163793378686 -2.5018206323158942 0.0212184841888734
0.2 0.2 1.35 18 -3.216015043600028 -2.8223396296965695 0.021870856327969923
0.2 0.2 1.35 20 -3.5904465009292954 -3.142513438172139 0.022396653137857814
0.2 0.2 1.35 22 -3.9648617327327167 -3.4626653916845753 0.022827106411279153
0.2 0.2 1.35 24 -4.339202378856729 -3.7827219565131522 0.02318668426431571
0.2 0.2 1.4 10 -1.5519058699276123 -1.3686698512615416 0.018323601866607066
0.2 0.2 1.4 12 -1.891766654890225 -1.6542239945281234 0.019795221696841798
0.2 0.2 1.4 14 -2.231649597441635 -1.9397726741644616 0.020848351662655227
0.2 0.2 1.4 16 -2.5708030832666395 -2.224347733424269 0.021653459365148148
0.2 0.2 1.4 18 -2.9099318243528387 -2.508885176247133 0.022280369339205866
0.2 0.2 1.4 20 -3.2488513543995667 -2.7931482992675285 0.022785152756601913
0.2 0.2 1.4 22 -3.587759372922391 -3.0773956519161145 0.023198350954830745
0.2 0.2 1.4 24 -3.9266120979810557 -3.361571234272435 0.023543369321192536
0.2 0.2 1.45 10 -1.4075413183748253 -1.2188831420591377 0.01886581763156876
0.2 0.2 1.45 12 -1.7158611122895577 -1.472437834595469 0.020285273141174065
0.2 0.2 1.45 14 -2.024200006289746 -1.7259892492498212 0.021300768359994633
0.2 0.2 1.45 16 -2.3319362956683753 -1.9787237981527126 0.022075781094728922
0.2 0.2 1.45 18 -2.639654533532799 -2.2314302187627044 0.022679128598338587
0.2 0.2 1.45 20 -2.9472090713159393 -2.4839186649406853 0.023164520318762705
0.2 0.2 1.45 22 -3.254755459985374 -2.736395747828107 0.0235618050980576
0.2 0.2 1.45 24 -3.562260851200459 -2.988818795613053 0.023893418982808595
0.2 0.2 1.5 10 -1.279627541762565 -1.085748709406495 0.019387883235607008
0.2 0.2 1.5 12 -1.5600004515581984 -1.3108924990723039 0.020758996040491213
0.2 0.2 1.5 14 -1.8403949710325622 -1.5360417755519156 0.021739513962903332
0.2 0.2 1.5 16 -2.1202921974080056 -1.760506075996692 0.0224866325882071
0.2 0.2 1.5 18 -2.4001763393415443 -1.9849494339236429 0.023068161412105635
0.2 0.2 1.5 20 -2.6799324237563056 -2.2092195479139933 0.02353564379211561
0.2 0.2 1.5 22 -2.9596827505436623 -2.4334814838204397 0.023918239396510114
0.2 0.2 1.5 24 -3.2394026631455497 -2.6577026953715714 0.024237498657249095
