10 25 0 0.25 -6.8433319369392215e-06 -0.15779969012960787 0.15779284679767094
12 25 0 0.25 -2.252622430934381e-06 -0.16404077759796604 0.16403852497553512
14 25 0 0.25 2.3513747191249157e-05 -0.16448699591348925 0.1645105096606805
16 25 0 0.25 -1.4443586938617223e-06 -0.1618187231241065 0.16181727876541263
18 25 0 0.25 4.019681787326573e-06 -0.15765798677543313 0.15766200645722045
20 25 0 0.25 -4.624440806916471e-06 -0.15284833477813253 0.1528437103373256
0.2 0.3 1.0 10 -3.797843138182696 -3.447664756782029 0.03501783814006667
0.2 0.3 1.0 12 -4.60861508600771 -4.140832403164159 0.0389818902369626
0.2 0.3 1.0 14 -5.419391055136335 -4.834204743523653 0.04179902225804869
0.2 0.3 1.0 16 -6.233414477311877 -5.532142179502411 0.043829518613091645
0.2 0.3 1.0 18 -7.047690329883735 -6.230470124067373 0.045401122545353445
0.2 0.3 1.0 20 -7.863366073848653 -6.9307267542146525 0.04663196598170001
0.2 0.3 1.0 22 -8.67920398219843 -7.631214468750735 0.04763588697489524
0.2 0.3 1.0 24 -9.495624422631488 -8.332496179092066 0.04846367681414258
0.2 0.3 1.05 10 -3.346537551920021 -2.9812839426660815 0.036525360925393935
0.2 0.3 1.05 12 -4.062656860101228 -3.5794051848047173 0.0402709729413759
0.2 0.3 1.05 14 -4.7789622761338295 -4.177958355999454 0.042928851438169664
0.2 0.3 1.05 16 -5.497887439354212 -4.780277733089158 0.04485060664156587
0.2 0.3 1.05 18 -6.2170050280874065 -5.382902040536081 0.04633905486396254
0.2 0.3 1.05 20 -6.937234744456816 -5.987092799624869 0.047507097241597365
0.2 0.3 1.05 22 -7.657537548540773 -6.591393458474292 0.04846109500302186
0.2 0.3 1.05 24 -8.378317753450416 -7.196359164745603 0.0492482745293672
0.2 0.3 1.1 10 -2.9614280414900565 -2.581981276939862 0.03794467645501944
0.2 0.3 1.1 12 -3.5966408540932235 -3.098736759087366 0.041492007917154794
0.2 0.3 1.1 14 -4.231986375371408 -3.615826358339547 0.044011429787990046
0.2 0.3 1.1 16 -4.86949820158323 -4.1361031324558075 0.04583719182046392
0.2 0.3 1.1 18 -5.507182195239386 -4.6566548902067915 0.04725151694625524
0.2 0.3 1.1 20 -6.145745434980329 -5.178473943178225 0.04836357459010521
0.2 0.3 1.1 22 -6.78439403632452 -5.70042045891608 0.0492715262458382
0.2 0.3 1.1 24 -7.423368122531317 -6.22283118645891 0.05002237233635028
0.2 0.3 1.15 10 -2.630683538791466 -2.237730642913359 0.0392952895878107
0.2 0.3 1.15 12 -3.1962999139037267 -2.6843628019749506 0.042661425994064674
0.2 0.3 1.15 14 -3.7619157492398685 -3.1311118893328826 0.0450574185647847
0.2 0.3 1.15 16 -4.3293837251714535 -3.5806499744308478 0.04679585942128786
0.2 0.3 1.15 18 -4.896961307710946 -4.030371227202009 0.0481438933616076
0.2 0.3 1.15 20 -5.465231817269387 -4.481115444917107 0.04920581861761399
0.2 0.3 1.15 22 -6.033563763123613 -4.9319537325643115 0.05007318320724099
0.2 0.3 1.15 24 -6.602137819048808 -5.383145706709688 0.050791338014130015
0.2 0.3 1.2 10 -2.3451739428011322 -1.9393579763376696 0.040581596646346266
0.2 0.3 1.2 12 -2.8504374319141563 -2.324964383920555 0.04378942066613345
0.2 0.3 1.2 14 -3.3557226806219367 -2.7107025041162722 0.0460728697504046
0.2 0.3 1.2 16 -3.8625309382518793 -3.0987916469406716 0.047733705706950486
0.2 0.3 1.2 18 -4.369421150908063 -3.487021800627421 0.04902218612670232
0.2 0.3 1.2 20 -4.876855715003442 -3.8760757956758 0.0500389959663821
0.2 0.3 1.2 22 -5.3843342839055515 -4.265198959937422 0.0508697874530968
0.2 0.3 1.2 24 -5.891992474135208 -4.654591125054743 0.051558389545019345
0.2 0.3 1.25 10 -2.0973794316129677 -1.67919912775739 0.04181803038555776
0.2 0.3 1.25 12 -2.550157092875633 -2.011576435208081 0.044881721472296
0.2 0.3 1.25 14 -3.0029298848686317 -2.3440282234782703 0.04706440438502581
0.2 0.3 1.25 16 -3.4569652189921953 -2.678479477952961 0.04865535881495214
0.2 0.3 1.25 18 -3.911061450298908 -3.0130388045352716 0.049890146986868694
0.2 0.3 1.25 20 -4.365584167910674 -3.3482603942926357 0.05086618868090191
0.2 0.3 1.25 22 -4.820078426001487 -3.6834413319668675 0.05166532245611907
0.2 0.3 1.25 24 -5.274760042532698 -4.018909849603918 0.05232709137203251
0.2 0.3 1.3 10 -1.8813473458801475 -1.4512428352592046 0.04301045106209429
0.2 0.3 1.3 12 -2.2882330279766023 -1.7368958513955113 0.04594476471509092
0.2 0.3 1.3 14 -2.695074247749482 -2.0225463666218473 0.048037705794831034
0.2 0.3 1.3 16 -3.10298766201241 -2.3099399166125396 0.049565484087491896
0.2 0.3 1.3 18 -3.5109460090118816 -2.597415862186967 0.05075167482360637
0.2 0.3 1.3 20 -3.9192374172439557 -2.8854228888888622 0.05169072641775467
0.2 0.3 1.3 22 -4.327551104876932 -3.1734669388191947 0.05245837118444259
0.2 0.3 1.3 24 -4.735963000723143 -3.461665934400626 0.053095711096771546
0.2 0.3 1.35 10 -1.6921769789084138 -1.2505072154180255 0.044166976349038836
0.2 0.3 1.35 12 -2.0587804819186712 -1.4949718304395596 0.04698405428992597
0.2 0.3 1.35 14 -2.4253677487218255 -1.7394668594854743 0.04899292065973937
0.2 0.3 1.35 16 -2.7928148477702606 -1.9853987490585698 0.05046350616948067
0.2 0.3 1.35 18 -3.160294924350719 -2.2313932469242896 0.051605648745912745
0.2 0.3 1.35 20 -3.528034908494205 -2.477813646671981 0.0525110630911112
0.2 0.3 1.35 22 -3.8957906686296915 -2.7242610437972634 0.05325134658329218
0.2 0.3 1.35 24 -4.263618949377738 -2.970826016038313 0.053866372222476054
0.2 0.3 1.4 10 -1.5259299027873823 -1.0730405792691435 0.04528893235182387
0.2 0.3 1.4 12 -1.8570471903905579 -1.2810489885347671 0.04799985015464923
0.2 0.3 1.4 14 -2.188145879271484 -1.4890736227988162 0.049933732605190566
0.2 0.3 1.4 16 -2.5199522234913303 -1.6983144593258608 0.051352360260341845
0.2 0.3 1.4 18 -2.8517826201916434 -1.9076026688433054 0.052454441741574334
0.2 0.3 1.4 20 -3.183815561773002 -2.117232217074947 0.053329167234902754
0.2 0.3 1.4 22 -3.5158596411763767 -2.326881412960693 0.05404446491889472
0.2 0.3 1.4 24 -3.847957238925205 -2.5366198350468494 0.05463905849493148
0.2 0.3 1.45 10 -1.3792889909376314 -0.9154755090266599 0.04638134819109715
0.2 0.3 1.45 12 -1.6790315352722114 -1.0910789715939417 0.048996046973189135
0.2 0.3 1.45 14 -1.9787575517436125 -1.2666935962479573 0.05086171110683251
0.2 0.3 1.45 16 -2.2790649747108556 -1.4433366168246449 0.05223302236788817
0.2 0.3 1.45 18 -2.579389829046997 -1.6200153324975095 0.053298583141638205
0.2 0.3 1.45 20 -2.8798723664195696 -1.7969675263452938 0.05414524200371379
0.2 0.3 1.45 22 -3.180362746807616 -1.973933995870882 0.05483767049712427
0.2 0.3 1.45 24 -3.480892612308537 -2.1509682067288365 0.05541351689915419
0.2 0.3 1.5 10 -1.2495165559721482 -0.775047357141613 0.047446919883053516
0.2 0.3 1.5 12 -1.5214413909184321 -0.9217579761514415 0.04997361789724922
0.2 0.3 1.5 14 -1.793346714736838 -1.068466897498741 0.051777129802721214
0.2 0.3 1.5 16 -2.0657290724990958 -1.2160448167984776 0.05310526598128863
0.2 0.3 1.5 18 -2.338123978557691 -1.3636495166334666 0.05413747010690135
0.2 0.3 1.5 20 -2.610641566353824 -1.5114733317225504 0.05495841173156368
0.2 0.3 1.5 22 -2.8831646642640454 -1.659307505118218 0.05562987087026488
0.2 0.3 1.5 24 -3.1557168983235186 -1.8071931493315587 0.05618848954133166
