10 25 0 0.25 -6.8433319369392215e-06 -0.15779969012960787 0.15779284679767094
12 25 0 0.25 -2.252622430934381e-06 -0.16404077759796604 0.16403852497553512
14 25 0 0.25 2.3513747191249157e-05 -0.16448699591348925 0.1645105096606805
16 25 0 0.25 -1.4443586938617223e-06 -0.1618187231241065 0.16181727876541263
18 25 0 0.25 4.019681787326573e-06 -0.15765798677543313 0.15766200645722045
20 25 0 0.25 -4.624440806916471e-06 -0.15284833477813253 0.1528437103373256
0.05 0.475 1.0 10 -5.0390894841974125 -5.431908531372738 -0.039281904717532526
0.05 0.475 1.0 12 -5.878752204575048 -6.074465355070886 -0.016309429207986465
0.05 0.475 1.0 14 -6.740621691418746 -6.752966930791432 -0.0008818028123347103
0.05 0.475 1.0 16 -7.635605945955556 -7.495134141279042 0.008779487792282104
0.05 0.475 1.0 18 -8.547782384046693 -8.271086280231103 0.015372005767532788
0.05 0.475 1.0 20 -9.481689285805398 -9.090893234982579 0.01953980254114098
0.05 0.475 1.0 22 -10.425466103757259 -9.930714621128814 0.022488703755838394
0.05 0.475 1.0 24 -11.380684429383894 -10.79388870636296 0.024449821792538923
0.05 0.475 1.05 10 -4.4238777355003815 -4.743644224568739 -0.03197664890683578
0.05 0.475 1.05 12 -5.174006516275948 -5.301020332158436 -0.010584484656874041
0.05 0.475 1.05 14 -5.94457908429137 -5.8949143099860715 0.003547483878949923
0.05 0.475 1.05 16 -6.744558266651251 -6.54868898532952 0.012241830082608207
0.05 0.475 1.05 18 -7.56017120965981 -7.234944475569167 0.01806815189392462
0.05 0.475 1.05 20 -8.394253152346836 -7.960334254419081 0.021695944896387775
0.05 0.475 1.05 22 -9.236541138668315 -8.703188315317252 0.02424331015232103
0.05 0.475 1.05 24 -10.087778344762611 -9.46516903976461 0.0259420543749167
0.05 0.475 1.1 10 -3.900355223775115 -4.152825780919494 -0.025247055714437926
0.05 0.475 1.1 12 -4.573206577162108 -4.637583922225848 -0.005364778755311643
0.05 0.475 1.1 14 -5.264940854359739 -5.159146686040086 0.007556726308546631
0.05 0.475 1.1 16 -5.982812366760949 -5.737032923068295 0.01536121523079087
0.05 0.475 1.1 18 -6.715215217267556 -6.34681887313361 0.020466463562996997
0.05 0.475 1.1 20 -7.461252823148217 -6.986929955514546 0.023716143381683576
0.05 0.475 1.1 22 -8.215533002917965 -7.645459341182894 0.025912439169775956
0.05 0.475 1.1 24 -8.97599030952355 -8.317823227376149 0.02742362842280836
0.05 0.475 1.15 10 -3.45205688022415 -3.6423653766445283 -0.01903084964203785
0.05 0.475 1.15 12 -4.057767422407011 -4.064748792874499 -0.0005817808722906973
0.05 0.475 1.15 14 -4.68069827467012 -4.5234186372259355 0.01123425981744175
0.05 0.475 1.15 16 -5.327350259160569 -5.036182095280013 0.0181980102425347
0.05 0.475 1.15 18 -5.985770281047217 -5.576176266243461 0.0227552230446531
0.05 0.475 1.15 20 -6.655966705767057 -6.143703052717002 0.02561318265250274
0.05 0.475 1.15 22 -7.332380418048264 -6.725816041319365 0.027571108033131786
0.05 0.475 1.15 24 -8.013904236841677 -7.3199320540270385 0.02891550761727661
0.05 0.475 1.2 10 -3.065920885538168 -3.198526550260985 -0.01326056647228171
0.05 0.475 1.2 12 -3.612761971408729 -3.566518012990232 0.0038536632015414205
0.05 0.475 1.2 14 -4.175324971777286 -3.9701545050587916 0.014655033337035312
0.05 0.475 1.2 16 -4.758851366816265 -4.424335304528872 0.020907253892962108
0.05 0.475 1.2 18 -5.352568188113206 -4.9033989589937494 0.024953846062192014
0.05 0.475 1.2 20 -5.955946525934729 -5.4062216840305375 0.027486242095209557
0.05 0.475 1.2 22 -6.56406105904049 -5.920721534485206 0.02924270566160385
0.05 0.475 1.2 24 -7.176144514956541 -6.445007759904105 0.030464031460518164
0.05 0.475 1.25 10 -2.731515500985802 -2.810210330187752 -0.007869482920194982
0.05 0.475 1.25 12 -3.226653181323764 -3.130901144649459 0.007979336389525452
0.05 0.475 1.25 14 -3.7364047976464323 -3.4871693638116112 0.017802530988201504
0.05 0.475 1.25 16 -4.263927393620278 -3.8887310641560258 0.02344977059151579
0.05 0.475 1.25 18 -4.800095093957978 -4.31256840376149 0.02708481612202713
0.05 0.475 1.25 20 -5.34455055635763 -4.757857812296893 0.02933463720303684
0.05 0.475 1.25 22 -5.892387031310969 -5.2119169622245884 0.03093045768574458
0.05 0.475 1.25 24 -6.442992120456775 -5.673151200840453 0.03207670498401338
0.05 0.475 1.3 10 -2.440665045407094 -2.4689643093901155 -0.0028299263983021295
0.05 0.475 1.3 12 -2.8899285437355258 -2.7476568011697835 0.011855978547145188
0.05 0.475 1.3 14 -3.352485090011121 -3.0609620703147193 0.020823072835457257
0.05 0.475 1.3 16 -3.830616819961557 -3.416266351921609 0.025896904252496744
0.05 0.475 1.3 18 -4.3158443841459215 -3.790878175952538 0.02916478934407686
0.05 0.475 1.3 20 -4.807494079175068 -4.18300356140815 0.0312245258883459
0.05 0.475 1.3 22 -5.301888252816667 -4.582623032745933 0.032693873639578826
0.05 0.475 1.3 24 -5.798402397439831 -4.988022303157674 0.033765837261756526
0.05 0.475 1.35 10 -2.1864766767063806 -2.167236150451331 0.0019240526255049684
0.05 0.475 1.35 12 -2.5951678420124074 -2.4092332648981896 0.015494548092851482
0.05 0.475 1.35 14 -3.0156003735792747 -2.683864514792423 0.02369541848477511
0.05 0.475 1.35 16 -3.449309221509412 -2.9963823121951267 0.028307931832142835
0.05 0.475 1.35 18 -3.8891029577871334 -3.3263933750065275 0.031261643487811436
0.05 0.475 1.35 20 -4.333915635863155 -3.670839974267584 0.033153783079778565
0.05 0.475 1.35 22 -4.780820788377988 -4.021308975845599 0.03452326420601767
0.05 0.475 1.35 24 -5.229272977357875 -4.376220792126037 0.03554384105132661
0.05 0.475 1.4 10 -1.963390090358543 -1.8989646280555 0.006442546230304313
0.05 0.475 1.4 12 -2.335679428623334 -2.1076727487868574 0.019000556653039718
0.05 0.475 1.4 14 -2.718455161272112 -2.347483567091033 0.026497971012934243
0.05 0.475 1.4 16 -3.1126163365524775 -2.6217079340875102 0.030681775154060453
0.05 0.475 1.4 18 -3.511714021197125 -2.9109410653060843 0.03337627532728003
0.05 0.475 1.4 20 -3.9147126614298284 -3.2120206611522812 0.03513460001387736
0.05 0.475 1.4 22 -4.319293783710663 -3.5179064115975662 0.03642669873241347
0.05 0.475 1.4 24 -4.724953561891045 -3.8270597531397437 0.03741224203130422
0.05 0.475 1.45 10 -1.7671261788660786 -1.660039563971783 0.01070866148942955
0.05 0.475 1.45 12 -2.106741189550995 -1.838630529022387 0.022342555044050656
0.05 0.475 1.45 14 -2.455620332183244 -2.0465257646407236 0.02922104053875147
0.05 0.475 1.45 16 -2.814209313915588 -2.285528356470678 0.03304255984030688
0.05 0.475 1.45 18 -3.1767672771605793 -2.5373044892643124 0.035525710438681496
0.05 0.475 1.45 20 -3.5423630859141926 -2.798831920525557 0.03717655826943178
0.05 0.475 1.45 22 -3.909124313586347 -3.0640993027770023 0.03841022776406112
0.05 0.475 1.45 24 -4.27665105921056 -3.3318159538020082 0.039368129392023
0.05 0.475 1.5 10 -1.5935936905947727 -1.4453912711558639 0.014820241943890889
0.05 0.475 1.5 12 -1.9038571261983437 -1.5967784413178279 0.025589890406709653
0.05 0.475 1.5 14 -2.222312221079509 -1.7758035539373171 0.031893476224442274
0.05 0.475 1.5 16 -2.548769496316851 -1.9820282123219142 0.03542133024968354
0.05 0.475 1.5 18 -2.878436169102656 -2.19919685102118 0.037735517671193125
0.05 0.475 1.5 20 -3.2105037675435164 -2.424520718428397 0.03929915245575597
0.05 0.475 1.5 22 -3.543436963349566 -2.6527830646475525 0.0404842681228188
0.05 0.475 1.5 24 -3.876952972840266 -2.883016568785986 0.041414016835595
