10 25 0 0.25 -6.8433319369392215e-06 -0.15779969012960787 0.15779284679767094
12 25 0 0.25 -2.252622430934381e-06 -0.16404077759796604 0.16403852497553512
14 25 0 0.25 2.3513747191249157e-05 -0.16448699591348925 0.1645105096606805
16 25 0 0.25 -1.4443586938617223e-06 -0.1618187231241065 0.16181727876541263
18 25 0 0.25 4.019681787326573e-06 -0.15765798677543313 0.15766200645722045
20 25 0 0.25 -4.624440806916471e-06 -0.15284833477813253 0.1528437103373256
0.1 0.475 1.0 10 -4.7074869427236985 -4.777473284234803 -0.006998634151110484
0.1 0.475 1.0 12 -5.501993639588747 -5.313434806043477 0.015713236128772474
0.1 0.475 1.0 14 -6.31589182592381 -5.884389700214715 0.03082158040779248
0.1 0.475 1.0 16 -7.159649515141062 -6.515582568615473 0.040254184157849315
0.1 0.475 1.0 18 -8.018950842535185 -7.178575321503284 0.04668752894621672
0.1 0.475 1.0 20 -8.898008278514965 -7.882618399865793 0.050769493932458595
0.1 0.475 1.0 22 -9.786040353647707 -8.605357237201568 0.053667414383915375
0.1 0.475 1.0 24 -10.68449875398791 -9.34990161177914 0.05560821425869874
0.1 0.475 1.05 10 -4.1235731768449515 -4.119577153577882 0.0003996023267069937
0.1 0.475 1.05 12 -4.831461133934102 -4.5740804680914735 0.021448388820219044
0.1 0.475 1.05 14 -5.557293425606021 -5.0638222246015685 0.03524794292888948
0.1 0.475 1.05 16 -6.309582609642723 -5.6100049751168 0.04372360215787019
0.1 0.475 1.05 18 -7.0759713189653475 -6.186645339970648 0.04940699883303888
0.1 0.475 1.05 20 -7.859092149765268 -6.799833851904399 0.05296291489304346
0.1 0.475 1.05 22 -8.649648853199794 -7.4293034928815525 0.05547024365082918
0.1 0.475 1.05 24 -9.448330201738546 -8.07660628482349 0.057155163204794045
0.1 0.475 1.1 10 -3.6278317187329385 -3.5560731998137842 0.00717585189191543
0.1 0.475 1.1 12 -4.26118025797293 -3.9412402099078063 0.026661670672093612
0.1 0.475 1.1 14 -4.911148199273664 -4.3616545696927815 0.03924954497006304
0.1 0.475 1.1 16 -5.584570036308918 -4.834973917193015 0.046849757444743956
0.1 0.475 1.1 18 -6.271062909546238 -5.338109861762918 0.05183072487685111
0.1 0.475 1.1 20 -6.969860001287228 -5.869511277757327 0.05501743617649506
0.1 0.475 1.1 22 -7.676102972483221 -6.4180607127802 0.05718373907741006
0.1 0.475 1.1 24 -8.387932124878203 -6.9794909643539915 0.05868504835517548
0.1 0.475 1.15 10 -3.204323392471938 -3.070278870568709 0.01340445219032289
0.1 0.475 1.15 12 -3.773091161510946 -3.395981250971166 0.031425825878314995
0.1 0.475 1.15 14 -4.35702515039301 -3.7562196772123433 0.04291467665576192
0.1 0.475 1.15 16 -4.962186708029707 -4.167107859561207 0.049692428029281255
0.1 0.475 1.15 18 -5.577896567995768 -4.603385796402832 0.05413948731071865
0.1 0.475 1.15 20 -6.204196643803505 -5.06528394011238 0.05694563518455627
0.1 0.475 1.15 22 -6.836091961454828 -5.540742955055708 0.0588795002908691
0.1 0.475 1.15 24 -7.47259173588938 -6.027366712228115 0.06021770931921936
0.1 0.475 1.2 10 -2.8404144195001244 -2.648807935208638 0.01916064842914862
0.1 0.475 1.2 12 -3.3527204563973325 -2.922744091549516 0.035831363737318024
0.1 0.475 1.2 14 -3.8788671190925568 -3.230423041360782 0.0463174341236982
0.1 0.475 1.2 16 -4.42371594492412 -3.5853028001293668 0.05240082154967207
0.1 0.475 1.2 18 -4.977669901086169 -3.9633324181298133 0.0563520823864642
0.1 0.475 1.2 20 -5.540281247514597 -4.36343884339515 0.05884212020597235
0.1 0.475 1.2 22 -6.107139260091344 -4.774388478679025 0.060579580973287216
0.1 0.475 1.2 24 -6.677560331759234 -5.194432798889548 0.06179698053623691
0.1 0.475 1.25 10 -2.5260232519399857 -2.2808635958197923 0.024515965612019342
0.1 0.475 1.25 12 -2.9888674562900466 -2.509853517015172 0.03991782827290621
0.1 0.475 1.25 14 -3.464566009590162 -2.772353906618576 0.04944372164082757
0.1 0.475 1.25 16 -3.956066163810268 -3.0770560110995313 0.054938134544421036
0.1 0.475 1.25 18 -4.455265085294942 -3.4024450938577804 0.05848999952428673
0.1 0.475 1.25 20 -4.961864837070324 -3.747744350668289 0.06070602432010177
0.1 0.475 1.25 22 -5.47148488293893 -4.101177903716983 0.06228668087372488
0.1 0.475 1.25 24 -5.983581081635417 -4.461273083430976 0.06342949992518503
0.1 0.475 1.3 10 -2.2532385087734266 -1.95821683482648 0.02950216739469467
0.1 0.475 1.3 12 -2.6723232288260186 -2.14737328127664 0.0437458289624482
0.1 0.475 1.3 14 -3.1030805561962316 -2.369001154986598 0.05243424294354525
0.1 0.475 1.3 16 -3.5476435627866305 -2.6296806579083456 0.05737268155489281
0.1 0.475 1.3 18 -3.9985044872983497 -2.908262380830172 0.06056900591489876
0.1 0.475 1.3 20 -4.455079651968276 -3.2030810087248716 0.06259993216217023
0.1 0.475 1.3 22 -4.914097994569908 -3.504845376449498 0.06405693718729139
0.1 0.475 1.3 24 -5.375005608746856 -3.811972210137664 0.06512639160871635
0.1 0.475 1.35 10 -2.015415905324762 -1.6735500491883126 0.03418658561364492
0.1 0.475 1.35 12 -2.3958888202121784 -1.8279570458805385 0.04732764786096999
0.1 0.475 1.35 14 -2.786648424546797 -2.012877470351164 0.055269353871116644
0.1 0.475 1.35 16 -3.189137888805678 -2.2329643630458413 0.059760845359989795
0.1 0.475 1.35 18 -3.5970109449879213 -2.469250715891476 0.06265334606091362
0.1 0.475 1.35 20 -4.009334198977611 -2.718907665095959 0.06452132669408261
0.1 0.475 1.35 22 -4.423513736675119 -2.974142139829463 0.06588052712934798
0.1 0.475 1.35 24 -4.839067078878206 -3.2334957798927753 0.06689880412439296
0.1 0.475 1.4 10 -1.8071962086971431 -1.4209954364626365 0.03862007722345066
0.1 0.475 1.4 12 -2.1531307700111526 -1.5439488567465558 0.0507651594387164
0.1 0.475 1.4 14 -2.5082320175445147 -1.695896657140111 0.058023954314600265
0.1 0.475 1.4 16 -2.873361190934704 -1.8797375534776586 0.062101477341065345
0.1 0.475 1.4 18 -3.242843809028386 -2.077461203142977 0.06474347810474496
0.1 0.475 1.4 20 -3.6157736050583256 -2.2861482604052643 0.06648126723265306
0.1 0.475 1.4 22 -3.9901024942733314 -2.499283421210723 0.06776450332102767
0.1 0.475 1.4 24 -4.365385904822625 -2.7154459800136777 0.06874749686703946
0.1 0.475 1.45 10 -1.6244347241929695 -1.1965469421144967 0.04278877820784728
0.1 0.475 1.45 12 -1.9394553151460414 -1.2911034729603508 0.054029320182140884
0.1 0.475 1.45 14 -2.2625549090560213 -1.4129084728895063 0.06068903115475107
0.1 0.475 1.45 16 -2.594180557070132 -1.5635039314336505 0.06441728910228009
0.1 0.475 1.45 18 -2.929295347527699 -1.7259028769262044 0.06685513725563857
0.1 0.475 1.45 20 -3.2670858109381324 -1.8973196596902506 0.06848830756239409
0.1 0.475 1.45 22 -3.605903210412299 -2.0721954795841566 0.06971398776491557
0.1 0.475 1.45 24 -3.94539574201378 -2.2493390491689595 0.0706690288685342
0.1 0.475 1.5 10 -1.4632209205585305 -0.9953419179617284 0.0467879002596802
0.1 0.475 1.5 12 -1.750544740449867 -1.0643041702836171 0.05718671418052083
0.1 0.475 1.5 14 -2.04499597001481 -1.1589071441813776 0.0632920589881023
0.1 0.475 1.5 16 -2.3464525324146193 -1.2786536181962378 0.06673743213864884
0.1 0.475 1.5 18 -2.650721908650013 -1.408504280655699 0.06901209044412854
0.1 0.475 1.5 20 -2.9570993447628755 -1.5458919387645877 0.07056037029991438
0.1 0.475 1.5 22 -3.264237104153884 -1.6859957934143228 0.07173824139725277
0.1 0.475 1.5 24 -3.571887243426463 -1.8279238810469458 0.07266514009914654
