0 0.3 1.0 10 -4.912277316642503 -5.158857534397888 -0.024658021775538507
0 0.3 1.0 12 -5.945948519704616 -6.183575127787366 -0.01980221734022917
0 0.3 1.0 14 -6.9800667492040205 -7.2084380100948335 -0.01631223292077236
0 0.3 1.0 16 -8.019044294840292 -8.2410501943102 -0.01387536871686923
0 0.3 1.0 18 -9.058439974475569 -9.27429133641248 -0.011991742329828407
0 0.3 1.0 20 -10.099876255822442 -10.31084460048243 -0.010548417232999352
0 0.3 1.0 22 -11.141554483428607 -11.347787170550102 -0.009374213050977076
0 0.3 1.0 24 -12.184074675071773 -12.386101665975701 -0.00841779128766366
0 0.3 1.05 10 -4.369418245301983 -4.598895706466312 -0.02294774611643291
0 0.3 1.05 12 -5.291123384457604 -5.511273749624168 -0.018345863763880327
0 0.3 1.05 14 -6.213421120908776 -6.424244823900793 -0.015058835928001215
0 0.3 1.05 16 -7.139681021916667 -7.343775315442228 -0.012755893345347546
0 0.3 1.05 18 -8.066259321829996 -8.263810681323754 -0.010975075527431008
0 0.3 1.05 20 -8.994481385188184 -9.186604791065426 -0.009606170293862081
0 0.3 1.05 22 -9.922815996213782 -10.109585805265057 -0.008489536775057987
0 0.3 1.05 24 -10.85185087806262 -11.033745106305322 -0.0075789261767792064
0 0.3 1.1 10 -3.901743143976721 -4.114910063697312 -0.021316691972059144
0 0.3 1.1 12 -4.7268440695020475 -4.930303748780081 -0.016954973273169454
0 0.3 1.1 14 -5.552372161218712 -5.7461652592927175 -0.013842364148143231
0 0.3 1.1 16 -6.381212772655939 -6.567721067068187 -0.011656768400765516
0 0.3 1.1 18 -7.210334562867481 -7.389748625829768 -0.009967447942349297
0 0.3 1.1 20 -8.04077445302831 -8.214064486203307 -0.008664501658749834
0 0.3 1.1 22 -8.871344900116426 -9.038606391028916 -0.007602795041476782
0 0.3 1.1 24 -9.702400126965486 -9.863991081548038 -0.006732956440939668
0 0.3 1.15 10 -3.496184724661225 -3.6935551890609064 -0.01973704643996812
0 0.3 1.15 12 -4.237401475012417 -4.4246416249641225 -0.015603345829308779
0 0.3 1.15 14 -4.978780372720979 -5.155836772268942 -0.01264688568199736
0 0.3 1.15 16 -5.7230227953863215 -5.892144171282617 -0.010570085993518441
0 0.3 1.15 18 -6.467447894513728 -6.628771398819291 -0.00896241690586461
0 0.3 1.15 20 -7.212926771823243 -7.367292017839216 -0.007718262300798662
0 0.3 1.15 22 -7.9585008848376315 -8.1059837079134 -0.0067037646852621665
0 0.3 1.15 24 -8.704441037334393 -8.845333417415768 -0.00587051583672397
0 0.3 1.2 10 -3.1427147657457284 -3.324841113220936 -0.018212634747520752
0 0.3 1.2 12 -3.810450632921136 -3.9817636156399123 -0.014276081893231374
0 0.3 1.2 14 -4.478336810074289 -4.6388484048744285 -0.011465113914295675
0 0.3 1.2 16 -5.148606839422559 -5.3003519060899045 -0.00948406666670909
0 0.3 1.2 18 -5.819014453852576 -5.962108029025983 -0.00794964306518928
0 0.3 1.2 20 -6.490261887627711 -6.625426881257204 -0.0067582496814746484
0 0.3 1.2 22 -7.161578485958124 -7.288874684735297 -0.005786190853507855
0 0.3 1.2 24 -7.833170713883115 -7.952835258721925 -0.004986022701617077
0 0.3 1.25 10 -2.8329470200471256 -3.0001411982199104 -0.01671941781727848
0 0.3 1.25 12 -3.436167286087991 -3.591766980857712 -0.012966641230810113
0 0.3 1.25 14 -4.039463388412659 -4.183466936108609 -0.01028596769256789
0 0.3 1.25 16 -4.644760650970394 -4.779019514801234 -0.008391178989427539
0 0.3 1.25 18 -5.250161082816555 -5.374770634486098 -0.006922752870530186
0 0.3 1.25 20 -5.856228990405469 -5.971808989655227 -0.005778999962487897
0 0.3 1.25 22 -6.4622540034095834 -6.568765302394562 -0.00484142268113538
0 0.3 1.25 24 -7.068570635013718 -7.166283462205549 -0.004071367799659627
0 0.3 1.3 10 -2.5602633646494315 -2.712777115510099 -0.015251375086066731
0 0.3 1.3 12 -3.1065193065888272 -3.2464930457548538 -0.011664478263835543
0 0.3 1.3 14 -3.6527645591708113 -3.780146749510591 -0.009098727881412845
0 0.3 1.3 16 -4.20073080431419 -4.317243297512162 -0.00728203082487322
0 0.3 1.3 18 -4.74877398498718 -4.854494995426964 -0.0058733894688768945
0 0.3 1.3 20 -5.297345880142641 -5.392804275907226 -0.004772919788229224
0 0.3 1.3 22 -5.845953794327327 -5.931186039839098 -0.0038741929778077474
0 0.3 1.3 24 -6.394716869642701 -6.469877739731562 -0.0031317029203692024
0 0.3 1.35 10 -2.3191655456063067 -2.4571100574220495 -0.013794451181574274
0 0.3 1.35 12 -2.8149346513369466 -2.9392485816021043 -0.010359494188763141
0 0.3 1.35 14 -3.310720712117196 -3.4214026535074167 -0.00790585295644432
0 0.3 1.35 16 -3.807905132692373 -3.9064648888637947 -0.00615998476071386
0 0.3 1.35 18 -4.305146690567341 -4.391647899481012 -0.0048056227174261895
0 0.3 1.35 20 -4.802806651377869 -4.877699730295421 -0.0037446539458775964
0 0.3 1.35 22 -5.30049247948328 -5.3638057075307355 -0.00287787400215707
0 0.3 1.35 24 -5.798294524304416 -5.8501525605672136 -0.002160751510949891
0 0.3 1.4 10 -2.1052548978820145 -2.2287577541960943 -0.012350285631407987
0 0.3 1.4 12 -2.556120166629864 -2.664769140857782 -0.009054081185659832
0 0.3 1.4 14 -3.0069862688080757 -3.100776595816774 -0.006699309072049868
0 0.3 1.4 16 -3.4590181458371276 -3.5393062889245606 -0.005018008942964558
0 0.3 1.4 18 -3.9110922334919827 -3.9779295607471123 -0.0037131848475072055
0 0.3 1.4 20 -4.363496888010019 -4.417266053071444 -0.0026884582530712466
0 0.3 1.4 22 -4.815920061719655 -4.856642906395066 -0.0018510383943368277
0 0.3 1.4 24 -5.268430200912116 -5.29620696301145 -0.0011573650874722545
0 0.3 1.45 10 -1.9147788227230225 -2.0238748896615766 -0.010909606693855411
0 0.3 1.45 12 -2.3255625240710813 -2.4184420901643766 -0.00773996384110794
0 0.3 1.45 14 -2.7363416476676874 -2.8130022445677145 -0.005475756921430509
0 0.3 1.45 16 -3.148090824881901 -3.2097474438401647 -0.0038535386848914943
0 0.3 1.45 18 -3.559871011452962 -3.606564813636355 -0.0025941001212996064
0 0.3 1.45 20 -3.971912019425446 -4.00396742702285 -0.001602770379870222
0 0.3 1.45 22 -4.383966248762708 -4.401400072062 -0.0007924465136041563
0 0.3 1.45 24 -4.796085515056299 -4.798978257015163 -0.00012053091495267676
0 0.3 1.5 10 -1.7446355763660222 -1.8393166133919066 -0.009468103702588437
0 0.3 1.5 12 -2.119549433101568 -2.196539880121301 -0.00641587058497776
0 0.3 1.5 14 -2.4944472624215503 -2.5537342669764307 -0.00423478603963431
0 0.3 1.5 16 -2.870150993096579 -2.912820075140236 -0.0026668176277285793
0 0.3 1.5 18 -3.2458773664863876 -3.2719612786159606 -0.0014491062294207256
0 0.3 1.5 20 -3.6218093257769794 -3.631582684557966 -0.0004886679390493365
0 0.3 1.5 22 -3.997750699606895 -3.9912264023228503 0.00029655896745657675
0 0.3 1.5 24 -4.3737406994227035 -4.350983350774466 0.0009482228603432397
