0 0.3 10 1.1206201021107962 -0.28859882247284474 3.1861728646795417
0 0.3 12 1.0054625405786048 -0.2912045181768446 2.868636362674464
0 0.3 14 0.9262995519057973 -0.29311791721170827 2.642932891802365
0 0.3 16 0.8696503745630523 -0.2945852331283018 2.414846799997218
0 0.3 18 0.8277628398415394 -0.29574679589297403 2.006117860332378
0 0.3 20 0.7959300624543985 -0.2966889298307328 2.251753365727859
0 0.3 22 0.7711712640232363 -0.2974679632915777 2.1288936734961013
0 0.3 24 0.7515313151631374 -0.29812238417006354 2.021986752631804
0 0.35 10 1.0158629399461054 -0.2844844895214043 2.8576670267598954
0 0.35 12 0.9249790172393711 -0.2871181192546156 2.589698118655927
0 0.35 14 0.8634333524994122 -0.28905642707213886 2.3156353289626623
0 0.35 16 0.8198874217357094 -0.29054325835559014 1.94411953390475
0 0.35 18 0.7879488251175303 -0.29171900453414934 2.1577856705984546
0 0.35 20 0.7638175015375775 -0.2926709205293912 2.0328109474794354
0 0.35 22 0.745131384592814 -0.29345641132810124 1.9289622596037155
0 0.35 24 0.7303629909075183 -0.2941149069346598 1.6150088205213868
0 0.4 10 0.9449712797533814 -0.27996709806669207 2.566857865634811
0 0.4 12 0.8722819081621339 -0.28263670243212213 2.2829006104449854
0 0.4 14 0.8236161355188302 -0.28460144893281103 2.257087276702572
0 0.4 16 0.789435153411371 -0.2861059941735809 2.102894315782909
0 0.4 18 0.7644844171015706 -0.2872928571719752 1.9756499664764235
0 0.4 20 0.7456986885010736 -0.28825134166435123 1.6415098130411678
0 0.4 22 0.731196201147904 -0.28904043287454295 1.5850815878020654
0 0.4 24 0.7197681483361891 -0.2897006655890082 1.5400281239381457
0 0.45 10 0.8962584002048551 -0.27509464804124995 2.2966974385140118
0 0.45 12 0.837424150732469 -0.2778018223850854 2.236923839348073
0 0.45 14 0.798326903069985 -0.27979008434001873 2.077083376818216
0 0.45 16 0.7709814009469221 -0.2813081175862143 1.9433464940371439
0 0.45 18 0.7510778053645742 -0.28250207532396204 1.6281653411924162
0 0.45 20 0.7361317309283623 -0.2834638357366276 1.570677017476876
0 0.45 22 0.7246252610421416 -0.2842540287684662 1.5258193866610308
0 0.45 24 0.7155840522915157 -0.28491418263227725 1.4902203388464654
0 0.5 10 0.86262375317681 -0.2699079461091402 2.228430931642299
0 0.5 12 0.8144526069629832 -0.27264912192735385 2.0685067788084925
0 0.5 14 0.7825740984357701 -0.2746554088063372 1.928689449679573
0 0.5 16 0.7603309131233953 -0.27618190174276797 1.6284885917304006
0 0.5 18 0.744177815779766 -0.27737906092326875 1.5675044847548687
0 0.5 20 0.7320795025168287 -0.2783413111268835 1.5211877135320968
0 0.5 22 0.722791571874632 -0.2791306914630599 1.485279954800955
0 0.5 24 0.7155139508115855 -0.2797894761017805 1.4569958590307799
0 0.55 10 0.8395334682492944 -0.2644425433424413 2.0681161015022713
0 0.55 12 0.7996527415361575 -0.26721082572319893 1.9257243746889563
0 0.55 14 0.7733144310583911 -0.2692286767300204 1.6409131194490139
0 0.55 16 0.7549696306164414 -0.2707587859078601 1.5733942736782838
0 0.55 18 0.7416787294833657 -0.2719558368146682 1.523773203156453
0 0.55 20 0.7317513483388558 -0.2729164065633025 1.4863093744439078
0 0.55 22 0.7241511223063084 -0.2737035694580865 1.4574664540951638
0 0.55 24 0.7182109838134443 -0.2743600693842376 1.4339825055083495
0 0.6 10 0.823996816630556 -0.25873059213689614 1.9346926623307104
0 0.6 12 0.7906381516585795 -0.2615174630436642 1.797683170858143
0 0.6 14 0.7686312867888293 -0.26354049127403306 1.5876480460303408
0 0.6 16 0.7533320034956518 -0.26506999739504694 1.5323832366767234
0 0.6 18 0.7422761298515003 -0.2662642844673286 1.491921069579622
0 0.6 20 0.7340408108808215 -0.2672215163079838 1.4615308254692798
0 0.6 22 0.7277518469771621 -0.26800540774707055 1.3630182235898232
0 0.6 24 0.7228469209891066 -0.2686589260557964 1.3566677921173689
0 0.65 10 0.8139970679722481 -0.2528022868746677 1.821068062983783
0 0.65 12 0.785839202992589 -0.2555988686655891 1.6109716218110868
0 0.65 14 0.7672816664895802 -0.2576212974543183 1.546700484715966
0 0.65 16 0.7544086327927746 -0.25914669531184115 1.5013956321146198
0 0.65 18 0.745130976930149 -0.26033611121863026 1.4682808763540744
0 0.65 20 0.7382377280835628 -0.2612887019767987 1.3718022001516268
0 0.65 22 0.7329847095331924 -0.2620684717590867 1.365327317316992
0 0.65 24 0.7288943944107003 -0.26271841559168496 1.360538893708496
0 0.7 10 0.8081515875680292 -0.2466868183083048 1.72236664047257
0 0.7 12 0.7842011498535755 -0.24948465675158113 1.5672801171910273
0 0.7 14 0.768437152465773 -0.25150149892706636 1.5145482451316903
0 0.7 16 0.7575286164486381 -0.2530199112146587 1.4772486015505546
0 0.7 18 0.7496868814333113 -0.25420274140823074 1.3804273637109554
0 0.7 20 0.7438730357410637 -0.2551496000411915 1.3735726525183258
0 0.7 22 0.7394497604879605 -0.2559244962292284 1.3686407063278043
0 0.7 24 0.7360095248237888 -0.2565703066692529 1.3252997600592458
0 0.75 10 0.8054987683969314 -0.24041290740093868 1.6356562884669157
0 0.75 12 0.7850005781543279 -0.24320436123750608 1.5317632011033875
0 0.75 14 0.7715319093301258 -0.24521139111923848 1.4883763094427127
0 0.75 16 0.7622347935955334 -0.24672042042393785 1.3886653398591482
0 0.75 18 0.7555663793926353 -0.24789520036183577 1.3811003973973528
0 0.75 20 0.7506307125456093 -0.2488353446951186 1.3758220269463652
0 0.75 22 0.7468798890757951 -0.24960464876749774 1.324032390067259
0 0.75 24 0.7439648787625037 -0.25024576394158454 1.2628906379076468
0 0.8 10 0.8053605078481166 -0.23400902707988686 1.5592955153867794
0 0.8 12 0.7877316250794817 -0.23678738629105942 1.5019851030534686
0 0.8 14 0.7761713198716529 -0.23878101631657372 1.4563796250948038
0 0.8 16 0.7682097310999212 -0.24027859793509707 1.3876791891133076
0 0.8 18 0.7625094177833589 -0.241444005394584 1.3818362651774088
0 0.8 20 0.7582953066816529 -0.2423764972571191 1.3295691561925267
0 0.8 22 0.7550951737471436 -0.24313948985444114 1.266193524019019
0 0.8 24 0.7526092397481435 -0.2437753291688954 1.2108713620907374
0 0.85 10 0.8072519399184619 -0.2275034150318466 1.5178945265739987
0 0.85 12 0.7920342998079757 -0.23026285876420097 1.4753719098804148
0 0.85 14 0.7820756178443844 -0.23223999146700308 1.3931815499447646
0 0.85 16 0.7752301740701412 -0.23372427458535025 1.386481521225368
0 0.85 18 0.770335270635032 -0.2348790590941462 1.3419414798719043
0 0.85 20 0.7667192433893688 -0.235802969346193 1.2754810876933391
0 0.85 22 0.7639743492608795 -0.23655891608426252 1.2176610135190944
0 0.85 24 0.7618424626338718 -0.2371888766620989 1.1675400288730955
0 0.9 10 0.8108215425838055 -0.2209239583153278 1.4861354918571112
0 0.9 12 0.7976485391619752 -0.22365943605439442 1.4401571516256184
0 0.9 14 0.7890440874692208 -0.22561732964190623 1.3895719609770023
0 0.9 16 0.7831379472989759 -0.2270865940161192 1.3629558024958304
0 0.9 18 0.7789180042854581 -0.22822953703293397 1.291181559647546
0 0.9 20 0.7758016602523253 -0.22914393110366596 1.2298289716129798
0 0.9 22 0.7734363205851287 -0.22989208044340048 1.1770242889678435
0 0.9 24 0.7715992106510375 -0.23051554016717468 1.1315563913006381
0 0.95 10 0.81581102609304 -0.21429800693349024 1.4570805047784983
0 0.95 12 0.8043841574479229 -0.21700509822077454 1.39108893315665
0 0.95 14 0.7969316060518375 -0.21894126207463424 1.3847793782189972
0 0.95 16 0.7918206904335887 -0.2203938672200884 1.3153278363475465
0 0.95 18 0.7881701117463253 -0.2215237647070938 1.2480683068717544
0 0.95 20 0.7854742587082056 -0.22242770104558468 1.1914290142460964
0 0.95 22 0.7834278208942533 -0.22316728896039895 1.1431504973344782
0 0.95 24 0.7818381240771625 -0.2237836129500063 1.101853878740764
0 1.0 10 0.8220281825014437 -0.20765215443448456 1.4290122743920834
0 1.0 12 0.8121007295878151 -0.21032693918139866 1.3836682696008986
0 1.0 14 0.8056327843299749 -0.21223906248679317 1.3526041241583873
0 1.0 16 0.8011986883286633 -0.2136734225141595 1.2744702582804335
0 1.0 18 0.7980312724841521 -0.2147890824015675 1.211618982190061
0 1.0 20 0.7956915900512143 -0.215681618505951 1.1593093246018435
0 1.0 22 0.7939149568333845 -0.216411876776265 1.1151225577599968
0 1.0 24 0.7925344153849423 -0.21702042559630877 1.0775721872702748
0 1.05 10 0.8293282651631808 -0.20101201004881744 1.3993242189504236
0 1.05 12 0.8206937791647784 -0.20365096467743538 1.3750086684991125
0 1.05 14 0.8150709230358371 -0.20553687457694378 1.3131707482286203
0 1.05 16 0.811215619673708 -0.2069514512987501 1.2396646901786335
0 1.05 18 0.808460444623884 -0.20805170008606733 1.1810012359665494
0 1.05 20 0.8064242343379686 -0.20893190265186928 1.132670061933056
0 1.05 22 0.8048772841190427 -0.20965206895012428 1.0921891590852777
0 1.05 24 0.8036746853447368 -0.2102522076222644 1.0580084283373221
0 1.1 10 0.83760101394033 -0.19440197795525743 1.3670179825701967
0 1.1 12 0.8300850493147923 -0.19700190159220907 1.356535661347274
0 1.1 14 0.8251901217826927 -0.19885954450240756 1.2791582958822678
0 1.1 16 0.8218319123682364 -0.20025285241967516 1.2102281569498032
0 1.1 18 0.8194301910474336 -0.201336546862085 1.155518494985398
0 1.1 20 0.8176539175540651 -0.2022035038918708 1.1108465672141739
0 1.1 22 0.8163035718480847 -0.20291283258019288 1.0737275721490156
0 1.1 24 0.8152532153972262 -0.20350393985041929 1.0425814598658887
0 1.15 10 0.8467614501243952 -0.18784505370108523 1.3575593219529107
0 1.15 12 0.8402154829233154 -0.19040302222930305 1.3248484216612935
0 1.15 14 0.8359495194646294 -0.1922304615425457 1.2501120205945022
0 1.15 16 0.8330198869340754 -0.19360107975167146 1.1855736744593823
0 1.15 18 0.830922542409478 -0.19466712091313212 1.1345841908211045
0 1.15 20 0.8293699583052185 -0.19551995443886094 1.093280871216892
0 1.15 22 0.8281887205923765 -0.19621772739880505 1.0592159870193087
0 1.15 24 0.8272692659948925 -0.19679920487499833 1.030805515086613
0 1.2 10 0.8567432211516308 -0.18136264443395728 1.3440479796285352
0 1.2 12 0.8510400514707025 -0.18387598706926866 1.2967510074909971
0 1.2 14 0.8473190213526909 -0.18567141121439593 1.2255651415676154
0 1.2 16 0.8447601593372129 -0.1870179986349357 1.165197990344421
0 1.2 18 0.842925941966788 -0.18806534651829127 1.1177002312533957
0 1.2 20 0.8415666469457773 -0.18890322505880544 1.079499995174752
0 1.2 22 0.840531487594563 -0.18958876207264977 1.0482127495769855
0 1.2 24 0.8397250782472419 -0.19016004292046954 1.0222704531993487
0 1.25 10 0.8674937004894795 -0.17497441754661755 1.325906654551857
0 1.25 12 0.8625238832805558 -0.1774407096254561 1.272580017403081
0 1.25 14 0.8592760928044803 -0.17920244564978502 1.2050957746717375
0 1.25 16 0.8570389517174457 -0.18052375707264676 1.1486672569496221
0 1.25 18 0.8554329683338233 -0.18155144464408435 1.1044400075577434
0 1.25 20 0.8542412934986382 -0.18237359479023452 1.069099367238666
0 1.25 22 0.8533327906848145 -0.1830462631004301 1.0403406089349667
0 1.25 24 0.8526243808120609 -0.18360682002647025 1.0166267850873778
0 1.3 10 0.878970322706626 -0.16869818097124 1.3068700572330736
0 1.3 12 0.8746393325824471 -0.1711152469308903 1.2521352446808864
0 1.3 14 0.8718033375913148 -0.1728417759886484 1.1883283596276473
0 1.3 16 0.8698460716565937 -0.17413667726026655 1.1356047599989731
0 1.3 18 0.8684386297278329 -0.1751438230754798 1.094435105563007
0 1.3 20 0.8673927667556872 -0.17594953976059508 1.06173005046472
0 1.3 22 0.866594438277304 -0.1766087625058361 1.0352746345930257
0 1.3 24 0.8659712704222399 -0.17715811479378737 1.013574185885682
0 1.35 10 0.8911378105135648 -0.1625497972852807 1.290021202489392
0 1.35 12 0.8873637490136461 -0.1649157187563181 1.2351573096879545
0 1.35 14 0.8848866663357023 -0.16660569096027406 1.1749289725723038
0 1.35 16 0.8831733938389917 -0.1678731722012938 1.1256809582981455
0 1.35 18 0.881939087440169 -0.1688589911008415 1.0873648990045883
0 1.35 20 0.8810204032699769 -0.1696476462323599 1.0570888173016129
0 1.35 22 0.8803181819286887 -0.17029290952269607 1.0327328471460377
0 1.35 24 0.8797693772117247 -0.17083062893137954 1.0128525847111545
0 1.4 10 0.9039660640368254 -0.15654313277562154 1.2756977107417
0 1.4 12 0.9006777817015208 -0.15885625787155822 1.2213843033098188
0 1.4 14 0.8985139176331632 -0.16050850482876428 1.1645999026563472
0 1.4 16 0.8970137268424514 -0.16174769100136482 1.1186055175032423
0 1.4 18 0.8959307090555988 -0.16271150253173433 1.08294836081401
0 1.4 20 0.8951232021078982 -0.16348255176021043 1.054910363125031
0 1.4 22 0.8945050200271747 -0.16411341022015422 1.0324688753388032
0 1.4 24 0.8940212537306721 -0.16463912560346192 1.014235181235449
0 1.45 10 0.9174285552621424 -0.15069004155279547 1.263864844421615
0 1.45 12 0.914564099940882 -0.15294899258905129 1.2105672912473566
0 1.45 14 0.9126738325533206 -0.15456253660727343 1.1570746542346837
0 1.45 16 0.911359980814905 -0.1557726950496373 1.114120959806144
0 1.45 18 0.9104093805583724 -0.1567139294183821 1.0809375795586118
0 1.45 20 0.9096992457466907 -0.15746691691481698 1.054961139455841
0 1.45 22 0.9091547021075562 -0.15808299759380137 1.0342661412687113
0 1.45 24 0.9087279444647361 -0.1585963981596273 1.0175229187132322
