0 0.3 10 1.1206201021107962 -0.28859882247284474 3.1861728646795417
0 0.3 12 1.0054625405786048 -0.2912045181768446 2.868636362674464
0 0.3 14 0.9262995519057973 -0.29311791721170827 2.642932891802365
0 0.3 16 0.8696503745630523 -0.2945852331283018 2.414846799997218
0 0.3 18 0.8277628398415394 -0.29574679589297403 2.006117860332378
0 0.3 20 0.7959300624543985 -0.2966889298307328 2.251753365727859
0 0.3 22 0.7711712640232363 -0.2974679632915777 2.1288936734961013
0 0.3 24 0.7515313151631374 -0.29812238417006354 2.021986752631804
0 0.35 10 1.0158629399461054 -0.2844844895214043 2.8576670267598954
0 0.35 12 0.9249790172393711 -0.2871181192546156 2.589698118655927
0 0.35 14 0.8634333524994122 -0.28905642707213886 2.3156353289626623
0 0.35 16 0.8198874217357094 -0.29054325835559014 1.94411953390475
0 0.35 18 0.7879488251175303 -0.29171900453414934 2.1577856705984546
0 0.35 20 0.7638175015375775 -0.2926709205293912 2.0328109474794354
0 0.35 22 0.745131384592814 -0.29345641132810124 1.9289622596037155
0 0.35 24 0.7303629909075183 -0.2941149069346598 1.6150088205213868
0 0.4 10 0.9449712797533814 -0.27996709806669207 2.566857865634811
0 0.4 12 0.8722819081621339 -0.28263670243212213 2.2829006104449854
0 0.4 14 0.8236161355188302 -0.28460144893281103 2.257087276702572
0 0.4 16 0.789435153411371 -0.2861059941735809 2.102894315782909
0 0.4 18 0.7644844171015706 -0.2872928571719752 1.9756499664764235
0 0.4 20 0.7456986885010736 -0.28825134166435123 1.6415098130411678
0 0.4 22 0.731196201147904 -0.28904043287454295 1.5850815878020654
0 0.4 24 0.7197681483361891 -0.2897006655890082 1.5400281239381457
0 0.45 10 0.8962584002048551 -0.27509464804124995 2.2966974385140118
0 0.45 12 0.837424150732469 -0.2778018223850854 2.236923839348073
0 0.45 14 0.798326903069985 -0.27979008434001873 2.077083376818216
0 0.45 16 0.7709814009469221 -0.2813081175862143 1.9433464940371439
0 0.45 18 0.7510778053645742 -0.28250207532396204 1.6281653411924162
0 0.45 20 0.7361317309283623 -0.2834638357366276 1.570677017476876
0 0.45 22 0.7246252610421416 -0.2842540287684662 1.5258193866610308
0 0.45 24 0.7155840522915157 -0.28491418263227725 1.4902203388464654
0 0.5 10 0.86262375317681 -0.2699079461091402 2.228430931642299
0 0.5 12 0.8144526069629832 -0.27264912192735385 2.0685067788084925
0 0.5 14 0.7825740984357701 -0.2746554088063372 1.928689449679573
0 0.5 16 0.7603309131233953 -0.27618190174276797 1.6284885917304006
0 0.5 18 0.744177815779766 -0.27737906092326875 1.5675044847548687
0 0.5 20 0.7320795025168287 -0.2783413111268835 1.5211877135320968
0 0.5 22 0.722791571874632 -0.2791306914630599 1.485279954800955
0 0.5 24 0.7155139508115855 -0.2797894761017805 1.4569958590307799
0 0.55 10 0.8395334682492944 -0.2644425433424413 2.0681161015022713
0 0.55 12 0.7996527415361575 -0.26721082572319893 1.9257243746889563
0 0.55 14 0.7733144310583911 -0.2692286767300204 1.6409131194490139
0 0.55 16 0.7549696306164414 -0.2707587859078601 1.5733942736782838
0 0.55 18 0.7416787294833657 -0.2719558368146682 1.523773203156453
0 0.55 20 0.7317513483388558 -0.2729164065633025 1.4863093744439078
0 0.55 22 0.7241511223063084 -0.2737035694580865 1.4574664540951638
0 0.55 24 0.7182109838134443 -0.2743600693842376 1.4339825055083495
0 0.6 10 0.823996816630556 -0.25873059213689614 1.9346926623307104
0 0.6 12 0.7906381516585795 -0.2615174630436642 1.797683170858143
0 0.6 14 0.7686312867888293 -0.26354049127403306 1.5876480460303408
0 0.6 16 0.7533320034956518 -0.26506999739504694 1.5323832366767234
0 0.6 18 0.7422761298515003 -0.2662642844673286 1.491921069579622
0 0.6 20 0.7340408108808215 -0.2672215163079838 1.4615308254692798
0 0.6 22 0.7277518469771621 -0.26800540774707055 1.3630182235898232
0 0.6 24 0.7228469209891066 -0.2686589260557964 1.3566677921173689
0 0.65 10 0.8139970679722481 -0.2528022868746677 1.821068062983783
0 0.65 12 0.785839202992589 -0.2555988686655891 1.6109716218110868
0 0.65 14 0.7672816664895802 -0.2576212974543183 1.546700484715966
0 0.65 16 0.7544086327927746 -0.25914669531184115 1.5013956321146198
0 0.65 18 0.745130976930149 -0.26033611121863026 1.4682808763540744
0 0.65 20 0.7382377280835628 -0.2612887019767987 1.3718022001516268
0 0.65 22 0.7329847095331924 -0.2620684717590867 1.365327317316992
0 0.65 24 0.7288943944107003 -0.26271841559168496 1.360538893708496
0 0.7 10 0.8081515875680292 -0.2466868183083048 1.72236664047257
0 0.7 12 0.7842011498535755 -0.24948465675158113 1.5672801171910273
0 0.7 14 0.768437152465773 -0.25150149892706636 1.5145482451316903
0 0.7 16 0.7575286164486381 -0.2530199112146587 1.4772486015505546
0 0.7 18 0.7496868814333113 -0.25420274140823074 1.3804273637109554
0 0.7 20 0.7438730357410637 -0.2551496000411915 1.3735726525183258
0 0.7 22 0.7394497604879605 -0.2559244962292284 1.3686407063278043
0 0.7 24 0.7360095248237888 -0.2565703066692529 1.3252997600592458
0 0.75 10 0.8054987683969314 -0.24041290740093868 1.6356562884669157
0 0.75 12 0.7850005781543279 -0.24320436123750608 1.5317632011033875
0 0.75 14 0.7715319093301258 -0.24521139111923848 1.4883763094427127
0 0.75 16 0.7622347935955334 -0.24672042042393785 1.3886653398591482
0 0.75 18 0.7555663793926353 -0.24789520036183577 1.3811003973973528
0 0.75 20 0.7506307125456093 -0.2488353446951186 1.3758220269463652
0 0.75 22 0.7468798890757951 -0.24960464876749774 1.324032390067259
0 0.75 24 0.7439648787625037 -0.25024576394158454 1.2628906379076468
0 0.8 10 0.8053605078481166 -0.23400902707988686 1.5592955153867794
0 0.8 12 0.7877316250794817 -0.23678738629105942 1.5019851030534686
0 0.8 14 0.7761713198716529 -0.23878101631657372 1.4563796250948038
0 0.8 16 0.7682097310999212 -0.24027859793509707 1.3876791891133076
0 0.8 18 0.7625094177833589 -0.241444005394584 1.3818362651774088
0 0.8 20 0.7582953066816529 -0.2423764972571191 1.3295691561925267
0 0.8 22 0.7550951737471436 -0.24313948985444114 1.266193524019019
0 0.8 24 0.7526092397481435 -0.2437753291688954 1.2108713620907374
0 0.85 10 0.8072519399184619 -0.2275034150318466 1.5178945265739987
0 0.85 12 0.7920342998079757 -0.23026285876420097 1.4753719098804148
0 0.85 14 0.7820756178443844 -0.23223999146700308 1.3931815499447646
0 0.85 16 0.7752301740701412 -0.23372427458535025 1.386481521225368
0 0.85 18 0.770335270635032 -0.2348790590941462 1.3419414798719043
0 0.85 20 0.7667192433893688 -0.235802969346193 1.2754810876933391
0 0.85 22 0.7639743492608795 -0.23655891608426252 1.2176610135190944
0 0.85 24 0.7618424626338718 -0.2371888766620989 1.1675400288730955
0 0.9 10 0.8108215425838055 -0.2209239583153278 1.4861354918571112
0 0.9 12 0.7976485391619752 -0.22365943605439442 1.4401571516256184
0 0.9 14 0.7890440874692208 -0.22561732964190623 1.3895719609770023
0 0.9 16 0.7831379472989759 -0.2270865940161192 1.3629558024958304
0 0.9 18 0.7789180042854581 -0.22822953703293397 1.291181559647546
0 0.9 20 0.7758016602523253 -0.22914393110366596 1.2298289716129798
0 0.9 22 0.7734363205851287 -0.22989208044340048 1.1770242889678435
0 0.9 24 0.7715992106510375 -0.23051554016717468 1.1315563913006381
0 0.95 10 0.81581102609304 -0.21429800693349024 1.4570805047784983
0 0.95 12 0.8043841574479229 -0.21700509822077454 1.39108893315665
0 0.95 14 0.7969316060518375 -0.21894126207463424 1.3847793782189972
0 0.95 16 0.7918206904335887 -0.2203938672200884 1.3153278363475465
0 0.95 18 0.7881701117463253 -0.2215237647070938 1.2480683068717544
0 0.95 20 0.7854742587082056 -0.22242770104558468 1.1914290142460964
0 0.95 22 0.7834278208942533 -0.22316728896039895 1.1431504973344782
0 0.95 24 0.7818381240771625 -0.2237836129500063 1.101853878740764
0 1.0 10 0.8220281825014437 -0.20765215443448456 1.4290122743920834
0 1.0 12 0.8121007295878151 -0.21032693918139866 1.3836682696008986
0 1.0 14 0.8056327843299749 -0.21223906248679317 1.3526041241583873
0 1.0 16 0.8011986883286633 -0.2136734225141595 1.2744702582804335
0 1.0 18 0.7980312724841521 -0.2147890824015675 1.211618982190061
0 1.0 20 0.7956915900512143 -0.215681618505951 1.1593093246018435
0 1.0 22 0.7939149568333845 -0.216411876776265 1.1151225577599968
0 1.0 24 0.7925344153849423 -0.21702042559630877 1.0775721872702748
0 1.05 10 0.8293282651631808 -0.20101201004881744 1.3993242189504236
0 1.05 12 0.8206937791647784 -0.20365096467743538 1.3750086684991125
0 1.05 14 0.8150709230358371 -0.20553687457694378 1.3131707482286203
0 1.05 16 0.811215619673708 -0.2069514512987501 1.2396646901786335
0 1.05 18 0.808460444623884 -0.20805170008606733 1.1810012359665494
0 1.05 20 0.8064242343379686 -0.20893190265186928 1.132670061933056
0 1.05 22 0.8048772841190427 -0.20965206895012428 1.0921891590852777
0 1.05 24 0.8036746853447368 -0.2102522076222644 1.0580084283373221
0 1.1 10 0.83760101394033 -0.19440197795525743 1.3670179825701967
0 1.1 12 0.8300850493147923 -0.19700190159220907 1.356535661347274
0 1.1 14 0.8251901217826927 -0.19885954450240756 1.2791582958822678
0 1.1 16 0.8218319123682364 -0.20025285241967516 1.2102281569498032
0 1.1 18 0.8194301910474336 -0.201336546862085 1.155518494985398
0 1.1 20 0.8176539175540651 -0.2022035038918708 1.1108465672141739
0 1.1 22 0.8163035718480847 -0.20291283258019288 1.0737275721490156
0 1.1 24 0.8152532153972262 -0.20350393985041929 1.0425814598658887
0 1.15 10 0.8467614501243952 -0.18784505370108523 1.3575593219529107
0 1.15 12 0.8402154829233154 -0.19040302222930305 1.3248484216612935
0 1.15 14 0.8359495194646294 -0.1922304615425457 1.2501120205945022
0 1.15 16 0.8330198869340754 -0.19360107975167146 1.1855736744593823
0 1.15 18 0.830922542409478 -0.19466712091313212 1.1345841908211045
0 1.15 20 0.8293699583052185 -0.19551995443886094 1.093280871216892
0 1.15 22 0.8281887205923765 -0.19621772739880505 1.0592159870193087
0 1.15 24 0.8272692659948925 -0.19679920487499833 1.030805515086613
0 1.2 10 0.8567432211516308 -0.18136264443395728 1.3440479796285352
0 1.2 12 0.8510400514707025 -0.18387598706926866 1.2967510074909971
0 1.2 14 0.8473190213526909 -0.18567141121439593 1.2255651415676154
0 1.2 16 0.8447601593372129 -0.1870179986349357 1.165197990344421
0 1.2 18 0.842925941966788 -0.18806534651829127 1.1177002312533957
0 1.2 20 0.8415666469457773 -0.18890322505880544 1.079499995174752
0 1.2 22 0.840531487594563 -0.18958876207264977 1.0482127495769855
0 1.2 24 0.8397250782472419 -0.19016004292046954 1.0222704531993487
0 1.25 10 0.8674937004894795 -0.17497441754661755 1.325906654551857
0 1.25 12 0.8625238832805558 -0.1774407096254561 1.272580017403081
0 1.25 14 0.8592760928044803 -0.17920244564978502 1.2050957746717375
0 1.25 16 0.8570389517174457 -0.18052375707264676 1.1486672569496221
0 1.25 18 0.8554329683338233 -0.18155144464408435 1.1044400075577434
0 1.25 20 0.8542412934986382 -0.18237359479023452 1.069099367238666
0 1.25 22 0.8533327906848145 -0.1830462631004301 1.0403406089349667
0 1.25 24 0.8526243808120609 -0.18360682002647025 1.0166267850873778
0 1.3 10 0.878970322706626 -0.16869818097124 1.3068700572330736
0 1.3 12 0.8746393325824471 -0.1711152469308903 1.2521352446808864
0 1.3 14 0.8718033375913148 -0.1728417759886484 1.1883283596276473
0 1.3 16 0.8698460716565937 -0.17413667726026655 1.1356047599989731
0 1.3 18 0.8684386297278329 -0.1751438230754798 1.094435105563007
0 1.3 20 0.8673927667556872 -0.17594953976059508 1.06173005046472
0 1.3 22 0.866594438277304 -0.1766087625058361 1.0352746345930257
0 1.3 24 0.8659712704222399 -0.17715811479378737 1.013574185885682
0 1.35 10 0.8911378105135648 -0.1625497972852807 1.290021202489392
0 1.35 12 0.8873637490136461 -0.1649157187563181 1.2351573096879545
0 1.35 14 0.8848866663357023 -0.16660569096027406 1.1749289725723038
0 1.35 16 0.8831733938389917 -0.1678731722012938 1.1256809582981455
0 1.35 18 0.881939087440169 -0.1688589911008415 1.0873648990045883
0 1.35 20 0.8810204032699769 -0.1696476462323599 1.0570888173016129
0 1.35 22 0.8803181819286887 -0.17029290952269607 1.0327328471460377
0 1.35 24 0.8797693772117247 -0.17083062893137954 1.0128525847111545
0 1.4 10 0.9039660640368254 -0.15654313277562154 1.2756977107417
0 1.4 12 0.9006777817015208 -0.15885625787155822 1.2213843033098188
0 1.4 14 0.8985139176331632 -0.16050850482876428 1.1645999026563472
0 1.4 16 0.8970137268424514 -0.16174769100136482 1.1186055175032423
0 1.4 18 0.8959307090555988 -0.16271150253173433 1.08294836081401
0 1.4 20 0.8951232021078982 -0.16348255176021043 1.054910363125031
0 1.4 22 0.8945050200271747 -0.16411341022015422 1.0324688753388032
0 1.4 24 0.8940212537306721 -0.16463912560346192 1.014235181235449
0 1.45 10 0.9174285552621424 -0.15069004155279547 1.263864844421615
0 1.45 12 0.914564099940882 -0.15294899258905129 1.2105672912473566
0 1.45 14 0.9126738325533206 -0.15456253660727343 1.1570746542346837
0 1.45 16 0.911359980814905 -0.1557726950496373 1.114120959806144
0 1.45 18 0.9104093805583724 -0.1567139294183821 1.0809375795586118
0 1.45 20 0.9096992457466907 -0.15746691691481698 1.054961139455841
0 1.45 22 0.9091547021075562 -0.15808299759380137 1.0342661412687113
0 1.45 24 0.9087279444647361 -0.1585963981596273 1.0175229187132322
0.125 0.3 10 1.230644549174824 -0.2723626609211481 3.2280930370479317
0.125 0.3 12 1.135910151989527 -0.2750810154615181 2.9261241786065657
0.125 0.3 14 1.073968643592886 -0.2770734438547571 2.7170495395424474
0.125 0.3 16 1.0312823637718225 -0.2785948992636481 2.261792488088013
0.125 0.3 18 1.000448344754639 -0.27979292321481614 2.13366387156222
0.125 0.3 20 0.9772753090837888 -0.280759326172618 2.3739857401750717
0.125 0.3 22 0.9593029294877169 -0.2815543882134272 2.2635589849362128
0.125 0.3 24 0.945023057640752 -0.2822193426835391 2.1678815558450766
0.125 0.35 10 1.1469308182370392 -0.2662256561218809 2.9145524298557794
0.125 0.35 12 1.0759889853604192 -0.2689789790920429 2.6556509041876963
0.125 0.35 14 1.0299053658093833 -0.2709925283882895 2.2088226398607813
0.125 0.35 16 0.9980079342143842 -0.27252542091959314 2.0783845073338116
0.125 0.35 18 0.9747757899874293 -0.2737287832167381 2.286500610616079
0.125 0.35 20 0.9571998568742447 -0.2746969446752097 2.173309096673312
0.125 0.35 22 0.943531363965674 -0.27549178920448847 1.8458159198724373
0.125 0.35 24 0.9326823052845767 -0.2761555129162956 1.7994643700173394
0.125 0.4 10 1.0941309391856742 -0.25988149868273575 2.636552472395117
0.125 0.4 12 1.0395489618561413 -0.26266313110854717 2.1966670545481373
0.125 0.4 14 1.0039124373987292 -0.2646898485400852 2.3729228265257123
0.125 0.4 16 0.9790218408251405 -0.2662273070909228 2.2330498419960407
0.125 0.4 18 0.9607850713830957 -0.2674307969280642 1.8785231152245956
0.125 0.4 20 0.9469752060944899 -0.26839701203346966 1.8204662872091264
0.125 0.4 22 0.9362665317407306 -0.2691890882219078 1.7759196626626677
0.125 0.4 24 0.9278083982375137 -0.2698498465076535 1.741217710242205
0.125 0.45 10 1.0602553392880425 -0.25336643605127773 2.518143334634103
0.125 0.45 12 1.017045272892762 -0.25616609994494416 2.3497100791430006
0.125 0.45 14 0.9885554149579227 -0.2581974294490609 2.203451033046505
0.125 0.45 16 0.968529155635587 -0.25973335833427696 1.86934729854933
0.125 0.45 18 0.9538502732058006 -0.2609329194423584 1.8092329385941877
0.125 0.45 20 0.9427756296469978 -0.26189455925236943 1.7644374054595715
0.125 0.45 22 0.9342341203560544 -0.26268216355797935 1.7304245199223753
0.125 0.45 24 0.9275245093482049 -0.2633388310794594 1.7041814615727737
0.125 0.5 10 1.03837644300476 -0.2467116201531288 2.3361205246981918
0.125 0.5 12 1.0032716003505078 -0.2495181096635003 2.187857675652607
0.125 0.5 14 0.9799338821398349 -0.25154636115494244 1.873645227713216
0.125 0.5 16 0.9635090081057633 -0.2530759156482064 1.8082568703664785
0.125 0.5 18 0.9515147447115595 -0.2542685705601508 1.7611677381026318
0.125 0.5 20 0.9425154258716084 -0.2552237834412866 1.7264124321539924
0.125 0.5 22 0.9356116786494226 -0.25600572015427864 1.7002336682908084
0.125 0.5 24 0.9302124340897517 -0.2566574814032309 1.608266348575663
0.125 0.55 10 1.0244001203566004 -0.23994571241049428 2.1837442135774294
0.125 0.55 12 0.9952921118842549 -0.24274851357469351 1.8910455405623425
0.125 0.55 14 0.975867583413409 -0.24476734158754995 1.815854295626051
0.125 0.55 16 0.9622366338248557 -0.24628681815896894 1.7640847208994
0.125 0.55 18 0.9523368910476406 -0.24747036172352033 1.727079384898805
0.125 0.55 20 0.9449486285570742 -0.24841776105904892 1.6998026568056317
0.125 0.55 22 0.939304654509294 -0.24919309215332539 1.6135825426452068
0.125 0.55 24 0.9349039308415844 -0.2498392633173325 1.6091223282842126
0.125 0.6 10 1.015860830126898 -0.23309625285728988 2.0548290330821732
0.125 0.6 12 0.9913764393963163 -0.2358862484386043 1.8320167802195515
0.125 0.6 14 0.9750473689702662 -0.23789059800785475 1.772307828585304
0.125 0.6 16 0.9636462053575229 -0.23939714178160573 1.7312410409803913
0.125 0.6 18 0.9554105646834262 -0.2405698487915909 1.7012911844397105
0.125 0.6 20 0.9492901954771025 -0.2415082932248221 1.6186428086797113
0.125 0.6 22 0.9446282706599742 -0.24227619399212214 1.6140920240651826
0.125 0.6 24 0.9409999924455288 -0.24291613596884795 1.6037828473626832
0.125 0.65 10 1.0112367567445881 -0.22619019815954472 1.9425127150961743
0.125 0.65 12 0.9904493222785751 -0.22895979446145273 1.7859192919757194
0.125 0.65 14 0.9766350882782128 -0.23094564345157473 1.7383471539335504
0.125 0.65 16 0.9670421539523935 -0.23243696342395384 1.7042629404952574
0.125 0.65 18 0.9601434410849554 -0.2335973805490852 1.6230544044056208
0.125 0.65 20 0.9550317228384607 -0.2345258460092461 1.618221241303111
0.125 0.65 22 0.9511450154049945 -0.2352855345289549 1.5904532902023598
0.125 0.65 24 0.948123210904327 -0.23591861764956945 1.520462581047343
0.125 0.7 10 1.0095572954119607 -0.21925399422482675 1.8435830939170048
0.125 0.7 12 0.9918071285009534 -0.2219969596742515 1.748496742554341
0.125 0.7 14 0.9800687234757761 -0.22396103547149232 1.7093887136775991
0.125 0.7 16 0.9719563261460354 -0.22543519095776712 1.6265039994380914
0.125 0.7 18 0.9661410523140769 -0.22658201096219643 1.6211535777171093
0.125 0.7 20 0.9618400254246149 -0.22749952671767648 1.5863580519010103
0.125 0.7 22 0.9585729173418985 -0.22825023559042326 1.514689114799823
0.125 0.7 24 0.9560341382871813 -0.22887582970314427 1.4524659927832666
0.125 0.75 10 1.0101798748666455 -0.21231342763488964 1.7622234945086963
0.125 0.75 12 0.9949699534077447 -0.2150246319396413 1.7164454954712784
0.125 0.75 14 0.9849610583724329 -0.21696417737051038 1.6287786516604024
0.125 0.75 16 0.978069404472574 -0.21841944031891602 1.6225948667110293
0.125 0.75 18 0.9731393246773365 -0.21955143619170867 1.5908568498989064
0.125 0.75 20 0.9694965709899153 -0.22045705895943746 1.5166264790562352
0.125 0.75 22 0.9667306822655177 -0.22119802854775344 1.4523081461618936
0.125 0.75 24 0.9645817689428258 -0.22181550437712383 1.396895510408321
0.125 0.8 10 1.0126636416778199 -0.20539339469284212 1.7241311963063488
0.125 0.8 12 0.9996014270232177 -0.20806855067062982 1.6826107573886766
0.125 0.8 14 0.9910421799540118 -0.20998115794172342 1.6223213770869482
0.125 0.8 16 0.9851633272772503 -0.21141593514026313 1.6051530222396728
0.125 0.8 18 0.980962359305191 -0.21253193199238277 1.5262815387336417
0.125 0.8 20 0.9778594676244744 -0.21342474044041865 1.458743278404375
0.125 0.8 22 0.9755036264334116 -0.21415522213758464 1.4009415750691703
0.125 0.8 24 0.9736731983832336 -0.21476395727460704 1.3514849094155772
0.125 0.85 10 1.0166972144148436 -0.19851765809389474 1.6896772405171814
0.125 0.85 12 1.0054624052193375 -0.20115311042334352 1.6261927792561768
0.125 0.85 14 0.9981238240016842 -0.20303661665125677 1.614352661616183
0.125 0.85 16 0.993090357882631 -0.20444941280744777 1.5454225432494895
0.125 0.85 18 0.9894947485216501 -0.2055482813311887 1.47222605949629
0.125 0.85 20 0.9868387795568946 -0.20642738060650695 1.4107831866251348
0.125 0.85 22 0.9848218416062182 -0.20714664439100935 1.3587324417915692
0.125 0.85 24 0.9832543758585383 -0.20774603100235722 1.3144959611791727
0.125 0.9 10 1.0220560743160036 -0.1917086226443543 1.6565194112578248
0.125 0.9 12 1.0123821034209857 -0.19430119463587617 1.6093774294206906
0.125 0.9 14 1.0060755927750114 -0.19615362425503177 1.5777281583391887
0.125 0.9 16 1.0017520040503776 -0.19754303027799033 1.4946684520415188
0.125 0.9 18 0.9986628298667518 -0.19862369145095993 1.4271548925092068
0.125 0.9 20 0.9963800221205841 -0.19948822214184486 1.3711916517203382
0.125 0.9 22 0.9946457367813321 -0.2001955656919723 1.3242251761194948
0.125 0.9 24 0.9932974227841318 -0.20078501868858686 1.284574053910468
0.125 0.95 10 1.0285761593434248 -0.18498714219024168 1.620472802395812
0.125 0.95 12 1.020238733654037 -0.18753403534343327 1.5968195240329632
0.125 0.95 14 1.0148082597912669 -0.18935357440082307 1.5293785282854604
0.125 0.95 16 1.0110841959887502 -0.1907182698048459 1.4519860307715104
0.125 0.95 18 1.0084216598668003 -0.19177970477202336 1.3897610749087848
0.125 0.95 20 1.0064528050744348 -0.1926288534139084 1.3387241499325504
0.125 0.95 22 1.0049561332035506 -0.1933236114802092 1.2962628670940264
0.125 0.95 24 1.003791941683847 -0.1939025765467719 1.2606475385808722
0.125 1.0 10 1.0361364940486038 -0.17837236144242838 1.5871170122888592
0.125 1.0 12 1.0289457530811597 -0.1808710963048443 1.5692345897094837
0.125 1.0 14 1.0242616706175836 -0.1826560863889001 1.4881660345002854
0.125 1.0 16 1.0210466392047526 -0.18399484863403087 1.4163171669363324
0.125 1.0 18 1.0187457573270073 -0.18503611035090764 1.3589755267312629
0.125 1.0 20 1.0170428024005522 -0.18586911997178768 1.3123735431661148
0.125 1.0 22 1.0157472559786291 -0.18655067332614983 1.273913442704071
0.125 1.0 24 1.0147388396692718 -0.1871186344580267 1.2418567944522159
0.125 1.05 10 1.0446470963029146 -0.17188159327529134 1.570974634757928
0.125 1.05 12 1.0384417370275882 -0.1743299792509567 1.530755662443543
0.125 1.05 14 1.0343958195258558 -0.17607892211136725 1.4533908957480939
0.125 1.05 16 1.0316150544329263 -0.17739063846777367 1.3867655512186996
0.125 1.05 18 1.0296224053686598 -0.17841086320087957 1.333918665057683
0.125 1.05 20 1.0281459452442403 -0.17922704307646992 1.2913153963348336
0.125 1.05 22 1.027021645736099 -0.1798948266199523 1.2564165240029217
0.125 1.05 24 1.0261458150235419 -0.18045131290708485 1.2275034161421043
0.125 1.1 10 1.0540401889913649 -0.16553023124337315 1.5517373975130597
0.125 1.1 12 1.0486827893780677 -0.1679263545976394 1.4973862174942465
0.125 1.1 14 1.0451842225472021 -0.16963792139294456 1.4243330715923903
0.125 1.1 16 1.0427754776208555 -0.1709216007099509 1.3625773477026861
0.125 1.1 18 1.0410467504926129 -0.17192001831761364 1.3138602377591064
0.125 1.1 20 1.0397641646297318 -0.1727187524350253 1.2748675008676644
0.125 1.1 22 1.0387864092239074 -0.17337226217019155 1.2431446687913654
0.125 1.1 24 1.0380240096978492 -0.17391685361640438 1.2170132431413896
0.125 1.15 10 1.0642636546813597 -0.15933169690800605 1.5267771198082265
0.125 1.15 12 1.059636837482176 -0.16167391862614858 1.4690769792121365
0.125 1.15 14 1.056609004643709 -0.16334695991918038 1.400354717683348
0.125 1.15 16 1.0545200736586127 -0.16460174278537887 1.3431154590874173
0.125 1.15 18 1.0530182110492927 -0.16557768515636492 1.2981883476666458
0.125 1.15 20 1.0519022649745757 -0.16635843906387848 1.2624597014641052
0.125 1.15 22 1.0510504545720565 -0.16699723771629918 1.2335747098132679
0.125 1.15 24 1.0503855290300257 -0.16752956992671456 1.2099090770320817
0.125 1.2 10 1.0752761249157277 -0.15329742137254138 1.5036070417314247
0.125 1.2 12 1.0712793778028877 -0.15558437892014523 1.4454200913714799
0.125 1.2 14 1.068657294384953 -0.15721793307819845 1.3809001131652057
0.125 1.2 16 1.0668440916534867 -0.15844309953374455 1.3278376427239555
0.125 1.2 18 1.0655378728529197 -0.15939600683147323 1.2863857490393646
0.125 1.2 20 1.0645656571005742 -0.16015833267325227 1.2536111482842214
0.125 1.2 22 1.0638224844843331 -0.16078205381676633 1.2272662678749
0.125 1.2 24 1.0632416387857262 -0.16130182143637764 1.2057902871545887
0.125 1.25 10 1.0870433204368366 -0.14743685995626135 1.4836630091941854
0.125 1.25 12 1.0835903575594104 -0.14966746901243835 1.4259899511563696
0.125 1.25 14 1.0813186291714663 -0.1512607677093934 1.3654856989397055
0.125 1.25 16 1.0797436979322643 -0.15245574209557924 1.3162789995999935
0.125 1.25 18 1.0786066481318315 -0.15338516663876972 1.2780116260652277
0.125 1.25 20 1.077758763698401 -0.1541287062745055 1.2479129417551762
0.125 1.25 22 1.0771095908432207 -0.15473705688563136 1.2238454353075885
0.125 1.25 24 1.0766015076471982 -0.15524401572824006 1.204317384480147
0.125 1.3 10 1.0995353725850476 -0.14175753820756376 1.4669227947756474
0.125 1.3 12 1.0965519492084679 -0.14393099201036746 1.4103883364527567
0.125 1.3 14 1.094583145570911 -0.14548346222144506 1.353689521207765
0.125 1.3 16 1.0932144909603037 -0.14664781503530697 1.3080381412248288
0.125 1.3 18 1.0922240326467783 -0.14755342278708194 1.272687474795424
0.125 1.3 20 1.0914839581968114 -0.14827790898888343 1.2450147376861298
0.125 1.3 22 1.0909163326445086 -0.14887067042674088 1.2229922354277158
0.125 1.3 24 1.090471393754054 -0.1493646382916216 1.2052002245878943
0.125 1.35 10 1.1127249185618195 -0.13626512658889126 1.4532256069656735
0.125 1.35 12 1.1101470228683672 -0.13838089167944004 1.3982533477292034
0.125 1.35 14 1.1084403781431023 -0.13989215402137203 1.3451418701064375
0.125 1.35 16 1.1072505462614854 -0.14102560084354224 1.3027662619318363
0.125 1.35 18 1.1063873318225828 -0.14190717059692645 1.2700860679128039
0.125 1.35 20 1.105740926310182 -0.14261242639975455 1.2446142958330504
0.125 1.35 22 1.105244201019659 -0.14318945387480242 1.2244308752010602
0.125 1.35 24 1.1048541904878089 -0.14367031010400672 1.2081888922000095
0.125 1.4 10 1.1265858025414275 -0.1309635403074662 1.4423851465129522
0.125 1.4 12 1.1243581577684223 -0.13302134826110265 1.3892591758305366
0.125 1.4 14 1.1228785252431077 -0.13449121183883514 1.3395173872843302
0.125 1.4 16 1.1218438693944197 -0.13559360954959224 1.3001584659834382
0.125 1.4 18 1.1210912505302661 -0.13645102999230885 1.269922751972865
0.125 1.4 20 1.120526357877177 -0.13713696634652056 1.2464492422030364
0.125 1.4 22 1.120091389029279 -0.13769818699996786 1.2279220894464027
0.125 1.4 24 1.1197492570984566 -0.13816587087784069 1.2130665881328075
0.125 1.45 10 1.1410922435206938 -0.1258550600470527 1.4342116695967873
0.125 1.45 12 1.1391670626008998 -0.1278548953157547 1.3831132466301386
0.125 1.45 14 1.1378840670291384 -0.12928334943950284 1.3365285278176906
0.125 1.45 16 1.1369841571613521 -0.13035469004367642 1.2999468378877281
0.125 1.45 18 1.1363277586358094 -0.1311879549583986 1.2719485236749584
0.125 1.45 20 1.135833890248367 -0.13185456689018776 1.2502905151921975
0.125 1.45 22 1.135452794529525 -0.1323999766525601 1.2332570693514235
0.125 1.45 24 1.135152467995291 -0.1328544847878727 1.2196440263303485
0.25 0.3 10 1.3810834526022298 -0.25759978444217935 3.294045418235261
0.25 0.3 12 1.304980594077832 -0.26038742591160313 3.0105089313131717
0.25 0.3 14 1.2568674827884208 -0.2624177046868993 2.8200399540261767
0.25 0.3 16 1.2240975090842348 -0.2639583833707676 2.40067111257041
0.25 0.3 18 1.2003099004393667 -0.26516505008542907 2.2845593289725086
0.25 0.3 20 1.1822155115311759 -0.2661343113785832 2.5207895735407524
0.25 0.3 22 1.1680149603555392 -0.2669292038750019 2.4137657353486337
0.25 0.3 24 1.1566386575765235 -0.26759250197276613 2.073591212178131
0.25 0.35 10 1.3160001356705797 -0.2498109860482267 2.9979148612800053
0.25 0.35 12 1.2609388524646163 -0.2526170586052081 2.742297093153674
0.25 0.35 14 1.2255537705511321 -0.2546519800419194 2.351778138371204
0.25 0.35 16 1.2008256777822395 -0.25619062843130985 2.5586617889953653
0.25 0.35 18 1.182542192449482 -0.25739249270937054 2.4336915177250917
0.25 0.35 20 1.1685497149945554 -0.2583561254981868 2.083195956379003
0.25 0.35 22 1.1576048893024256 -0.25914545298456065 2.0334912292715606
0.25 0.35 24 1.1489077776270191 -0.259803607700521 1.9950029394900044
0.25 0.4 10 1.277258857501513 -0.24200714065562628 2.7272542145130516
0.25 0.4 12 1.2353637427195736 -0.24481710652896807 2.3393214351690435
0.25 0.4 14 1.2077180859859524 -0.24684631079858585 2.5118256275078092
0.25 0.4 16 1.1880695220908635 -0.24837617003083415 2.1254778815735764
0.25 0.4 18 1.173504172986533 -0.24956896549171537 2.060191607205327
0.25 0.4 20 1.162427527840025 -0.25052427470880745 2.0118354553282956
0.25 0.4 22 1.153844751018012 -0.2513062914110846 1.975384957147888
0.25 0.4 24 1.1470867524108457 -0.2519581224094159 1.9474547138806373
0.25 0.45 10 1.2535419170977227 -0.23421222017288462 2.638482619925844
0.25 0.45 12 1.2201616031167377 -0.23701272997916958 2.4837134804395737
0.25 0.45 14 1.1977065346692184 -0.2390280574231763 2.1204199219067705
0.25 0.45 16 1.181705597140315 -0.2405443135245444 2.0511459365402995
0.25 0.45 18 1.1699287821417228 -0.2417251604422088 2.001605387390478
0.25 0.45 20 1.1610587425093442 -0.24267033995625234 1.9653525337553752
0.25 0.45 22 1.1542442680862475 -0.24344383427489344 1.938288143933276
0.25 0.45 24 1.1489129725321492 -0.24408846797614983 1.8431542742276477
0.25 0.5 10 1.2388482420378337 -0.22644899960126735 2.46545187356858
0.25 0.5 12 1.2113710858593745 -0.22922905402339458 2.31872467375909
0.25 0.5 14 1.192768519302148 -0.23122442849022842 2.052570671739839
0.25 0.5 16 1.1795979055633028 -0.23272365855688507 1.999195589121392
0.25 0.5 18 1.1699970652380554 -0.23389049519720523 1.9614168448048526
0.25 0.5 20 1.162825120334528 -0.23482418619771583 1.9339812217146903
0.25 0.5 22 1.1573469581737594 -0.23558817976869875 1.8465457958008091
0.25 0.5 24 1.1530769049064222 -0.23622486004245122 1.8423251047365952
0.25 0.55 10 1.229963167100679 -0.21873992263433814 2.3174631327978688
0.25 0.55 12 1.2069196037318424 -0.22149091640089047 2.063409023031959
0.25 0.55 14 1.1913714860132927 -0.223461831743393 2.0028255964959665
0.25 0.55 16 1.1804662482200796 -0.22494148005848952 1.9616118002685452
0.25 0.55 18 1.1725825022617058 -0.22609268426263046 1.9323486040370508
0.25 0.55 20 1.1667260990371893 -0.22701374072715724 1.8496889314730705
0.25 0.55 22 1.162267663206384 -0.22776735626194544 1.8454564327018088
0.25 0.55 24 1.1587989732179067 -0.22839537538497093 1.8346914395483727
0.25 0.6 10 1.2251074693716553 -0.21110704732085495 2.188651734759083
0.25 0.6 12 1.2056074586689747 -0.2138223560066593 2.011968454232601
0.25 0.6 14 1.1925560265372621 -0.21576536857339806 1.96485224054177
0.25 0.6 16 1.1834813510437125 -0.21722338854523743 1.9318894352506437
0.25 0.6 18 1.1769593892173749 -0.2183575716619442 1.852070923769885
0.25 0.6 20 1.1721305200716827 -0.21926495554518363 1.847644200823144
0.25 0.6 22 1.1684605765463068 -0.22000736896733225 1.8131104711707358
0.25 0.6 24 1.16560779778397 -0.22062604873418357 1.7397628835025756
0.25 0.65 10 1.2232342630505715 -0.20357168239258372 2.0747929567761187
0.25 0.65 12 1.2066696580018486 -0.20624616542246413 1.970841124658367
0.25 0.65 14 1.1956812015770526 -0.20815851891879356 1.9329213578930604
0.25 0.65 16 1.1880913466362963 -0.20959316587407648 1.8532563436500045
0.25 0.65 18 1.1826561370508364 -0.21070907614317508 1.8484145803722487
0.25 0.65 20 1.17863868106178 -0.21160181878137405 1.8026256401124483
0.25 0.65 22 1.1755876534599539 -0.2123322474255355 1.7280357705624585
0.25 0.65 24 1.1732167409515148 -0.2129409385299125 1.6638907029667036
0.25 0.7 10 1.2236803165964716 -0.19615399243653503 1.9759012517916203
0.25 0.7 12 1.2095868422914726 -0.19878357118964016 1.9357528358860696
0.25 0.7 14 1.2003090040482043 -0.20066295834768183 1.8528942200885519
0.25 0.7 16 1.193928499336082 -0.20207268436285503 1.84737461425717
0.25 0.7 18 1.1893679053957582 -0.20316916928839368 1.8020910873680467
0.25 0.7 20 1.185999169177654 -0.20404636259213943 1.7251706018255932
0.25 0.7 22 1.1834412681709083 -0.20476406713089113 1.659265690330382
0.25 0.7 24 1.181453585560549 -0.2053621544079388 1.6030021175625622
0.25 0.75 10 1.2259981904276578 -0.18887267018942086 1.9388768801019691
0.25 0.75 12 1.2139969001667366 -0.19145402253629507 1.895417716724354
0.25 0.75 14 1.2061406457191015 -0.1932984499691197 1.844214181598094
0.25 0.75 16 1.2007507961200166 -0.1946818582186467 1.8125258289375323
0.25 0.75 18 1.1969009540772766 -0.19575785533558382 1.7309182912871928
0.25 0.75 20 1.1940573132228007 -0.19661865495779507 1.6619730784834728
0.25 0.75 22 1.191897771688334 -0.19732294584853705 1.6035854297399328
0.25 0.75 24 1.1902193207282148 -0.19790985496835464 1.5540777540702777
0.25 0.8 10 1.2298740604280847 -0.181744695122324 1.901382303824689
0.25 0.8 12 1.2196468625463555 -0.1842750561058877 1.8386822415591895
0.25 0.8 14 1.2129754598284768 -0.18608277602580267 1.8320784805367305
0.25 0.8 16 1.2084027474637329 -0.1874386062916589 1.7467943783351707
0.25 0.8 18 1.2051362170180462 -0.1884931461184334 1.6723345293569112
0.25 0.8 20 1.2027225017297143 -0.18933677865242463 1.6104494697452374
0.25 0.8 22 1.2008887121113958 -0.19002702354124731 1.5585635919000886
0.25 0.8 24 1.1994629253559659 -0.1906022276269522 1.514862918555261
0.25 0.85 10 1.2350841661234047 -0.17478516986397072 1.8637515991718412
0.25 0.85 12 1.22636209857614 -0.17726221208815407 1.8248118360292032
0.25 0.85 14 1.2206820541589904 -0.1790316929095843 1.7755402592005427
0.25 0.85 16 1.2167882716173852 -0.18035882163288516 1.6920451346161636
0.25 0.85 18 1.2140049037929186 -0.18139103488154273 1.6242558971973429
0.25 0.85 20 1.2119467797176844 -0.18221680570850862 1.568586769239461
0.25 0.85 22 1.2345960501132274 -0.18289243641112793 1.5223390402017254
0.25 0.85 24 1.2091650602826334 -0.183455461999634 1.4836428014901464
0.25 0.9 10 1.2414685556894545 -0.1680072204895346 1.8189137836073799
0.25 0.9 12 1.2340242648852988 -0.17042898762296357 1.806308576756265
0.25 0.9 14 1.2291773105257244 -0.17215890484266824 1.7235653145804386
0.25 0.9 16 1.2258515596086688 -0.17345635071252702 1.6467317000584023
0.25 0.9 18 1.2234716926024412 -0.17446547604743726 1.5849962796414343
0.25 0.9 20 1.2217102521530945 -0.17527277639072553 1.5348075356880444
0.25 0.9 22 1.220370111896802 -0.17593329486087061 1.4934635443135345
0.25 0.9 24 1.21932687722038 -0.1764837269200683 1.4590909785067814
0.25 0.95 10 1.2489131001814873 -0.16142194876070382 1.7949212703336064
0.25 0.95 12 1.2425546843078867 -0.16378682100701583 1.7612293373085637
0.25 0.95 14 1.2384108796715638 -0.16547605704035986 1.6800598195074596
0.25 0.95 16 1.2355633368533951 -0.16674298749209948 1.6094724694957032
0.25 0.95 18 1.2335228131562064 -0.16772837813041033 1.5532049197332254
0.25 0.95 20 1.2320107331729624 -0.1685166906653916 1.5078589798121964
0.25 0.95 22 1.2308591555184831 -0.1691616736506398 1.4707928051595995
0.25 0.95 24 1.2299619426755077 -0.16969915947186154 1.4401652501704583
0.25 1.0 10 1.2573361293750192 -0.15503842781534188 1.7743442606307598
0.25 1.0 12 1.2519016642565184 -0.15734510445646618 1.7202352723546177
0.25 1.0 14 1.248353704127732 -0.15899275098367574 1.6439692015152638
0.25 1.0 16 1.2459108834604553 -0.16022848732933576 1.5791264002115217
0.25 1.0 18 1.2441574191821454 -0.16118961570315346 1.5277896988803235
0.25 1.0 20 1.2428562104218375 -0.1619585184099001 1.4867332034427196
0.25 1.0 22 1.2418640410568216 -0.16258762062507992 1.4534099328374404
0.25 1.0 24 1.2410902356724485 -0.16311187247110684 1.4260346899248337
0.25 1.05 10 1.2666782112503516 -0.1488637353887165 1.745438472119267
0.25 1.05 12 1.2620309148281559 -0.1511112247695778 1.6856584826542578
0.25 1.05 14 1.2589895835698044 -0.1527165841531594 1.6143443593033249
0.25 1.05 16 1.2568907809873548 -0.15392060429506801 1.554750581462839
0.25 1.05 18 1.2553813118558361 -0.15485706444318592 1.5078582795487918
0.25 1.05 20 1.2542593273194478 -0.15560623256406905 1.4706096413324614
0.25 1.05 22 1.253402625576901 -0.15621918829948855 1.440570815795931
0.25 1.05 24 1.252733676732266 -0.15672998474568142 1.416027724236386
0.25 1.1 10 1.276894392383208 -0.1429030199932963 1.7172989909002498
0.25 1.1 12 1.2729184742849258 -0.14509063118643803 1.6569181595190896
0.25 1.1 14 1.2703090898899396 -0.14665321529453212 1.5903715291557683
0.25 1.1 16 1.268503719941058 -0.1478251536239031 1.535560420986978
0.25 1.1 18 1.2672024441996081 -0.14873666122678372 1.4926741396101557
0.25 1.1 20 1.2662334170216667 -0.14946586730981776 1.4588129738197917
0.25 1.1 22 1.2654923382478933 -0.15006249046870332 1.4316644958863545
0.25 1.1 24 1.2649128856488054 -0.15055967643444432 1.4095946552769472
0.25 1.15 10 1.2879484716521352 -0.13715959584531165 1.6931301649060169
0.25 1.15 12 1.2845456611340924 -0.1392869288671765 1.6333931617175923
0.25 1.15 14 1.2823053183566835 -0.14080645466360725 1.5713567587733421
0.25 1.15 16 1.2807509088993105 -0.14194609911176487 1.5208978910688513
0.25 1.15 18 1.2796278262301832 -0.1428324892427847 1.4816236158051306
0.25 1.15 20 1.278789780025899 -0.14354160134781996 1.450781913527821
0.25 1.15 22 1.2781477426826529 -0.14412178397922307 1.4261839992023868
0.25 1.15 24 1.2776449660419615 -0.14460526950539387 1.4062802564992454
0.25 1.2 10 1.2998089497991177 -0.13163506211971213 1.6728697375137458
0.25 1.2 12 1.296895638270444 -0.13370199526960244 1.6145140716789794
0.25 1.2 14 1.2949710709491757 -0.13517837712355044 1.5567069651780174
0.25 1.2 16 1.2936317376723625 -0.13628566355455352 1.5102068425265844
0.25 1.2 18 1.2926615425845507 -0.1371468863358382 1.4741909699348505
0.25 1.2 20 1.2919359664720609 -0.1378358645609331 1.4460457420323103
0.25 1.2 22 1.291379021313615 -0.1383995740178311 1.423704565331935
0.25 1.2 24 1.2909421473881637 -0.13886933189857836 1.4057034864552544
0.25 1.25 10 1.3124463218229598 -0.12632944171299568 1.6562746172803484
0.25 1.25 12 1.3099512273977418 -0.12833611565557437 1.599774821113811
0.25 1.25 14 1.3082971395623457 -0.12976945466497963 1.5459130967364785
0.25 1.25 16 1.30714240998426 -0.13084445893819915 1.5030138413299783
0.25 1.25 18 1.3063036407129336 -0.13168057337348016 1.4699393269955807
0.25 1.25 20 1.30567485478414 -0.1323494649217241 1.4442064505005459
0.25 1.25 22 1.3131842550555808 -0.13289673982483408 1.4238671875844222
0.25 1.25 24 1.3048111225603 -0.13335280224409093 1.4075422916195097
0.25 1.3 10 1.3258314046866002 -0.1212413343579353 1.643076709428664
0.25 1.3 12 1.3236936621646573 -0.12318813318756476 1.5887294430485799
0.25 1.3 14 1.3222714105437294 -0.12457870400102053 1.5385361253164331
0.25 1.3 16 1.3212753040048049 -0.12562163211751706 1.4989132110129573
0.25 1.3 18 1.3205496778483905 -0.12643279843053623 1.4684959499667953
0.25 1.3 20 1.3200043376776054 -0.12708173148095717 1.444924988933566
0.25 1.3 22 1.3195839375518805 -0.12761267670403056 1.4263660176573436
0.25 1.3 24 1.319252923086759 -0.12805513105658942 1.4115220869704577
0.25 1.35 10 1.3399344290330422 -0.11636807881372462 1.63300955212538
0.25 1.35 12 1.3381020186449648 -0.11825560867426364 1.5809855539997637
0.25 1.35 14 1.3368785585595042 -0.11960384439031356 1.5341956150290281
0.25 1.35 16 1.3360188557219728 -0.12061502117987628 1.4975552658883782
0.25 1.35 18 1.3353907424046432 -0.12140149201626674 1.4695407496575994
0.25 1.35 20 1.3349174466895173 -0.12203066868538108 1.447910566347606
0.25 1.35 22 1.3345517347043174 -0.12254544959647468 1.430938618200319
0.25 1.35 24 1.3342631843514594 -0.12297443368905159 1.417406922456882
0.25 1.4 10 1.3547246674415676 -0.11170591900404658 1.6258173255559556
0.25 1.4 12 1.3531531109265509 -0.11353498499017894 1.5761975871029934
0.25 1.4 14 1.3521001409918478 -0.114841460740947 1.532560431990457
0.25 1.4 16 1.351357795531773 -0.11582131755501522 1.4986369734735996
0.25 1.4 18 1.3508137943579568 -0.11658342841042425 1.4727972318568272
0.25 1.4 20 1.350402770326657 -0.11719311709475033 1.4529122428678773
0.25 1.4 22 1.3500844064219115 -0.11769195329101835 1.4373583392709806
0.25 1.4 24 1.3498326700941992 -0.11810765012124237 1.4249926315259767
0.25 1.45 10 1.370170417495763 -0.10725016938156036 1.6212587974841741
0.25 1.45 12 1.3688216855235038 -0.10902175148222835 1.5740606272289042
0.25 1.45 14 1.36791494421748 -0.11028716728960662 1.533341178459904
0.25 1.45 16 1.3757337912030798 -0.11123622914553039 1.5018944779781493
0.25 1.45 18 1.3668021990904682 -0.11197438836680902 1.478025298137204
0.25 1.45 20 1.3664450474844034 -0.11256491574383468 1.459712261551403
0.25 1.45 22 1.366167723869962 -0.11304807450685585 1.4454282963195626
0.25 1.45 24 1.365947947552435 -0.11345070680937118 1.43410145761736
0.5 0.3 10 1.7567134491924417 -0.23169683381925382 3.4929047146005634
0.5 0.3 12 1.7068723981143858 -0.23449921510810526 3.249701250889336
0.5 0.3 14 1.675339646237023 -0.2365169510763107 2.856826752006756
0.5 0.3 16 1.6529932657818052 -0.238035754075946 2.724065517258193
0.5 0.3 18 1.6360880818362482 -0.23921896525780056 2.6339816543755483
0.5 0.3 20 1.6229109833258561 -0.24016621320141868 2.55869095411128
0.5 0.3 22 1.6124915480791173 -0.24094147690781542 2.5039744939902704
0.5 0.3 24 1.6041702096974972 -0.24158761746476495 2.462189168861289
0.5 0.35 10 1.7172161666352568 -0.22142838763361244 3.234675852064816
0.5 0.35 12 1.681143264402235 -0.2242007901191729 2.8179614496251664
0.5 0.35 14 1.656830220137505 -0.22619032749266135 2.6816429117071015
0.5 0.35 16 1.6390802201053905 -0.22768518003053115 2.872757043546217
0.5 0.35 18 1.62570234258545 -0.22884864431099025 2.5188551703958124
0.5 0.35 20 1.615460665842741 -0.22977965663113267 2.4685652271827294
0.5 0.35 22 1.607516416934253 -0.23054146716748256 2.4310954440595958
0.5 0.35 24 1.6012687151472753 -0.23117633170287202 2.4026189540856913
0.5 0.4 10 1.6948693592690256 -0.21153286309553115 3.0714580126057016
0.5 0.4 12 1.6663390907598172 -0.2142620313743797 2.6695035589575755
0.5 0.4 14 1.646525255814585 -0.21621642213012104 2.5686821307670105
0.5 0.4 16 1.6321630034245616 -0.2176834501572119 2.498815731050284
0.5 0.4 18 1.6215452525963814 -0.21882478301773178 2.4494291866632367
0.5 0.4 20 1.6135583072469672 -0.21973792866638636 2.413714532552648
0.5 0.4 22 1.6074386735872324 -0.220485068288719 2.387256914851308
0.5 0.4 24 1.6026622119666727 -0.22110768995745353 2.2947932854928
0.5 0.45 10 1.6814526138524462 -0.20200786031694035 2.930103862856617
0.5 0.45 12 1.657837985828743 -0.20468496898747665 2.5670201171793243
0.5 0.45 14 1.6414913104245266 -0.2065997369956292 2.491391638529142
0.5 0.45 16 1.6298654491565496 -0.2080363477762477 2.4400013335066095
0.5 0.45 18 1.6214128270345316 -0.2091538258257033 2.4040831578627264
0.5 0.45 20 1.6151218031311234 -0.21004783292424523 2.378270458655872
0.5 0.45 22 1.6103297642099281 -0.21077929866083786 2.2959056259737385
0.5 0.45 24 1.6066007342493644 -0.21138885462638535 2.292096271067892
0.5 0.5 10 1.6734162168044562 -0.19285292725181918 2.7620132383756033
0.5 0.5 12 1.6536081797963909 -0.1954720961151287 2.4933886558637237
0.5 0.5 14 1.6401288088191728 -0.19734417886029393 2.436883080104514
0.5 0.5 16 1.6307031311557356 -0.19874846250555245 2.3989106975633914
0.5 0.5 18 1.6239204547515396 -0.1998407231082674 2.301698415775978
0.5 0.5 20 1.6188983143314442 -0.20071453889880958 2.296613342850317
0.5 0.5 22 1.6150817725250022 -0.20142948044030512 2.2929230632770166
0.5 0.5 24 1.612114946683917 -0.2020252653093881 2.2478452540474034
0.5 0.55 10 1.669111029529775 -0.18406786160033878 2.611609056235159
0.5 0.55 12 1.6524938424330715 -0.18662507734651254 2.438341570996182
0.5 0.55 14 1.6413851715231145 -0.18845225052512934 2.3961333577872774
0.5 0.55 16 1.633704223936286 -0.18982271898315442 2.3014766560569115
0.5 0.55 18 1.6282059907189401 -0.19088865239569008 2.2961728884726873
0.5 0.55 20 1.6241433549896902 -0.19174140120948704 2.2923809166143156
0.5 0.55 22 1.6210583102825284 -0.19243910510929127 2.217475955475766
0.5 0.55 24 1.6186607876186 -0.19302052507687062 2.1451871473811877
0.5 0.6 10 1.667624511528328 -0.17565168284768284 2.47911905868698
0.5 0.6 12 1.6537190781898223 -0.17814413698926976 2.394730106572638
0.5 0.6 14 1.6445474974003857 -0.1799247330194135 2.353744035465955
0.5 0.6 16 1.6382452220934625 -0.18126021441736784 2.293906182576464
0.5 0.6 18 1.6337435833550853 -0.18229892659133107 2.285373698838978
0.5 0.6 20 1.6304191784937472 -0.18312989690596998 2.200115285148753
0.5 0.6 22 1.6278948664665762 -0.18380978178453947 2.127288357137737
0.5 0.6 24 1.6259329889574818 -0.18437635252671725 2.0657604907907663
0.5 0.65 10 1.668361676467999 -0.16760209623113537 2.394503411002019
0.5 0.65 12 1.656743921647149 -0.17002781276458587 2.3557367362687476
0.5 0.65 14 1.649145568807055 -0.17176058952073142 2.2892092620489324
0.5 0.65 16 1.6439385508666655 -0.1730601851088899 2.2814716476386767
0.5 0.65 18 1.6402208911871716 -0.1740709830884155 2.1940846754806898
0.5 0.65 20 1.6374748940013961 -0.17487962162684617 2.119265499633067
0.5 0.65 22 1.6353891388698334 -0.17554123499362664 2.0565440549592253
0.5 0.65 24 1.6337676451722658 -0.17609257946786247 2.003894692151493
0.5 0.7 10 1.6709058839599802 -0.15991526476864837 2.3508545084897015
0.5 0.7 12 1.6612016454422842 -0.16227289841705103 2.2865821405960953
0.5 0.7 14 1.654881984410673 -0.1639569762899074 2.276349647066885
0.5 0.7 16 1.6505535982928807 -0.16522003952993577 2.199943888925855
0.5 0.7 18 1.6474616969657756 -0.16620242249117648 2.120634458082908
0.5 0.7 20 1.6451764369305315 -0.16698832890093435 2.0552059860422665
0.5 0.7 22 1.6434396454704467 -0.16763134323999415 2.000902210509201
0.5 0.7 24 1.642088791727101 -0.16816718852290238 1.955611216390664
0.5 0.75 10 1.6749653557634265 -0.15258576346620148 2.3083556021438207
0.5 0.75 12 1.6668541599145974 -0.15487448812525625 2.2649781453853874
0.5 0.75 14 1.6615788978286528 -0.15650931483144945 2.219123339980513
0.5 0.75 16 1.6579629969463068 -0.1577354366282433 2.132474419186476
0.5 0.75 18 1.6553772187309763 -0.15868908705034704 2.0619480442996165
0.5 0.75 20 1.6534641703883035 -0.1594520073985811 2.0044825436205276
0.5 0.75 22 1.6520090701996313 -0.16007621495705598 1.957219704713523
0.5 0.75 24 1.6508765393183307 -0.16059638792251835 1.9180516187613612
0.5 0.8 10 1.6803416891599192 -0.14560664060070963 2.253942023826745
0.5 0.8 12 1.6735551801219009 -0.14782608135276307 2.2420153800282825
0.5 0.8 14 1.6691384252328298 -0.14941140620381457 2.156240976387945
0.5 0.8 16 1.6661060358072388 -0.15060040047984707 2.0780569657747985
0.5 0.8 18 1.6639342129460737 -0.15152517384685504 2.0152073504750923
0.5 0.8 20 1.662325363512511 -0.15226499254315623 1.964516011569549
0.5 0.8 22 1.6611003394908643 -0.15287029874939806 1.9231695335674268
0.5 0.8 24 1.6601460273551973 -0.1533747205879464 1.88911646929399
0.5 0.85 10 1.6869043502395449 -0.1389695430791826 2.2272365209434173
0.5 0.85 12 1.6812203188134882 -0.1411197272534438 2.186632908509038
0.5 0.85 14 1.6775136471799048 -0.14265557735346884 2.104931654455802
0.5 0.85 16 1.6749631074145972 -0.1438074651564537 2.034409204662155
0.5 0.85 18 1.6731329126335304 -0.1447033779044996 1.978248714150356
0.5 0.85 20 1.6717749976959375 -0.1454201081036166 1.9333446832707706
0.5 0.85 22 1.6707396801738668 -0.1460065237211149 1.8969934137124544
0.5 0.85 24 1.669932252373952 -0.14649520340236521 1.8672311969161168
0.5 0.9 10 1.694568900404469 -0.13266488048969963 2.199554374017468
0.5 0.9 12 1.6898038579916568 -0.1347461959548931 2.138983953863627
0.5 0.9 14 1.6866875437362918 -0.1362328516568982 2.0634261983830777
0.5 0.9 16 1.6845374844028114 -0.13734784351433685 1.9997170889537863
0.5 0.9 18 1.6829912090044525 -0.13821505940715698 1.9493890126809454
0.5 0.9 20 1.6818418096755916 -0.13890883212158447 1.909450727489854
0.5 0.9 22 1.6809640950422398 -0.13947646434248673 1.877337678446323
0.5 0.9 24 1.6802786626396338 -0.1399494911932397 1.8511910310388409
0.5 0.95 10 1.7493565634562493 -0.1266820114471541 2.1623376227109246
0.5 0.95 12 1.6992815594115276 -0.1286951670593207 2.0998829956746534
0.5 0.95 14 1.6966579814625105 -0.13013313610911814 2.0302065442046286
0.5 0.95 16 1.6948423871664757 -0.13121161292507713 1.9725344742810038
0.5 0.95 18 1.6935333323024924 -0.1320504282274787 1.9273006928645091
0.5 0.95 20 1.6925581873208129 -0.13272148046944376 1.891641420934421
0.5 0.95 22 1.6918121861044941 -0.13327052321287092 1.8631421824306948
0.5 0.95 24 1.691228704076032 -0.13372805883239317 1.8400565887706557
0.5 1.0 10 1.7129953148245929 -0.12100944041219788 2.1301383114240666
0.5 1.0 12 1.709638648221954 -0.12295542689556181 2.0682267190653008
0.5 1.0 14 1.7074274561009422 -0.12434541755731307 2.004022027397037
0.5 1.0 16 1.7058921723247946 -0.12538791056371995 1.95169737211946
0.5 1.0 18 1.704782114446472 -0.12619873845791915 1.9109230683569491
0.5 1.0 20 1.7039532323128508 -0.12684740077328846 1.8789663107933336
0.5 1.0 22 1.7136343791632647 -0.1273781244858642 1.8535636765257415
0.5 1.0 24 1.7028199663799284 -0.12782039424634392 1.8330825108061826
0.5 1.05 10 1.7236824704501383 -0.11563501576869226 2.103294551349106
0.5 1.05 12 1.7208620206985439 -0.11751506686893802 2.043012438238812
0.5 1.05 14 1.7385063917104024 -0.11885796064447487 1.9838428681322728
0.5 1.05 16 1.717696814762379 -0.11986513097968732 1.936259482940089
0.5 1.05 18 1.7167541875828245 -0.12064848568495057 1.8993986432608982
0.5 1.05 20 1.7160484907674765 -0.12127516944916261 1.8706583817412812
0.5 1.05 22 1.715506295790793 -0.12178791071079044 1.847922012187221
0.5 1.05 24 1.715080634456984 -0.12221519509548116 1.8296679601923946
0.5 1.1 10 1.7353075997834666 -0.11054612180557868 2.0813958105338064
0.5 1.1 12 1.7329357228670343 -0.11236167620069613 2.023378215840715
0.5 1.1 14 1.731360530098816 -0.11365850082416251 1.968816890403396
0.5 1.1 16 1.7302589585328494 -0.11463111929302074 1.9254442215857914
0.5 1.1 18 1.729457516977977 -0.11538760032438262 1.8920267565220534
0.5 1.1 20 1.7288558445451847 -0.11599278514947382 1.866091568587635
0.5 1.1 22 1.7283924457376048 -0.11648793637000367 1.8456617205126191
0.5 1.1 24 1.7280278665120163 -0.11690056238711015 1.8293217486349165
0.5 1.15 10 1.7478353927127712 -0.10572985887727482 2.0639918508247646
0.5 1.15 12 1.7458388083377712 -0.10748252352174957 2.0085903639732297
0.5 1.15 14 1.7445074124030053 -0.1087344268625535 1.958234522723146
0.5 1.15 16 1.7435728570092386 -0.10967335436860313 1.9186087834226382
0.5 1.15 18 1.74289067040949 -0.11040363131776146 1.8882293620978623
0.5 1.15 20 1.7423770264064997 -0.11098785287708932 1.8647495974042418
0.5 1.15 22 1.7419804025139618 -0.11146585233471953 1.846324112842295
0.5 1.15 24 1.7416676443197958 -0.11186418521607967 1.8316373591667554
0.5 1.2 10 1.76122738910804 -0.10117320756439399 2.050643984572999
0.5 1.2 12 1.7595448014083532 -0.10286472311394375 1.9980247354116907
0.5 1.2 14 1.7584182872844278 -0.10407294851631231 1.9515012519065646
0.5 1.2 16 1.757624590133415 -0.10497911756824706 1.9152169479162213
0.5 1.2 18 1.7570432652946573 -0.10568391571975572 1.8875254273055606
0.5 1.2 20 1.756604239577659 -0.10624775424096214 1.866202805155459
0.5 1.2 22 1.7562643192215246 -0.10670907666740387 1.8495266959846912
0.5 1.2 24 1.7559956290561456 -0.10709351202277116 1.836274746789245
0.5 1.25 10 1.7754419932289274 -0.0968631741167529 2.0409413032578767
0.5 1.25 12 1.7740221433228 -0.09849538295459986 1.9911491972237578
0.5 1.25 14 1.773067868203368 -0.09966124641437116 1.9481160166744367
0.5 1.25 16 1.7723930489500495 -0.10053564400925553 1.9148182617718301
0.5 1.25 18 1.7718971180374068 -0.10121573102749973 1.8895115322373435
0.5 1.25 20 1.771521431323658 -0.10175980064209593 1.870090661386303
0.5 1.25 22 1.7712297451280343 -0.1022049485085828 1.854947751610868
0.5 1.25 24 1.770998605915467 -0.1025759050639886 1.8429468456155758
0.5 1.3 10 1.7904351092708182 -0.09278691577687513 2.0345069528368795
0.5 1.3 12 1.7892351584022999 -0.09436173300235995 1.987508633935534
0.5 1.3 14 1.7884257314208103 -0.09548660245090934 1.9476541936813834
0.5 1.3 16 1.7878512980131513 -0.09633025453734217 1.9170319258385056
0.5 1.3 18 1.7874277279514104 -0.0969864283823455 1.8938469874515742
0.5 1.3 20 1.7871058687958579 -0.09751136745834939 1.8761084202810263
0.5 1.3 22 1.786855272601504 -0.09794086306598783 1.8623146164386826
0.5 1.3 24 1.7866561870602065 -0.09829877607235331 1.851409393693805
0.5 1.35 10 1.8061610470285785 -0.08893184570048832 2.0309997055542093
0.5 1.35 12 1.8051452208679666 -0.0904512332806434 1.9867124642532308
0.5 1.35 14 1.8044576593151525 -0.09153651012437247 1.9497541120201303
0.5 1.35 16 1.8039680436571937 -0.09235046775717717 1.921534188029011
0.5 1.35 18 1.8036058375281778 -0.09298354591602492 1.9002422837529416
0.5 1.35 20 1.803329769000415 -0.0934900084431034 1.8839968024453604
0.5 1.35 22 1.8031142210850903 -0.09390438687434915 1.8713946527423033
0.5 1.35 24 1.8029425382314737 -0.09424970223372088 1.861453133832709
0.5 1.4 10 1.822573474988084 -0.08528571807958782 2.0301130681232613
0.5 1.4 12 1.8217119206307897 -0.08675166222158594 1.9884243375475494
0.5 1.4 14 1.8211269452857963 -0.08779876518048502 1.954106284910444
0.5 1.4 16 1.8207090361698406 -0.08858409239966222 1.9280483784927467
0.5 1.4 18 1.825378948366539 -0.089194902459023 1.90845002811829
0.5 1.4 20 1.8201618261831312 -0.08968355050651206 1.893533925735618
0.5 1.4 22 1.8199762062912643 -0.09008335345445584 1.881988201525087
0.5 1.4 24 1.819827980981194 -0.09041652257774307 1.8728977435613283
0.5 1.45 10 1.8396262937158743 -0.08183669472797449 2.0315731377121136
0.5 1.45 12 1.8388941140698702 -0.08325118641323927 1.9923536389101797
0.5 1.45 14 1.838395557184249 -0.08426153761714271 1.960444745891613
0.5 1.45 16 1.8380383107156788 -0.08501930102007076 1.9363369578135412
0.5 1.45 18 1.8377724059764269 -0.08560867255568322 1.9182577557547569
0.5 1.45 20 1.8375685514644746 -0.08608016978417243 1.9045289249421482
0.5 1.45 22 1.837408512671424 -0.08646594024384581 1.8939230160446952
0.5 1.45 24 1.8372803910834428 -0.0867874156269051 1.8855870435148148
5 0.3 10 10.398161369992273 -0.06912259857709006 10.965574747928851
5 0.3 12 10.389505437344273 -0.07034068201400291 10.916804923762887
5 0.3 14 10.383847182940391 -0.0712107416118241 10.886730942717508
5 0.3 16 10.379975791223753 -0.07186328631018954 10.821809166460293
5 0.3 18 10.377212936397163 -0.07237082107558478 10.81816822611508
5 0.3 20 10.375171884988292 -0.0727768488879016 10.803010690100791
5 0.3 22 10.37362099276655 -0.07310905346161498 10.739481172663782
5 0.3 24 10.372414749180288 -0.07338589060637639 10.68792313996308
5 0.35 10 10.392472438871337 -0.06008736669008989 10.88252264054138
5 0.35 12 10.386472193542732 -0.06115862934129578 10.856595525470041
5 0.35 14 10.382579148391006 -0.06192381694930123 10.806489111274793
5 0.35 16 10.379912359211609 -0.06249770765530602 10.801022323302739
5 0.35 18 10.378004970733942 -0.06294406709330908 10.730755397284874
5 0.35 20 10.376593158916442 -0.06330115464371194 10.674943190375524
5 0.35 22 10.375518691482561 -0.06359331718495012 10.630405604368017
5 0.35 24 10.374681907475411 -0.06383678596931572 10.594532788503535
5 0.4 10 10.390683308920195 -0.05303843138957881 10.821369675366123
5 0.4 12 10.386504066367685 -0.05399173256541671 10.78495941338191
5 0.4 14 10.383782146214726 -0.054672661976729375 10.751797299207029
5 0.4 16 10.381909046069277 -0.05518335903521407 10.68674681327127
5 0.4 18 10.380564210963417 -0.05558056785847951 10.635180247470721
5 0.4 20 10.379565683482937 -0.05589833491709236 10.594607097985147
5 0.4 22 10.378803784642717 -0.05615832614686613 10.562403701611991
5 0.4 24 10.378209135685701 -0.05637498550501122 10.536548081503708
5 0.45 10 10.392033037179601 -0.047403468625236485 10.754950732805138
5 0.45 12 10.389109070428987 -0.04826048824204957 10.723217204742062
5 0.45 14 10.387190526469407 -0.048872645111201665 10.663737539230416
5 0.45 16 10.385861897534012 -0.04933176276306587 10.613680705237096
5 0.45 18 10.384902994396175 -0.049688854270071484 10.574500903102312
5 0.45 20 10.384187919146406 -0.049974527475675636 10.543926248512989
5 0.45 22 10.383640295087291 -0.0502082600984431 10.519808641893768
5 0.45 24 10.383211540560845 -0.0504030372840826 10.500531863730288
5 0.5 10 10.396219607423745 -0.04280555462928807 10.702413155552813
5 0.5 12 10.394168197171751 -0.04358281021928945 10.655656530045842
5 0.5 14 10.392810354516552 -0.044137992783575906 10.606781414103114
5 0.5 16 10.40344862382177 -0.0445543797067913 10.56712389499683
5 0.5 18 10.39117487341124 -0.04487823620262502 10.536437634238961
5 0.5 20 10.390658951306232 -0.04513732139929194 10.512669455146085
5 0.5 22 10.390261992660385 -0.04534930019656503 10.49403230138477
5 0.5 24 10.389949934682813 -0.045525949194292904 10.479207084236355
5 0.55 10 10.403069354140312 -0.03898813115009314 10.655123529186906
5 0.55 12 10.401624811472216 -0.039698404747810445 10.611289347987903
5 0.55 14 10.400660099256577 -0.04020574303189537 10.570555626926327
5 0.55 16 10.399981633384712 -0.040586246744958344 10.538367661674137
5 0.55 18 10.399485386449049 -0.04088219407734102 10.513711213307019
5 0.55 20 10.399111012438734 -0.041118951943247425 10.49473895269361
5 0.55 22 10.398821396726218 -0.041312662924443286 10.47994103247193
5 0.55 24 10.398592629684362 -0.04147408874210659 10.468221942608722
5 0.6 10 10.412385664334536 -0.035771381363189976 10.622653973033364
5 0.6 12 10.411362172850387 -0.036424718132389976 10.583058112386235
5 0.6 14 10.410672967910559 -0.03689138725324754 10.54865797618781
5 0.6 16 10.410184472978907 -0.037241389093890735 10.522004023407272
5 0.6 18 10.409824620133552 -0.037513612747723246 10.501762358483937
5 0.6 20 10.409551386789813 -0.037731391670790586 10.486275860425819
5 0.6 22 10.40933878159049 -0.03790957442602713 10.474251772312112
5 0.6 24 10.409169964057703 -0.038058060055390835 10.464766173524914
5 0.65 10 10.423921459405028 -0.033025975838944906 10.601668114351778
5 0.65 12 10.423189862990583 -0.033630386074603065 10.56636734520306
5 0.65 14 10.429201995315008 -0.034062107671500995 10.536969390682755
5 0.65 16 10.422339465837696 -0.034385898869174675 10.514527077095892
5 0.65 18 10.42207676781734 -0.03463773646736505 10.497607090074387
5 0.65 20 10.421876040463186 -0.03483920654591731 10.484725037708149
5 0.65 22 10.421718940175323 -0.03500404570109731 10.47476181538153
5 0.65 24 10.421593526524898 -0.035141411663746625 10.466927775562352
5 0.7 10 10.437401661713494 -0.03065675173732545 10.589498904527563
5 0.7 12 10.436872969430478 -0.031218709790174885 10.558133963919248
5 0.7 14 10.436512275977643 -0.03162010839935266 10.532745184082918
5 0.7 16 10.436253209491557 -0.03192115735623741 10.513582973737291
5 0.7 18 10.436059898658225 -0.032155306544924295 10.499222767356203
5 0.7 20 10.435911324534697 -0.03234262589587337 10.488334726734033
5 0.7 22 10.435794397804772 -0.0324958871830155 10.479941210611189
5 0.7 24 10.435700569851047 -0.03262360492229837 10.47335961126243
5 0.75 10 10.452552030744027 -0.02859226034889249 10.584125664096725
5 0.75 12 10.452165261382563 -0.029117064086686423 10.556232449220893
5 0.75 14 10.451900169696524 -0.029491923899396977 10.534101015889132
5 0.75 16 10.451708795926397 -0.029773068758928167 10.51754450374347
5 0.75 18 10.451565247917124 -0.029991736983009127 10.505198593415068
5 0.75 20 10.451454348510236 -0.03016667156227339 10.495870296906876
5 0.75 22 10.451366633197726 -0.030309799854398797 10.488698913308156
5 0.75 24 10.451295907674222 -0.03042907343117002 10.483088595397694
5 0.8 10 10.469118907061828 -0.026777889201948867 10.584038335549932
5 0.8 12 10.473380902357086 -0.027269922760016285 10.559161396904102
5 0.8 14 10.468635167804564 -0.02762137530149175 10.539709424406766
5 0.8 16 10.468492272452716 -0.027884964707599106 10.525258425994705
5 0.8 18 10.468384621564745 -0.028089978690126416 10.514526667111694
5 0.8 20 10.468301086996005 -0.028253989876149556 10.506441566885364
5 0.8 22 10.468234725975329 -0.028388180846530997 10.500240236015467
5 0.8 24 10.46818098945208 -0.028500006655182528 10.495398171939286
5 0.85 10 10.48687864124771 -0.025171223950479115 10.588106768853779
5 0.85 12 10.486663491478273 -0.02563415256671131 10.565837095510767
5 0.85 14 10.48651512244185 -0.02596481586402113 10.548613986474775
5 0.85 16 10.486407230386195 -0.026212813337002892 10.53588957390814
5 0.85 18 10.486325663634057 -0.026405700260433106 10.526471965852679
5 0.85 20 10.486262137436695 -0.026560009799178406 10.519394190746155
5 0.85 22 10.486211483607995 -0.026686263058150143 10.513975970978874
5 0.85 24 10.486170314322033 -0.026791474107294305 10.509752204729695
5 0.9 10 10.505639826408673 -0.023738850511565955 10.595478638511281
5 0.9 12 10.50547626141496 -0.02417576700928017 10.575462125628322
5 0.9 14 10.505363252800185 -0.024487850221934532 10.560111835430819
5 0.9 16 10.505280873057938 -0.024721912631424862 10.548821541137277
5 0.9 18 10.505218420174522 -0.02490396117213977 10.54048874195259
5 0.9 20 10.505169635295225 -0.025049600004710588 10.534239021915532
5 0.9 22 10.505130615752064 -0.025168759049543073 10.529462461346588
5 0.9 24 10.50509880325129 -0.02526805825356848 10.525743949064303
5 0.95 10 10.525241554043541 -0.022454105498071187 10.60550463941261
5 0.95 12 10.525115686981614 -0.02286764186454256 10.587439549037082
5 0.95 14 10.525028607867139 -0.023163024983451564 10.573677294174525
5 0.95 16 10.524965012454162 -0.0233845623226319 10.563591649562142
5 0.95 18 10.524916695237595 -0.023556869141995094 10.556165267410362
5 0.95 20 10.524878862392146 -0.023694714597485015 10.550604910599597
5 0.95 22 10.524848526523229 -0.023807497242886756 10.546361023559237
5 0.95 24 10.52560527428733 -0.023901482780720688 10.543060963665056
5 1.0 10 10.545549915031625 -0.02129546465339166 10.617684750608834
5 1.0 12 10.545451936817791 -0.021687878078621953 10.601315553185543
5 1.0 14 10.545384089199946 -0.021968173382358153 10.58891099523284
5 1.0 16 10.545334470418917 -0.022178394860161488 10.57984733218307
5 1.0 18 10.54529670868499 -0.02234190045400655 10.573186448058447
5 1.0 20 10.545267085141017 -0.02247270492908291 10.568206436724758
5 1.0 22 10.545243283748693 -0.022579726772327 10.564409876785218
5 1.0 24 10.54522378718083 -0.022668911641698417 10.56146050520406
5 1.05 10 10.566454024409662 -0.020245369066550428 10.631629737090856
5 1.05 12 10.566376926470584 -0.02061860905068341 10.616740299052703
5 1.05 14 10.566323504388189 -0.020885209039349376 10.605505228341388
5 1.05 16 10.566284395458153 -0.021085159030849274 10.597316251664376
5 1.05 18 10.566254593728003 -0.021240675690905254 10.59130800574577
5 1.05 20 10.56623118012561 -0.021365089018950626 10.586821419148889
5 1.05 22 10.566212337820959 -0.021466881741895275 10.583404370244976
5 1.05 24 10.566196877009912 -0.021551709011016888 10.580751992151352
5 1.1 10 10.58786221112831 -0.019289357239396687 10.647033434495189
5 1.1 12 10.58780092697052 -0.019645118493902523 10.633440679282277
5 1.1 14 10.587758444971302 -0.019899233675693285 10.623219869829736
5 1.1 16 10.587727321691995 -0.02008982006203439 10.615785436740179
5 1.1 18 10.58770358185194 -0.020238053918080725 10.610338323120246
5 1.1 20 10.587684909236392 -0.02035664100291532 10.606274969085401
5 1.1 22 10.58766986305348 -0.020453666799598928 10.60318283471761
5 1.1 24 10.588166507246529 -0.020534521630170156 10.600784330754845
5 1.15 10 10.60969864265323 -0.018415414389290254 10.663652630985009
5 1.15 12 10.60964946697598 -0.018755178953701632 10.651201031023684
5 1.15 14 10.609615369814836 -0.018997867928280843 10.641865362090464
5 1.15 16 10.60959037586055 -0.019179884659215485 10.635086463472954
5 1.15 18 10.609571297036345 -0.019321453227720164 10.630125467335025
5 1.15 20 10.609556277099216 -0.019434708082523216 10.626428009614186
5 1.15 22 10.609544161972428 -0.01952737114554386 10.623616315435523
5 1.15 24 10.609534196456156 -0.019604590364728672 10.621436639668998
5 1.2 10 10.634130922100473 -0.01761347840052752 10.681292320894462
5 1.2 12 10.631860650823029 -0.017938549482954747 10.669849262415179
5 1.2 14 10.63183304507302 -0.01817074311326258 10.661290482251426
5 1.2 16 10.631812801544491 -0.018344888335990548 10.655084765083977
5 1.2 18 10.631797340167346 -0.01848033462033551 10.650547777439352
5 1.2 20 10.631785159628455 -0.018588691647811878 10.647168895326041
5 1.2 22 10.631775326945453 -0.0186773473975662 10.644601026050516
5 1.2 24 10.631767231807137 -0.018751227189026647 10.642611383650294
5 1.25 10 10.654415394748337 -0.01687506032058655 10.699794784515866
5 1.25 12 10.654382905496549 -0.017186589721992152 10.689246727340313
5 1.25 14 10.65436037345254 -0.017409110722994246 10.681373422123528
5 1.25 16 10.654343845929546 -0.017576001473746352 10.675671809876743
5 1.25 18 10.654331217342325 -0.017705805390997347 10.671506944039725
5 1.25 20 10.654321263131205 -0.01780964852480072 10.668407216988669
5 1.25 22 10.65431322260527 -0.017894611088819044 10.666052737141612
5 1.25 24 10.65430659830944 -0.01796541322550169 10.664229236244847
5 1.3 10 10.677199839599187 -0.016192949697775738 10.71903141798103
5 1.3 12 10.677173120552423 -0.016491960214309254 10.709280736710785
5 1.3 14 10.677154590000542 -0.016705539154688746 10.702015194775203
5 1.3 16 10.677140994992477 -0.016865723359973536 10.696759302768719
5 1.3 18 10.677130603797677 -0.016990311075196662 10.692922857856608
5 1.3 20 10.677122409750014 -0.017089981247375284 10.690069167735938
5 1.3 22 10.677115787734023 -0.01717152957006549 10.687902557745561
5 1.3 24 10.677110329066293 -0.01723948650564074 10.686225197644157
5 1.35 10 10.700217257862002 -0.01556098351095266 10.738896559273336
5 1.35 12 10.70019512752163 -0.01584838737052973 10.729858951445681
5 1.35 14 10.700179779718464 -0.016053675841657213 10.723134700194063
5 1.35 16 10.70016851827006 -0.016207642195000864 10.718274835087358
5 1.35 18 10.700671629733044 -0.01632739380315808 10.714729730876305
5 1.35 20 10.700153117277374 -0.01642319508968208 10.712094039489156
5 1.35 22 10.700147626707354 -0.01650157796047831 10.710093731811135
5 1.35 24 10.700143098711242 -0.016566897019469163 10.70854563336366
5 1.4 10 10.723436914891842 -0.014973863292397981 10.759302777630056
5 1.4 12 10.723418463227082 -0.01525047743320486 10.750905136542869
5 1.4 14 10.723405667234768 -0.015448058962352193 10.744664990202663
5 1.4 16 10.72339627737652 -0.01559624510921557 10.740158584537928
5 1.4 18 10.723389097344068 -0.015711501001217834 10.736873144572273
5 1.4 20 10.723763381008823 -0.0158037057148213 10.734431547099822
5 1.4 22 10.723378850822327 -0.015879145935039873 10.732579182203235
5 1.4 24 10.723375071253258 -0.015942012785224127 10.731145995279462
5 1.45 10 10.746832846253703 -0.014427009149603726 10.780177246390853
5 1.45 12 10.74681736610497 -0.014693567963999612 10.772355911985324
5 1.45 14 10.746806631472294 -0.01488396711713856 10.766550411192444
5 1.45 16 10.746798753858112 -0.015026766481993909 10.76236078601067
5 1.45 18 10.746792729384058 -0.015137832654656014 10.759307781344967
5 1.45 20 10.74678797511619 -0.01522668559278833 10.757039765383032
5 1.45 22 10.746784129363588 -0.015299383451260973 10.75531961099382
5 1.45 24 10.746780955813461 -0.015359964999984939 10.753989053002757
%
10 0.3 10 20.31505251129795 -0.03654208067135816 20.687651582172975
10 0.3 12 20.31110422033932 -0.03720910062575198 20.64502560639786
10 0.3 14 20.30853788254666 -0.03768554345031859 20.64251402151337
10 0.3 16 20.306775118215533 -0.038042875568743695 20.594755411216365
10 0.3 18 20.305511347072898 -0.038320800549740706 20.545783808438063
10 0.3 20 20.3045740954783 -0.03854314053453865 20.507251016880673
10 0.3 22 20.30385962406611 -0.038725055067554914 20.476689669635068
10 0.3 24 20.303302425883377 -0.03887665051173531 20.452181370483657
10 0.35 10 20.314567440845043 -0.03143358684012174 20.616008646869904
10 0.35 12 20.312055592549786 -0.03200948820730047 20.59998996014114
10 0.35 14 20.31040910023352 -0.032420846326712965 20.54891544533194
10 0.35 16 20.30926971552525 -0.0327293649162733 20.505617957806376
10 0.35 18 20.308447854322075 -0.03296932381926407 20.47171811001415
10 0.35 20 20.307835241963065 -0.03316129094165674 20.445278549871094
10 0.35 22 20.30736625120945 -0.033318354950887245 20.424439264698922
10 0.35 24 20.306999167093768 -0.03344924162524613 20.407797339524606
10 0.4 10 20.317950177211923 -0.027557190611204006 20.564891615825843
10 0.4 12 20.31634463502798 -0.028063313245906985 20.5267009551696
10 0.4 14 20.31528058638483 -0.02842482941355212 20.487091560035687
10 0.4 16 20.31453730862458 -0.028695966539285328 20.455047429448683
10 0.4 18 20.313996871546593 -0.02890685097041232 20.43029962051494
10 0.4 20 20.3135912724188 -0.029075558515313616 20.41116412824948
10 0.4 22 20.31327892947266 -0.02921359196114075 20.396183684131078
10 0.4 24 20.31303320147734 -0.029328619832664476 20.384284634128793
10 0.45 10 20.324835134820812 -0.024518423668737625 20.518487083420215
10 0.45 12 20.32380262743046 -0.024969505137699893 20.48368924697325
10 0.45 14 20.323110700563475 -0.025291706186958866 20.45218966988666
10 0.45 16 20.322622483880355 -0.025533356973903694 20.42749360035371
10 0.45 18 20.32226431486308 -0.025721307585971263 20.40864743767931
10 0.45 20 20.321993371811722 -0.025871668075625305 20.394186223174
10 0.45 22 20.321783255839577 -0.025994690294432445 20.38293359669057
10 0.45 24 20.321616919170992 -0.026097208810105802 20.37404081594513
10 0.5 10 20.334845098820793 -0.022073931501201786 20.49007485427078
10 0.5 12 20.334173587705834 -0.022480541149739224 20.45976366253608
10 0.5 14 20.333719156034864 -0.02277097661298258 20.434160607869877
10 0.5 16 20.33339547025372 -0.02298880321041412 20.41451900062323
10 0.5 18 20.333155901317767 -0.023158223897306176 20.39967724768843
10 0.5 20 20.33297319926176 -0.023293760446818086 20.388362182860746
10 0.5 22 20.332830461045738 -0.02340465398732899 20.379602442027675
10 0.5 24 20.332716699348904 -0.023497065271088052 20.372709471785047
10 0.55 10 20.347531307202026 -0.020065818564091037 20.4745575463937
10 0.55 12 20.34708743738074 -0.02043577768938992 20.448430623558874
10 0.55 14 20.346784708121447 -0.020700034207461113 20.427231910384908
10 0.55 16 20.346567336139827 -0.020898226596013297 20.411217934993648
10 0.55 18 20.34640517910229 -0.02105237623155516 20.399212475561026
10 0.55 20 20.346280578567324 -0.02117569593998833 20.39010834767006
10 0.55 22 20.3461825401138 -0.021276593883252395 20.383089632090424
10 0.55 24 20.34610388468603 -0.021360675502638704 20.377586026724245
10 0.6 10 20.362433139723308 -0.018387329627442495 20.46826877492267
10 0.6 12 20.362134009068857 -0.018726579987626866 20.445728254027514
10 0.6 14 20.361928815138153 -0.018968901673472694 20.42789923151403
10 0.6 16 20.361780536604396 -0.01915064293785777 20.414580441213182
10 0.6 18 20.361669196731494 -0.019291997254600842 20.404657454223546
10 0.6 20 20.36158308764728 -0.019405080707996285 20.397164879158904
10 0.6 22 20.361514907638718 -0.0194976035334998 20.391408076696635
10 0.6 24 20.36145987659005 -0.019574705888088465 20.38690673691281
10 0.65 10 20.383988312688142 -0.016963775006209714 20.46867734073096
10 0.65 12 20.378925878202566 -0.017276932020552 20.449133358750135
10 0.65 14 20.378784138966278 -0.017500615602224368 20.43393685787503
10 0.65 16 20.37868122416195 -0.017668378288478764 20.422677992252112
10 0.65 18 20.37860354966874 -0.017798860377787117 20.414330581036435
10 0.65 20 20.37854316002497 -0.017903246049234295 20.408049428724265
10 0.65 22 20.378495092200726 -0.017988652507693954 20.403236525070344
10 0.65 24 20.37845609350577 -0.018059824556407155 20.399481773910733
10 0.7 10 20.39727276917892 -0.015741371981839048 20.474033750917414
10 0.7 12 20.39712824433291 -0.01603208969556678 20.45697921929129
10 0.7 14 20.39702843134311 -0.01623974520537124 20.44387694848763
10 0.7 16 20.396955708131397 -0.01639548683772493 20.434229801016897
10 0.7 18 20.39822971024745 -0.016516619218445133 20.427104737996668
10 0.7 20 20.39685759295122 -0.016613525123019467 20.421758178555006
10 0.7 22 20.39682321038583 -0.016692811772218537 20.41767035833538
10 0.7 24 20.396795196555065 -0.01675888397988409 20.41448708599454
10 0.75 10 20.416569034790687 -0.014680429070891496 20.483111903355645
10 0.75 12 20.416465511751067 -0.014951648378438183 20.468129898984387
10 0.75 14 20.41639388894926 -0.015145376455257242 20.456720125049404
10 0.75 16 20.416341578195123 -0.015290672512872427 20.44835900075413
10 0.75 18 20.41630183112951 -0.015403680557682951 20.44220246746791
10 0.75 20 20.416270705590044 -0.015494086993531714 20.437592923188685
10 0.75 22 20.416245745072736 -0.015568055895589327 20.434074809178412
10 0.75 24 20.41622533972391 -0.01562969664730399 20.431339198915474
10 0.8 10 20.436792073565865 -0.013751026543755379 20.495037353549783
10 0.8 12 20.436716534418352 -0.014005148551925861 20.481790026917515
10 0.8 14 20.436664214164498 -0.014186664272045782 20.4717671031078
10 0.8 16 20.437753304064824 -0.014322801062134656 20.46444933995997
10 0.8 18 20.43750108426041 -0.014428685232205874 20.459074072141973
10 0.8 20 20.436573919620596 -0.014513392568262373 20.455056669299502
10 0.8 22 20.43655553047034 -0.014582698570490495 20.451994858603186
10 0.8 24 20.436540458203606 -0.014640453572346846 20.449616886037614
10 0.85 10 20.457762051653475 -0.012930190417692652 20.509175217271874
10 0.85 12 20.45770598040057 -0.013169200375868148 20.49738944852762
10 0.85 14 20.457667118069327 -0.013339921774565902 20.488516839024562
10 0.85 16 20.458595569604032 -0.013467962823589074 20.4820577339779
10 0.85 18 20.457616951391422 -0.01356755030616159 20.477322392612724
10 0.85 20 20.45759988797572 -0.01364722029222062 20.47378838535535
10 0.85 22 20.45758614495087 -0.013712404826269418 20.471098107052807
10 0.85 24 20.457574858514047 -0.013766725271308435 20.469010704819194
10 0.9 10 20.47933768306942 -0.012199991562475693 20.525056605338
10 0.9 12 20.479295403538913 -0.012425549293812456 20.51451093461769
10 0.9 14 20.479266089036365 -0.012586661959053834 20.506602799228038
10 0.9 16 20.479244602224497 -0.012707496457984645 20.500859149585537
10 0.9 18 20.47922820188103 -0.012801478846042526 20.49665493816377
10 0.9 20 20.479215291845225 -0.012876664756489856 20.493521020468158
10 0.9 22 20.479654180638107 -0.012938180501400455 20.491137571848867
10 0.9 24 20.479196315993093 -0.012989443622159607 20.489289702250293
10 0.95 10 20.501407750294888 -0.011546235539932372 20.5423296781353
10 0.95 12 20.501375408841366 -0.011759742643407435 20.532843543299087
10 0.95 14 20.50135298069474 -0.011912247717318953 20.525751889654927
10 0.95 16 20.50133653319727 -0.012026626522752437 20.520610873415517
10 0.95 18 20.501323970189883 -0.0121155878158683 20.51685259846319
10 0.95 20 20.501314072069906 -0.012186756850359567 20.514053809168907
10 0.95 22 20.501306080977844 -0.01224498606039851 20.511926896819134
10 0.95 24 20.501299501189788 -0.012293510402095862 20.510278991649376
10 1.0 10 20.523884321093483 -0.01095753990706742 20.560726538691988
10 1.0 12 20.52385925477524 -0.011160190517894263 20.55215174951106
10 1.0 14 20.523841870623897 -0.011304940954197398 20.545757291531388
10 1.0 16 20.52382911800202 -0.011413503781422168 20.541128762192432
10 1.0 18 20.52381937234164 -0.011497941535931975 20.53774870408645
10 1.0 20 20.52381168903677 -0.011565491739538615 20.535233592030174
10 1.0 22 20.523805481406754 -0.01162076008794598 20.53332349271346
10 1.0 24 20.523800365837523 -0.011666817044952003 20.531844370773868
10 1.05 10 20.546697472701304 -0.010424671780763202 20.580040454792428
10 1.05 12 20.54667781038336 -0.010617491477197321 20.572254538752112
10 1.05 14 20.54666417415728 -0.010755219831792567 20.56646007547803
10 1.05 16 20.54665416893071 -0.010858516097741272 20.562271102346568
10 1.05 18 20.54664652019175 -0.010938857637922982 20.55921471416592
10 1.05 20 20.547000930121406 -0.011003130870065898 20.556941964995502
10 1.05 22 20.54663561039334 -0.011055718060003626 20.55521685849771
10 1.05 24 20.546631588946582 -0.011099540718285505 20.553881591427277
10 1.1 10 20.569791242766886 -0.009940063982335292 20.600109925768518
10 1.1 12 20.569775648944933 -0.01012394000369757 20.593010955777583
10 1.1 14 20.56976483487957 -0.010255280018959378 20.58773649777608
10 1.1 16 20.56975689940756 -0.010353785030402256 20.583927420175595
10 1.1 18 20.570146320042152 -0.010430400039304955 20.581150246125087
10 1.1 20 20.569746043873092 -0.010491692046427002 20.579086278616714
10 1.1 22 20.569742172073276 -0.010541840052251238 20.577520354737707
10 1.1 24 20.569738977930054 -0.010583630057106169 20.576308757101838
10 1.15 10 20.593120537573448 -0.009497456083069171 20.620807360490723
10 1.15 12 20.593108045035155 -0.009673161082323188 20.614309929188746
10 1.15 14 20.593099382343162 -0.009798664653218239 20.609489058336997
10 1.15 16 20.593093025175897 -0.009892792331389394 20.606010583301114
10 1.15 18 20.593088163338482 -0.009966002747746481 20.603476009601305
10 1.15 20 20.593372630413786 -0.010024571080826921 20.601593230003473
10 1.15 22 20.593081222507838 -0.010072490626079756 20.600165318794943
10 1.15 24 20.593078660969628 -0.010112423580456414 20.599060858784995
10 1.2 10 20.649262865078967 -0.009091624331017789 20.636589047595496
10 1.2 12 20.61663867057022 -0.009259835250205671 20.644590356376224
10 1.2 14 20.616631666674188 -0.009379985906771433 20.639610870488365
10 1.2 16 20.616626526695104 -0.009470098899194767 20.635428204615426
10 1.2 18 20.616622595316155 -0.00954018678219138 20.632116563901132
10 1.2 20 20.616619492165235 -0.009596257088584064 20.629526659801616
10 1.2 22 20.61661698131119 -0.00964213279382092 20.627493655352243
10 1.2 24 20.616796587561932 -0.009680362548179755 20.625882476157738
10 1.25 10 20.67037400164878 -0.008718175828317836 20.658683400250194
10 1.25 12 20.640337824583398 -0.00887948904878015 20.666059663246212
10 1.25 14 20.64033211323452 -0.008994712777683206 20.661467741389338
10 1.25 16 20.640327921819797 -0.009081130574363242 20.657614433493183
10 1.25 18 20.64032471573931 -0.009148344416220382 20.654565699418114
10 1.25 20 20.64032218478127 -0.00920211548970797 20.652182620984156
10 1.25 22 20.64032013657037 -0.009246110004380732 20.650312697808694
