0.125 0.725 20 0.9655725934952268 -0.22397863373332325 1.6169373251272385 8
0.125 0.725 22 0.9625689948865739 -0.22472456737438262 1.614597562023353 9
0.125 0.725 24 0.9602352680091315 -0.2253461807449385 1.6115432148587703 9
0.125 0.75 10 1.0101798748666373 -0.21231342763488917 1.6542104801352564 5
0.125 0.75 12 0.9949699534077461 -0.2150246319396414 1.6396400873818004 6
0.125 0.75 14 0.9849610583724202 -0.21696417737051088 1.6287786516604266 6
0.125 0.75 16 0.978069404472568 -0.21841944031891591 1.622594866711034 7
0.125 0.75 18 0.9731393246773379 -0.2195514361917089 1.6188454306772404 8
0.125 0.75 20 0.9694965709899406 -0.22045705895943732 1.6159131543152776 8
0.125 0.75 22 0.9667306822655004 -0.22119802854775283 1.6138405102319278 9
0.125 0.75 24 0.9645817689429284 -0.22181550437712494 1.6124402731116665 10
0.125 0.775 10 1.01121100313533 -0.2088493299563346 1.6475111149226493 5
0.125 0.775 12 0.9971189362577842 -0.2115430022324133 1.6345085295502357 6
0.125 0.775 14 0.9878663794191079 -0.21346936242916223 1.62567694434558 7
0.125 0.775 16 0.9815043579004219 -0.21491457502927536 1.6201022239736032 7
0.125 0.775 18 0.9769561237278829 -0.21603871542058578 1.6170059876803105 8
0.125 0.775 20 0.9735963398112409 -0.21693804471703224 1.6144999936658506 9
0.125 0.775 22 0.9710454786628356 -0.21767386297802638 1.6129702063973632 10
0.125 0.775 24 0.9690636247468347 -0.2182870455413198 1.611471496375413 10
0.125 0.8 10 1.0126636416778227 -0.20539339469284265 1.6406512813140859 5
0.125 0.8 12 0.9996014270232068 -0.2080685506706291 1.629882277605576 6
0.125 0.8 14 0.9910421799540079 -0.20998115794172353 1.6223213770869547 7
0.125 0.8 16 0.9851633272772603 -0.21141593514026316 1.6183585627129382 8
0.125 0.8 18 0.9809623593051988 -0.21253193199238285 1.6148244375460192 8
0.125 0.8 20 0.9778594676245064 -0.2134247404404182 1.612609195324238 9
0.125 0.8 22 0.9755036264334174 -0.21415522213758437 1.6112031548291001 10
0.125 0.8 24 0.9736731983831917 -0.21476395727460673 1.6100164697283554 11
0.125 0.825 10 1.0145024043073765 -0.20194855479540252 1.6509016963367176 5
0.125 0.825 12 1.00239024325591 -0.20460428302557995 1.6251696977527519 6
0.125 0.825 14 0.994467220161291 -0.20650259751997707 1.6186129588787228 7
0.125 0.825 16 0.9890298159673396 -0.20792656565555612 1.6149825568179397 8
0.125 0.825 18 0.9851452920709463 -0.20903413655671454 1.6121990055283222 9
0.125 0.825 20 0.9822761550444293 -0.20992020029779052 1.6107561926710998 10
0.125 0.825 22 0.9800976268036097 -0.21064516278101364 1.609061978184327 10
0.125 0.825 24 0.9784048075653021 -0.21124929840474208 1.608004382665925 11
0.125 0.85 10 1.0166972144148474 -0.19851765809389416 1.613138287297536 5
0.125 0.85 12 1.0054624052193324 -0.20115311042334275 1.620227653742658 6
0.125 0.85 14 0.9981238240016838 -0.20303661665125644 1.6143526616161934 7
0.125 0.85 16 0.9930903578826121 -0.2044494128074477 1.6114636078111317 8
0.125 0.85 18 0.989494748521652 -0.20554828133118783 1.609069729003289 9
0.125 0.85 20 0.9868387795568833 -0.20642738060650742 1.6076088685085588 10
0.125 0.85 22 0.9848218416062409 -0.20714664439100972 1.606386938042026 11
0.125 0.85 24 0.9832543758585979 -0.20774603100235764 1.6056164454494877 12
0.125 0.875 10 1.0192224183491232 -0.19510346098244313 1.5860297894258282 5
0.125 0.875 12 1.0087984920461084 -0.1977178447842013 1.5975191897985077 6
0.125 0.875 14 1.0019973244043272 -0.1995860492318502 1.603910640564337 7
0.125 0.875 16 0.9973340237657726 -0.20098732108471168 1.6075077429407703 8
0.125 0.875 18 0.9940026864180267 -0.20207721731470013 1.6052351345326006 9
0.125 0.875 20 0.9915415165393154 -0.2029491371044463 1.6042008094169682 10
0.125 0.875 22 0.9896721629280105 -0.20366252646212252 1.6031270311213013 11
0.125 0.875 24 0.9882191431027759 -0.20425701766271379 1.6024659668775096 12
0.125 0.9 10 1.0220560743160032 -0.19170862264435481 1.5597975258200407 5
0.125 0.9 12 1.0123821034209632 -0.19430119463587525 1.6093774294206824 7
0.125 0.9 14 1.0060755927750258 -0.19615362425503238 1.5777281583392142 7
0.125 0.9 16 1.0017520040503516 -0.19754303027798936 1.5827367795777296 8
0.125 0.9 18 0.9986628298667686 -0.19862369145096068 1.58634590371803 9
0.125 0.9 20 0.9963800221206253 -0.19948822214184625 1.5891577039047613 10
0.125 0.9 22 0.9946457367813992 -0.20019556569197236 1.5913108463770613 11
0.125 0.9 24 0.9932974227841654 -0.2007850186885878 1.593104361977294 12
0.125 0.925 10 1.025179373135494 -0.18833569982981826 1.5353448155328706 5
0.125 0.925 12 1.016199403928842 -0.1909057612852739 1.6033707233275247 7
0.125 0.925 14 1.0103486375067106 -0.19274196266524718 1.5526323105769897 7
0.125 0.925 16 1.0063372547939 -0.19411917258261338 1.5981287622768885 9
0.125 0.925 18 1.0034703612471936 -0.19519034379936828 1.5609769132295377 9
0.125 0.925 20 1.0013511660124006 -0.1960472818589546 1.5957819404592248 11
0.125 0.925 22 0.9997407301464702 -0.1967484131485611 1.5658119275627314 11
0.125 0.925 24 0.9984883969706603 -0.19733268924410582 1.594540557529327 13
0.125 0.95 10 1.0285761593434297 -0.18498714219024182 1.5127193176663503 5
0.125 0.95 12 1.0202387336540442 -0.18753403534343294 1.5968195240329586 7
0.125 0.95 14 1.0148082597912649 -0.18935357440082298 1.5293785282854777 7
0.125 0.95 16 1.011084195988745 -0.19071826980484566 1.5924843056003901 9
0.125 0.95 18 1.0084216598667903 -0.19177970477202286 1.5374491022465233 9
0.125 0.95 20 1.0064528050744475 -0.19262885341390873 1.590060341784333 11
0.125 0.95 22 1.0049561332035275 -0.1933236114802093 1.588338246542316 12
0.125 0.95 24 1.0037919416837702 -0.19390257654677098 1.5858516162554006 13
0.125 0.975 10 1.0322325298986819 -0.1816652881684833 1.4918548618614342 5
0.125 0.975 12 1.0244902730417191 -0.1841883936068325 1.5878864862362174 7
0.125 0.975 14 1.019447757604958 -0.18599085565494752 1.5079201274525973 7
0.125 0.975 16 1.015988453706459 -0.18734273072034974 1.5768663981266744 9
0.125 0.975 18 1.013514079338507 -0.18839419249512804 1.5723577620219327 10
0.125 0.975 20 1.0116835904141486 -0.18923536232294844 1.5686959234526936 11
0.125 0.975 22 1.0102915904682253 -0.18992359223166758 1.5657154389200594 12
0.125 0.975 24 1.0092084772763081 -0.19049711716167764 1.5632407063127607 13
0.125 1.0 10 1.0361364940485946 -0.17837236144242796 1.4726621628675551 5
0.125 1.0 12 1.028945753081143 -0.1808710963048439 1.5692345897094855 7
0.125 1.0 14 1.0242616706175904 -0.18265608638890046 1.4881660345002985 7
0.125 1.0 16 1.021046639204729 -0.18399484863403073 1.555670076572847 9
0.125 1.0 18 1.0187457573270056 -0.18503611035090717 1.5511149208529913 10
0.125 1.0 20 1.0170428024005482 -0.18586911997178754 1.5474950918553132 11
0.125 1.0 22 1.015747255978669 -0.1865506733261505 1.5445570990742281 12
0.125 1.0 24 1.0147388396692665 -0.187118634458026 1.5421270938977312 13
%
0.25 0.3 10 1.3810834526022682 -0.2575997844421799 3.2940454182353083 6
0.25 0.3 12 1.3049805940778458 -0.2603874259116035 3.0105089313131868 6
0.25 0.3 14 1.2568674827884827 -0.2624177046868994 2.0683746485664223 3
0.25 0.3 16 1.22409750908419 -0.2639583833707685 1.994781516654231 3
0.25 0.3 18 1.2003099004394138 -0.26516505008543034 1.9481802764380056 4
0.25 0.3 20 1.1822155115312418 -0.2661343113785832 1.9135605780438538 4
0.25 0.3 22 1.1680149603554455 -0.26692920387500246 1.8897098534838932 4
0.25 0.3 24 1.156638657576515 -0.26759250197276635 1.8721585893749448 4
0.25 0.325 10 1.3442249874059344 -0.2537088694233648 3.130911251671943 6
0.25 0.325 12 1.2798804598464866 -0.25650752480540334 2.112297405835711 3
0.25 0.325 14 1.2389717592204186 -0.2585415358236867 2.018904805110242 3
0.25 0.325 16 1.2107477230723906 -0.26008218006558464 1.9563101615571437 3
0.25 0.325 18 1.1900304383752196 -0.26128709057184496 1.9215102835080622 4
0.25 0.325 20 1.1741892737373254 -0.2622539538172567 1.8948039550487177 4
0.25 0.325 22 1.1617597047629413 -0.2630463338958849 1.8757250943826562 4
0.25 0.325 24 1.1518363157270417 -0.2637072399602592 1.861570361564178 5
0.25 0.35 10 1.3160001356705873 -0.24981098604822577 2.997914861280007 6
0.25 0.35 12 1.2609388524646312 -0.2526170586052082 2.0588922339714775 3
0.25 0.35 14 1.2255537705511272 -0.25465198004191986 1.9819512778595365 3
0.25 0.35 16 1.2008256777821649 -0.25619062843130963 1.9346539263841713 4
0.25 0.35 18 1.1825421924494772 -0.2573924927093709 1.9031983785477762 4
0.25 0.35 20 1.1685497149944808 -0.258356125498188 1.881562121354651 4
0.25 0.35 22 1.1576048893023758 -0.2591454529845596 1.8659747993920053 5
0.25 0.35 24 1.148907777626962 -0.25980360770052047 1.8543603669383641 5
0.25 0.375 10 1.2942101230926382 -0.2459093974608154 2.124791152173147 3
0.25 0.375 12 1.2464846155975073 -0.2487192056348533 2.0177815762772093 3
0.25 0.375 14 1.21540431357558 -0.25075243244594103 1.9549572876219328 4
0.25 0.375 16 1.1934599155736683 -0.2522873984440956 1.9156493240558952 4
0.25 0.375 18 1.1771851368272217 -0.25348515986224596 1.8899290324618923 4
0.25 0.375 20 1.1647580169568803 -0.25444489899575645 1.8720754719829262 5
0.25 0.375 22 1.1550816460562965 -0.2552307461778592 1.859148435756496 5
0.25 0.375 24 1.147429463833741 -0.2558858608530312 1.8495012227688816 5
0.25 0.4 10 1.2772588575015442 -0.2420071406556267 2.0758844845033777 3
0.25 0.4 12 1.2353637427195778 -0.2448171065289683 1.9860140777634137 3
0.25 0.4 14 1.207718085985951 -0.24684631079858568 1.9338561662348654 4
0.25 0.4 16 1.1880695220908848 -0.24837617003083393 1.9015403352840226 4
0.25 0.4 18 1.1735041729865614 -0.24956896549171606 1.8801617483259692 4
0.25 0.4 20 1.1624275278399396 -0.25052427470880684 1.8652296941213096 5
0.25 0.4 22 1.153844751017944 -0.2513062914110852 1.8543938905703372 5
0.25 0.4 24 1.1470867524108912 -0.2519581224094155 1.8462579358744422 6
0.25 0.425 10 1.2639847787281755 -0.2381071300343512 2.0367745511222624 3
0.25 0.425 12 1.2267760202250189 -0.24091389986547562 1.9613365603531512 4
0.25 0.425 14 1.2019469958521611 -0.2429370451618674 1.917879984959995 4
0.25 0.425 16 1.1842497614135257 -0.24446060371333847 1.8908824108095699 4
0.25 0.425 18 1.171168754440825 -0.2456477224662525 1.8728915455899782 5
0.25 0.425 20 1.161268709014644 -0.24659815706727511 1.8602799424597016 5
0.25 0.425 22 1.1536327169968625 -0.24737604487560186 1.8511248063905745 5
0.25 0.425 24 1.1476418001519912 -0.2480243765190486 1.8443236500654003 6
0.25 0.45 10 1.2535419170976994 -0.2342122201728846 2.00530731230342 3
0.25 0.45 12 1.2201616031167273 -0.237012729979169 1.941992024491384 4
0.25 0.45 14 1.1977065346692224 -0.23902805742317562 1.905518701121404 4
0.25 0.45 16 1.1817055971403134 -0.2405443135245446 1.8827133975492059 4
0.25 0.45 18 1.1699287821416733 -0.2417251604422081 1.867430570495059 5
0.25 0.45 20 1.1610587425093617 -0.24267033995625323 1.8567038050856455 5
0.25 0.45 22 1.154244268086225 -0.2434438342748947 1.8489306458337944 6
0.25 0.45 24 1.14891297253213 -0.24408846797614983 1.843154274227825 6
0.25 0.475 10 1.2453134691031191 -0.23032523882023592 1.9775244874899978 3
0.25 0.475 12 1.2151228188870005 -0.23311673940004204 1.9266668250601975 4
0.25 0.475 14 1.1947172191853783 -0.2351227386972643 1.895798491950709 4
0.25 0.475 16 1.1802132816046624 -0.23663084499829726 1.8763595872052596 5
0.25 0.475 18 1.169589611627476 -0.23780491047416297 1.863287098003802 5
0.25 0.475 20 1.1616233794441226 -0.23874449868835654 1.8541250715081166 6
0.25 0.475 22 1.155523055295768 -0.23951335682176475 1.847483109744241 6
0.25 0.475 24 1.1507606365417253 -0.24015410449590271 1.8425575750776555 6
0.25 0.5 10 1.238848242037843 -0.22644899960126752 1.9603355381412415 4
0.25 0.5 12 1.211371085859387 -0.22922905402339508 1.9143506189615844 4
0.25 0.5 14 1.192768519302164 -0.23122442849022892 1.8880184977968204 4
0.25 0.5 16 1.1795979055633232 -0.23272365855688568 1.8713321530269615 5
0.25 0.5 18 1.1699970652380278 -0.23389049519720373 1.8600759013982318 5
0.25 0.5 20 1.1628251203344675 -0.234824186197716 1.8522377198160527 6
0.25 0.5 22 1.1573469581737985 -0.2355881797686993 1.8465457958008287 6
0.25 0.5 24 1.1530769049063387 -0.23622486004245044 1.8423251047368048 7
0.25 0.525 10 1.2338139439252893 -0.22258630180629746 1.9433505845269097 4
0.25 0.525 12 1.2086915065880348 -0.22535276590630746 1.9042784859677897 4
0.25 0.525 14 1.19169676018965 -0.22733639713467543 1.8816613225856542 5
0.25 0.525 16 1.17971985842698 -0.22882611757130986 1.867256263035512 5
0.25 0.525 18 1.1710277757257945 -0.22998532292016952 1.8576362214231998 6
0.25 0.525 20 1.1645549265485013 -0.23091283171420968 1.850822438369646 6
0.25 0.525 22 1.159620241726303 -0.2316717420592071 1.8459240021902557 7
0.25 0.525 24 1.1557780709694065 -0.23230417824093683 1.8422888834654678 7
0.25 0.55 10 1.2299631671006834 -0.21873992263433806 1.9293264256840048 4
0.25 0.55 12 1.20691960373182 -0.22149091640089094 1.8958677078130428 4
0.25 0.55 14 1.1913714860132947 -0.22346183174339357 1.8763314596103582 5
0.25 0.55 16 1.1804662482201227 -0.2249414800584907 1.8637063832040732 5
0.25 0.55 18 1.172582502261731 -0.22609268426262974 1.8555619850129093 6
0.25 0.55 20 1.1667260990371462 -0.2270137407271561 1.8496889314729825 6
0.25 0.55 22 1.1622676632063977 -0.22776735626194602 1.8454564327018703 7
0.25 0.55 24 1.1587989732179478 -0.2283953753849708 1.8423956018121992 8
0.25 0.575 10 1.227108949500805 -0.2149126055743232 1.9174800272304775 4
0.25 0.575 12 1.2059261768790297 -0.21764648094558947 1.8886679750861535 5
0.25 0.575 14 1.191686858006409 -0.21960382533569847 1.8717015824430592 5
0.25 0.575 16 1.1817451254478448 -0.2210728930136879 1.8611423889537806 6
0.25 0.575 18 1.1745812241270435 -0.22221575032081162 1.8537636360974592 6
0.25 0.575 20 1.1692696156330062 -0.22313009547982973 1.8486783985543291 7
0.25 0.575 22 1.1652299909253598 -0.22387821033013947 1.8449727099674287 7
0.25 0.575 24 1.162088776007356 -0.2245016428318373 1.8423238153026216 8
0.25 0.6 10 1.2251074693716457 -0.21110704732085428 1.9072485862091344 4
0.25 0.6 12 1.2056074586689463 -0.21382235600665844 1.8823206206136727 5
0.25 0.6 14 1.19255602653721 -0.21576536857339706 1.86732702313323 5
0.25 0.6 16 1.1834813510436741 -0.21722338854523607 1.8584270423621665 6
0.25 0.6 18 1.1769593892174568 -0.21835757166194422 1.8520709237698618 7
0.25 0.6 20 1.172130520071703 -0.21926495554518394 1.8476442008231002 7
0.25 0.6 22 1.1684605765462481 -0.2200073689673322 1.8445505044540258 8
0.25 0.6 24 1.1656077977839956 -0.22062604873418365 1.842150636332935 8
0.25 0.625 10 1.2238459469203222 -0.2073258846934975 1.8981903948859942 4
0.25 0.625 12 1.2058786607190881 -0.21002134820316423 1.8765180542861035 5
0.25 0.625 14 1.1939072695735953 -0.21194934352164183 1.8645731932637584 6
0.25 0.625 16 1.1856134840819728 -0.21339588117787037 1.8558595705502205 6
0.25 0.625 18 1.179664972613888 -0.21452107769446427 1.8503395647887961 7
0.25 0.625 20 1.1752651015886162 -0.2154212582415683 1.8489006879013303 7
0.25 0.625 22 1.1719227227893214 -0.21615777452328427 1.843811193257583 8
0.25 0.625 24 1.16932511511314 -0.21677153913956795 1.8417341265497411 9
0.25 0.65 10 1.2232342630505615 -0.20357168239258408 1.8899495822545092 5
0.25 0.65 12 1.2066696580018346 -0.2062461654224639 1.8709080302900132 5
0.25 0.65 14 1.1956812015770741 -0.20815851891879386 1.8605398163090905 6
0.25 0.65 16 1.1880913466362588 -0.20959316587407573 1.8532563436499871 7
0.25 0.65 18 1.182656137050838 -0.2107090761431761 1.8484145803722944 7
0.25 0.65 20 1.1786386810617406 -0.21160181878137485 1.8452641049647316 8
0.25 0.65 22 1.1755876534599412 -0.21233224742553505 1.8428018810317006 9
0.25 0.65 24 1.1732167409515564 -0.21294093852991336 1.8409723845090433 9
0.25 0.675 10 1.2231991755597946 -0.19984692200786158 1.8822306034281178 5
0.25 0.675 12 1.2079220132086939 -0.20249940964534996 1.863563091018226 5
0.25 0.675 14 1.1978286547442791 -0.2043955465406356 1.8567772849555388 6
0.25 0.675 16 1.190874069582786 -0.20581791647313738 1.850478313545951 7
0.25 0.675 18 1.185899356851385 -0.2069242524853189 1.847583748290199 7
0.25 0.675 20 1.1822238661040738 -0.20780933012879044 1.843553653662956 8
0.25 0.675 22 1.1794329392815743 -0.2085334861967939 1.841417604939155 9
0.25 0.675 24 1.1772642278169605 -0.20913694989097895 1.8399926150506423 10
0.25 0.7 10 1.2236803165964598 -0.19615399243653442 1.8747711184174103 5
0.25 0.7 12 1.2095868422914584 -0.19878357118963996 1.8621955294243355 6
0.25 0.7 14 1.200309004048215 -0.2006629583476819 1.852894220088549 6
0.25 0.7 16 1.1939284993360846 -0.20207268436285397 1.8473746142571499 7
0.25 0.7 18 1.1893679053957689 -0.20316916928839404 1.844072581988792 8
0.25 0.7 20 1.1859991691775913 -0.20404636259213987 1.8414525868432188 9
0.25 0.7 22 1.183441268170896 -0.20476406713089162 1.8394903678291934 9
0.25 0.7 24 1.1814535855606025 -0.20536215440793945 1.838302899622419 10
0.25 0.725 10 1.224627393062322 -0.19249518171522476 1.8672854059796136 5
0.25 0.725 12 1.2116232144778925 -0.1951010241099178 1.8564405415183527 6
0.25 0.725 14 1.2030888024921753 -0.19696316419625506 1.84874578791076 7
0.25 0.725 16 1.1972278860070977 -0.19835989728303208 1.843089677349121 7
0.25 0.725 18 1.1930406299422434 -0.19944626544525823 1.8411197072612875 8
0.25 0.725 20 1.1899479064130984 -0.20031536320416662 1.8388594211213414 9
0.25 0.725 22 1.1875994756237889 -0.20102644371000453 1.8374165246373542 10
0.25 0.725 24 1.1857744325586552 -0.20161901088305315 1.836145911074559 11
0.25 0.75 10 1.2259981904276616 -0.18887267018942117 1.859172125366348 5
0.25 0.75 12 1.2139969001667388 -0.19145402253629504 1.850809240107238 6
0.25 0.75 14 1.206140645719095 -0.19329844996912002 1.8442141815980966 7
0.25 0.75 16 1.2007507961200072 -0.19468185821864642 1.8406428849333736 8
0.25 0.75 18 1.19690095407727 -0.1957578553355842 1.837693586635063 9
0.25 0.75 20 1.1940573132228354 -0.1966186549577947 1.8355218756447806 9
0.25 0.75 22 1.1918977716883787 -0.19732294584853768 1.8344737268895706 10
0.25 0.75 24 1.1902193207281602 -0.1979098549683538 1.833392788064108 11
0.25 0.775 10 1.2277571099660027 -0.18528852490810083 1.8457417723097138 5
0.25 0.775 12 1.2166793537163418 -0.18784469778345295 1.8449302887366241 6
0.25 0.775 14 1.2094422144507426 -0.18967097603959385 1.8391459402468908 7
0.25 0.775 16 1.2044802067832483 -0.19104074437996194 1.8361557819041043 8
0.25 0.775 18 1.200936060533032 -0.19210612796195406 1.8337032097426915 9
0.25 0.775 20 1.1983178273728199 -0.19295843597066925 1.8322557114238225 10
0.25 0.775 22 1.1963291169522339 -0.19365577904773748 1.8309516489777289 11
0.25 0.775 24 1.1947831907138653 -0.19423689830144963 1.828559424529274 11
0.25 0.8 10 1.2298740604280844 -0.181744695122324 1.8166238131023218 5
0.25 0.8 12 1.2196468625463597 -0.1842750561058878 1.8290788557770725 6
0.25 0.8 14 1.2129754598284732 -0.18608277602580328 1.832078480536756 7
0.25 0.8 16 1.208402747463726 -0.18743860629165848 1.8312191546847456 8
0.25 0.8 18 1.2051362170180493 -0.18849314611843362 1.8290290108102245 9
0.25 0.8 20 1.2027225017297036 -0.18933677865242363 1.8278664758522933 10
0.25 0.8 22 1.2008887121113796 -0.1900270235412469 1.8267715906218023 11
0.25 0.8 24 1.199462925356012 -0.19060222762695253 1.8260900135584486 12
0.25 0.825 10 1.2323235874990495 -0.17824300877271262 1.7858729712969201 5
0.25 0.825 12 1.2228798204399498 -0.18074697701307163 1.8319950930645281 7
0.25 0.825 14 1.2167259064732239 -0.18253575582152276 1.8049253114710648 7
0.25 0.825 16 1.2125080623446243 -0.18387736702737834 1.8103459590312636 8
0.25 0.825 18 1.2094942157385127 -0.18492084565268224 1.8141586036956512 9
0.25 0.825 20 1.2072665179826139 -0.18575562894587175 1.8172689418114987 10
0.25 0.825 22 1.205573574883534 -0.1864386335065742 1.8193157206273178 11
0.25 0.825 24 1.2042569782119676 -0.1870078039797619 1.82150712676463 12
0.25 0.85 10 1.235084166123392 -0.17478516986397 1.7572034447828266 5
0.25 0.85 12 1.2263620985761499 -0.1772622120881544 1.8248118360292152 7
0.25 0.85 14 1.2206820541589736 -0.17903169290958418 1.7755402592005658 7
0.25 0.85 16 1.216788271617404 -0.18035882163288502 1.8196187755237327 9
0.25 0.85 18 1.2140049037929006 -0.18139103488154273 1.7845127454713519 9
0.25 0.85 20 1.2119467797176715 -0.18221680570850748 1.8172616379372069 11
0.25 0.85 22 1.210382184946106 -0.18289243641112793 1.7897608104680738 11
0.25 0.85 24 1.2091650602826418 -0.18345546199963417 1.8160020148970921 13
0.25 0.875 10 1.2381376081864892 -0.17137275664016713 1.7308237712074592 5
0.25 0.875 12 1.230080497028031 -0.17382238427614063 1.816987823495158 7
0.25 0.875 14 1.2248348630675627 -0.17557223597527796 1.7484290559537832 7
0.25 0.875 16 1.2212375144109284 -0.17688463678264377 1.8127415828124231 9
0.25 0.875 18 1.218664786844645 -0.17790539421622178 1.8119714078886198 10
0.25 0.875 20 1.2167615686739213 -0.17872200029457735 1.8106158710749773 11
0.25 0.875 22 1.2153141827505 -0.17939013255447392 1.810198098399522 12
0.25 0.875 24 1.2141878727833082 -0.17994690943921984 1.807653145764829 13
0.25 0.9 10 1.241468555689448 -0.16800722048953412 1.7066522570105005 5
0.25 0.9 12 1.2340242648852968 -0.1704289876229638 1.806308576756269 7
0.25 0.9 14 1.2291773105257349 -0.17215890484266852 1.8009806723774981 8
0.25 0.9 16 1.2258515596086688 -0.1734563507125269 1.7950852769601786 9
0.25 0.9 18 1.2234716926024478 -0.1744654760474375 1.7905956767394215 10
0.25 0.9 20 1.221710252153077 -0.17527277639072586 1.7869483201719047 11
0.25 0.9 22 1.2203701118968284 -0.17593329486087045 1.7839782003739788 12
0.25 0.9 24 1.2193268772204195 -0.17648372692006853 1.781509452984149 13
0.25 0.925 10 1.2450640406932565 -0.16468988552046127 1.6845612006461184 5
0.25 0.925 12 1.2381846803769352 -0.1670833874566562 1.7841209454412124 7
0.25 0.925 14 1.2337040093508527 -0.16879309075775956 1.7764268523844218 8
0.25 0.925 16 1.230627473670152 -0.1700753734668898 1.770569086086465 9
0.25 0.925 18 1.228424483843748 -0.17107270493398008 1.7660455739539374 10
0.25 0.925 20 1.2267930326643517 -0.17187057015058796 1.762450411997822 11
0.25 0.925 22 1.2255511975639553 -0.17252336896813114 1.7595301592209895 12
0.25 0.925 24 1.2245840965147015 -0.17306736798311803 1.7571125846025322 13
0.25 0.95 10 1.248913100181483 -0.16142194876070337 1.6644176381623144 5
0.25 0.95 12 1.2425546843078774 -0.1637868210070153 1.7612293373085557 7
0.25 0.95 14 1.2384108796715636 -0.16547605704036034 1.7535209017675213 8
0.25 0.95 16 1.235563336853402 -0.16674298749209965 1.747777896659367 9
0.25 0.95 18 1.233522813156219 -0.1677283781304103 1.7433577641913782 10
0.25 0.95 20 1.232010733173005 -0.16851669066539166 1.7398560845186861 11
0.25 0.95 22 1.230859155518462 -0.16916167365064014 1.7370161959096122 12
0.25 0.95 24 1.2299619426755573 -0.16969915947186207 1.734667768406898 13
0.25 0.975 10 1.253006438118294 -0.15820448093926454 1.6460935184991374 5
0.25 0.975 12 1.2471285613204754 -0.16054039846179485 1.7399040646838775 7
0.25 0.975 14 1.2432948674638435 -0.1622089401222561 1.7323676080010066 8
0.25 0.975 16 1.2406580010074304 -0.16346034860151623 1.7267844464433033 9
0.25 0.975 18 1.2387669133952282 -0.16443366648156021 1.722495898756374 10
0.25 0.975 20 1.2373646129790432 -0.16521232079931084 1.7191028149400747 11
0.25 0.975 22 1.2362960276608346 -0.1658494016058349 1.716353077402509 12
0.25 0.975 24 1.2354630677588807 -0.1663803022780256 1.7140803533176787 13
0.25 1.0 10 1.257336129375017 -0.15503842781534166 1.629468594177945 5
0.25 1.0 12 1.2519016642565128 -0.15734510445646588 1.7202352723546164 7
0.25 1.0 14 1.248353704127728 -0.158992750983676 1.7129223916348058 8
0.25 1.0 16 1.2459108834604478 -0.16022848732933548 1.7075182421742086 9
0.25 1.0 18 1.2441574191821432 -0.161189615703153 1.7033717607090026 10
0.25 1.0 20 1.242856210421825 -0.16195851840989944 1.7000931811940796 11
0.25 1.0 22 1.2418640410568158 -0.16258762062507992 1.6974372587464885 12
0.25 1.0 24 1.2410902356724312 -0.16311187247110692 1.6952426234334306 13
%
0.5 0.3 10 1.7567134491924608 -0.23169683381925318 3.4929047146005616 6
0.5 0.3 12 1.706872398114392 -0.2344992151081051 2.5106770677725945 3
0.5 0.3 14 1.6753396462370431 -0.23651695107631152 2.4304487565013724 3
0.5 0.3 16 1.6529932657818052 -0.23803575407594635 2.390503547767023 4
0.5 0.3 18 1.636088081836229 -0.23921896525780062 2.3579506470766454 4
0.5 0.3 20 1.6229109833258817 -0.24016621320141907 2.3373676049307575 4
0.5 0.3 22 1.6124915480790663 -0.24094147690781612 2.322433856694893 4
0.5 0.3 24 1.6041702096973138 -0.24158761746476487 2.3110787567223596 5
0.5 0.325 10 1.733996254889418 -0.22651570898643714 3.348864309934637 6
0.5 0.325 12 1.6921521400282324 -0.22930509701566235 2.4610920422404057 3
0.5 0.325 14 1.6647687215220783 -0.23130981421058044 2.3898973860794053 3
0.5 0.325 16 1.644953685384277 -0.23281724429041845 2.3664689297981427 4
0.5 0.325 18 1.6299330238294558 -0.2339909429291 2.3426904688198573 4
0.5 0.325 20 1.61831749998951 -0.23493031053832852 2.3261108448811965 4
0.5 0.325 22 1.609225549706769 -0.23569901873764845 2.3138314715344697 5
0.5 0.325 24 1.602027823563305 -0.23633965367826684 2.304447152169734 5
0.5 0.35 10 1.717216166635278 -0.2214283876336131 2.5137396874156983 3
0.5 0.35 12 1.6811432644022426 -0.22420079011917385 2.4246965651835297 3
0.5 0.35 14 1.6568302201374525 -0.22619032749266088 2.380248970164903 4
0.5 0.35 16 1.6390802201053953 -0.22768518003053173 2.350905496409981 4
0.5 0.35 18 1.6257023425853219 -0.22884864431099025 2.3316647654651823 4
0.5 0.35 20 1.615460665842721 -0.22977965663113348 2.3178975905710524 5
0.5 0.35 22 1.6075164169343799 -0.23054146716748283 2.3076449962853 5
0.5 0.35 24 1.6012687151471088 -0.23117633170287152 2.2990772021530637 5
0.5 0.375 10 1.7045707362350115 -0.2164342306296533 2.4696533720895255 3
0.5 0.375 12 1.672760441022406 -0.21918635805666953 2.382937141740567 3
0.5 0.375 14 1.6508848050194276 -0.22115900446325373 2.3630181735758544 4
0.5 0.375 16 1.6349245450587433 -0.22264032922233762 2.3394449363515686 4
0.5 0.375 18 1.6230070198444002 -0.22379297389365982 2.3233807756430402 5
0.5 0.375 20 1.6139703469446882 -0.2247152290293363 2.311791110131809 5
0.5 0.375 22 1.6070105377415356 -0.2254698404297638 2.302882604884484 5
0.5 0.375 24 1.6015620383913323 -0.22609869427627008 2.297026801793442 6
0.5 0.4 10 1.694869359269037 -0.21153286309553088 2.4361100340779682 3
0.5 0.4 12 1.6663390907598121 -0.21426203137437994 2.381410822700861 4
0.5 0.4 14 1.646525255814568 -0.21621642213012077 2.3502806087805843 4
0.5 0.4 16 1.6321630034244905 -0.21768345015721183 2.330616931967153 5
0.5 0.4 18 1.621545252596387 -0.2188247830177312 2.3170076466315237 5
0.5 0.4 20 1.6135583072470625 -0.21973792866638747 2.307133793548549 5
0.5 0.4 22 1.607438673587231 -0.22048506828871853 2.300213691652708 6
0.5 0.4 24 1.6026622119666059 -0.22110768995745286 2.2947932854927076 6
0.5 0.425 10 1.6873330560805446 -0.20672409692897392 2.4091027921859327 3
0.5 0.425 12 1.6614588938830537 -0.2094281237284006 2.365998863513366 4
0.5 0.425 14 1.6434663747676594 -0.2113631560651282 2.3403087877881004 4
0.5 0.425 16 1.6305440669655498 -0.21281524796324072 2.3236079764399977 5
0.5 0.425 18 1.6210774355904989 -0.21394484236890765 2.31199899174098 5
0.5 0.425 20 1.6140001167733142 -0.21484856242067102 2.303871554277674 6
0.5 0.425 22 1.6085966126096085 -0.21558798030026632 2.2977655588608745 6
0.5 0.425 24 1.6043869876757773 -0.21620416439418685 2.2932492561756597 7
0.5 0.45 10 1.6814526138524228 -0.2020078603169399 2.390993367595496 4
0.5 0.45 12 1.6578379858287622 -0.20468496898747648 2.3539109950943953 4
0.5 0.45 14 1.6414913104245057 -0.20659973699562853 2.332202547824801 5
0.5 0.45 16 1.629865449156604 -0.2080363477762484 2.317894938182163 5
0.5 0.45 18 1.6214128270345405 -0.2091538258257033 2.3067469817409423 5
0.5 0.45 20 1.6151218031310755 -0.21004783292424464 2.3010170072476077 6
0.5 0.45 22 1.6103297642099201 -0.2107792986608371 2.2959056259738166 6
0.5 0.45 24 1.6066007342494413 -0.211388854626386 2.292096271067881 7
0.5 0.475 10 1.6768905687366154 -0.19738413860432777 2.3748803624017514 4
0.5 0.475 12 1.6552732240642598 -0.20003287585268018 2.3439822468881464 4
0.5 0.475 14 1.6404263350084536 -0.20192662248492543 2.325395956444681 5
0.5 0.475 16 1.629962868560524 -0.2033472784045703 2.313099863387191 5
0.5 0.475 18 1.6224002298199995 -0.20445230090828057 2.304660289157579 6
0.5 0.475 20 1.6167890281798045 -0.2053363324074168 2.2986908715016425 6
0.5 0.475 22 1.6125210691519984 -0.20605963361662996 2.2943578093910055 7
0.5 0.475 24 1.609202077207288 -0.20666238517299104 2.291123085566655 7
0.5 0.5 10 1.6734162168044429 -0.19285292725181963 2.3616781593718312 4
0.5 0.5 12 1.6536081797963655 -0.19547209611512759 2.3355107877919687 5
0.5 0.5 14 1.6401288088191652 -0.19734417886029468 2.3194899843762316 5
0.5 0.5 16 1.6307031311557436 -0.19874846250555214 2.308926275360956 6
0.5 0.5 18 1.6239204547515484 -0.19984072310826728 2.3016984157759808 6
0.5 0.5 20 1.6188983143314708 -0.20071453889881039 2.296613342850339 7
0.5 0.5 22 1.6150817725249755 -0.20142948044030515 2.292923063277118 7
0.5 0.5 24 1.6121149466839082 -0.20202526530938894 2.2901684420481994 8
0.5 0.525 10 1.670864483429945 -0.1884141958641613 2.350427397804905 4
0.5 0.525 12 1.652716588417043 -0.19100280307672549 2.3280182571293295 5
0.5 0.525 14 1.6404808244492883 -0.19285266997740083 2.314151526019679 5
0.5 0.525 16 1.631978885307571 -0.19424021081843967 2.305122707601584 6
0.5 0.525 18 1.6258800262157522 -0.19531943258422435 2.298934328009309 6
0.5 0.525 20 1.6213700990050357 -0.19618281391641804 2.2945883784806047 7
0.5 0.525 22 1.6179445291807835 -0.19688921748966112 2.291448199976275 8
0.5 0.525 24 1.615282154550712 -0.19747788724782644 2.289081878316239 8
0.5 0.55 10 1.6691110295297729 -0.18406786160033844 2.340477390444755 4
0.5 0.55 12 1.652493842433071 -0.18662507734651235 2.321142627005867 5
0.5 0.55 14 1.6413851715231398 -0.18845225052513004 2.309658261519134 6
0.5 0.55 16 1.633704223936262 -0.1898227189831546 2.301476656056907 6
0.5 0.55 18 1.6282059907189332 -0.19088865239569083 2.2961728884726904 7
0.5 0.55 20 1.6241433549896698 -0.19174140120948646 2.2923809166142846 7
0.5 0.55 22 1.6210583102825755 -0.19243910510929146 2.289771297726163 8
0.5 0.55 24 1.6186607876186 -0.19302052507687104 2.287741157297524 9
0.5 0.575 10 1.6680577452213343 -0.1798137701775524 2.3313558890618107 5
0.5 0.575 12 1.6528524122023485 -0.18233889791466532 2.314538733366436 5
0.5 0.575 14 1.6427622582405035 -0.18414296237453326 2.304596895687849 6
0.5 0.575 16 1.6358109180493683 -0.1854960660834264 2.2977966977049773 6
0.5 0.575 18 1.630841721666703 -0.18654848783098624 2.293228444148073 7
0.5 0.575 20 1.6271714808850786 -0.1873904263280505 2.290128752667929 8
0.5 0.575 22 1.6243846499987304 -0.18807928525576975 2.2877779934289784 8
0.5 0.575 24 1.622218881351809 -0.1886533343849299 2.2860217312433195 9
0.5 0.6 10 1.667624511528322 -0.1756516828476829 2.322701220507461 5
0.5 0.6 12 1.6537190781898243 -0.1781441369892701 2.306848666254051 5
0.5 0.6 14 1.6445474974003964 -0.17992473301941342 2.2997314468697017 6
0.5 0.6 16 1.6382452220934527 -0.18126021441736737 2.2939061825764884 7
0.5 0.6 18 1.633743583355099 -0.18229892659133173 2.290812729510305 7
0.5 0.6 20 1.6304191784937323 -0.18312989690596937 2.2873618301663767 8
0.5 0.6 22 1.6278948664665633 -0.18380978178453933 2.285341753941845 9
0.5 0.6 24 1.6259329889574659 -0.18437635252671689 2.283932077705347 10
0.5 0.625 10 1.66774454365153 -0.17158126798908852 2.3142063317198587 5
0.5 0.625 12 1.655032963507571 -0.1740405575326002 2.302914009341725 6
0.5 0.625 14 1.6466890046893432 -0.17579737551176425 2.2946591153991034 6
0.5 0.625 16 1.6409652056309016 -0.1771150102108327 2.2896076006250583 7
0.5 0.625 18 1.6368783012013843 -0.17813983970341252 2.2865197514089406 8
0.5 0.625 20 1.6338600746736103 -0.17895970359683883 2.284100947571617 9
0.5 0.625 22 1.6315679816056776 -0.17963050136396774 2.2822048260036425 9
0.5 0.625 24 1.6297863750184394 -0.18018949950764543 2.281133928820932 10
0.5 0.65 10 1.6683616764679932 -0.16760209623113528 2.3055246696401435 5
0.5 0.65 12 1.656743921647146 -0.1700278127645859 2.2960401436229256 6
0.5 0.65 14 1.6491455688070473 -0.17176058952073134 2.2892092620489266 7
0.5 0.65 16 1.643938550866673 -0.1730601851088898 2.2814716476386905 7
0.5 0.65 18 1.6402208911871936 -0.1740709830884154 2.2822931460156326 8
0.5 0.65 20 1.6374748940013626 -0.1748796216268452 2.2802116522420572 9
0.5 0.65 22 1.6353891388698647 -0.17554123499362725 2.2788664103550675 10
0.5 0.65 24 1.6337676451723098 -0.17609257946786264 2.2777049709759845 11
0.5 0.675 10 1.669428649957164 -0.1637136382740499 2.2956289927030356 5
0.5 0.675 12 1.6588111035419664 -0.1661054471340565 2.289042413418243 6
0.5 0.675 14 1.6518848778339787 -0.16781396328234738 2.2832202980442418 7
0.5 0.675 16 1.6471407452660343 -0.16909535834610326 2.2800205550866144 8
0.5 0.675 18 1.6437530207034605 -0.17009199974208336 2.277427868537517 9
0.5 0.675 20 1.6412500344702299 -0.1708893129384984 2.2723429456565483 9
0.5 0.675 22 1.6393483751714728 -0.1715416601073013 2.274510807462837 10
0.5 0.675 24 1.6378696812459015 -0.17208528274880097 2.273500808004906 11
0.5 0.7 10 1.6709058839599797 -0.1599152647686485 2.272308607057498 5
0.5 0.7 12 1.6612016454422847 -0.1622728984170508 2.281610491695437 6
0.5 0.7 14 1.6548819844106775 -0.163956976289907 2.2763496470668754 7
0.5 0.7 16 1.6505535982928783 -0.1652200395299361 2.273989986204469 8
0.5 0.7 18 1.6474616969657712 -0.1662024224911767 2.271802503914618 9
0.5 0.7 20 1.6451764369304898 -0.1669883289009338 2.27051864433452 10
0.5 0.7 22 1.6434396454704367 -0.1676313432399936 2.269374968988204 11
0.5 0.7 24 1.6420887917270948 -0.16816718852290183 2.2686754005571528 12
0.5 0.725 10 1.6727604835909848 -0.15620624777850634 2.234809285658369 5
0.5 0.725 12 1.6638894641731963 -0.1585295007065027 2.273617725396997 7
0.5 0.725 14 1.6581179865368443 -0.16018900262207994 2.255154416756638 7
0.5 0.725 16 1.654164018394213 -0.1614336319871199 2.261209930272386 8
0.5 0.725 18 1.6513382026350873 -0.16240167729396307 2.2638132088950274 9
0.5 0.725 20 1.6492486693828738 -0.16317611356021797 2.264363461099815 10
0.5 0.725 22 1.647660029244467 -0.16380974323438724 2.2632836193022223 11
0.5 0.725 24 1.6464240158195187 -0.1643377679630137 2.2627982761485472 12
0.5 0.75 10 1.6749653557634285 -0.15258576346620162 2.1995222046411715 5
0.5 0.75 12 1.6668541599145827 -0.1548744881252558 2.2649781453853786 7
0.5 0.75 14 1.6615788978286405 -0.15650931483144923 2.2191233399805075 7
0.5 0.75 16 1.6579629969463168 -0.15773543662824357 2.259780940034571 9
0.5 0.75 18 1.6553772187309685 -0.15868908705034684 2.2585304236999812 10
0.5 0.75 20 1.6534641703883168 -0.1594520073985813 2.2573877162636076 11
0.5 0.75 22 1.6520090701996832 -0.16007621495705737 2.2567338863724418 12
0.5 0.75 24 1.6508765393183087 -0.16059638792251796 2.2560949261582546 13
0.5 0.775 10 1.6774983897041005 -0.14905289573259048 2.1674386469138613 5
0.5 0.775 12 1.6700800281247181 -0.15130699913666215 2.255543529188854 7
0.5 0.775 14 1.6652546815246725 -0.1529170883288072 2.2534579533412407 8
0.5 0.775 16 1.6619447571165167 -0.15412465628597513 2.25137083926759 9
0.5 0.775 18 1.6595760915285798 -0.15506387588310108 2.250529571995895 10
0.5 0.775 20 1.6578226130524252 -0.15581525156614207 2.249386508912596 11
0.5 0.775 22 1.6564882164371963 -0.15643001348901497 2.249068898510018 12
0.5 0.775 24 1.6554491946562797 -0.15694231509143644 2.2479146824142795 13
0.5 0.8 10 1.680341689159917 -0.1456066406007095 2.13842482521194 5
0.5 0.8 12 1.6735551801219053 -0.1478260813527633 2.2420153800282865 7
0.5 0.8 14 1.6691384252328356 -0.1494114062038146 2.2359688089737735 8
0.5 0.8 16 1.6661060358072604 -0.15060040047984796 2.230208420453644 9
0.5 0.8 18 1.6639342129460724 -0.1515251738468552 2.2258049647324327 10
0.5 0.8 20 1.6623253635124902 -0.15226499254315623 2.222246390547513 11
0.5 0.8 22 1.6611003394909023 -0.15287029874939942 2.219346397755577 12
0.5 0.8 24 1.6601460273552175 -0.1533747205879469 2.216934448468615 13
0.5 0.825 10 1.6834808586216625 -0.14224591118020039 2.2245677941258037 6
0.5 0.825 12 1.677270769389357 -0.1444306967552739 2.2139179180626583 7
0.5 0.825 14 1.6732256370370202 -0.14599126442397556 2.206395836464069 8
0.5 0.825 16 1.670445475270183 -0.14716169055718364 2.200737371724806 9
0.5 0.825 18 1.6684524933831248 -0.14807202201674036 2.1963678338583343 10
0.5 0.825 20 1.6669750166477924 -0.14880028718574412 2.192893538061833 11
0.5 0.825 22 1.6658493184062027 -0.14939614050591732 2.190067947441992 12
0.5 0.825 24 1.6649719178857596 -0.14989268493940205 2.187725684394242 13
0.5 0.85 10 1.686904350239545 -0.1389695430791827 2.1970613512732293 6
0.5 0.85 12 1.6812203188134913 -0.14111972725344396 2.186632908509041 7
0.5 0.85 14 1.677513647179901 -0.1426555773534687 2.1792480649415404 8
0.5 0.85 16 1.6749631074146056 -0.14380746515645434 2.1737581379093367 9
0.5 0.85 18 1.6731329126335348 -0.14470337790449947 2.1695287105595225 10
0.5 0.85 20 1.6717749976959586 -0.14542010810361722 2.166173262578025 11
0.5 0.85 22 1.6870846943947508 -0.14600652372111556 2.163447622600335 12
0.5 0.85 24 1.669932252373966 -0.14649520340236544 2.1611902387908244 13
0.5 0.875 10 1.6906028776343225 -0.13577630015235198 2.1717908561883945 6
0.5 0.875 12 1.6853991428642208 -0.1378919805081315 2.161672394005493 7
0.5 0.875 14 1.682001102579739 -0.1394031835324547 2.154530251862991 8
0.5 0.875 16 1.6796599184302654 -0.14053658593662388 2.1492380036555967 9
0.5 0.875 18 1.6779781389377402 -0.14141812114664204 2.1451665087970735 10
0.5 0.875 20 1.6767292222891428 -0.1421233493149991 2.141939390477083 11
0.5 0.875 22 1.6757762910440464 -0.14270035418003524 2.1393196097955562 12
0.5 0.875 24 1.6750326382858793 -0.14318119156756684 2.137150869843129 13
0.5 0.9 10 1.6945689004044633 -0.13266488048969924 2.1487477465852107 6
0.5 0.9 12 1.6898038579916537 -0.13474619595489293 2.1389839538636237 7
0.5 0.9 14 1.6866875437362896 -0.13623285165689827 2.1321094414409165 8
0.5 0.9 16 1.684537484402812 -0.1373478435143365 2.1270235265042827 9
0.5 0.9 18 1.6829912090044474 -0.138215059407157 2.1231139872880185 10
0.5 0.9 20 1.6818418096755572 -0.1389088321215832 2.1200168816996223 11
0.5 0.9 22 1.6809640950422355 -0.1394764643424868 2.1175035554829584 12
0.5 0.9 24 1.6802786626396298 -0.13994949119323988 2.115423491915452 13
0.5 0.925 10 1.698796180257741 -0.12963392256185607 2.1278284816641824 6
0.5 0.925 12 1.6944319740653409 -0.13168105096165453 2.118434889571779 7
0.5 0.925 14 1.6915730551601131 -0.1331432866989715 2.111833043936767 8
0.5 0.925 16 1.6895976704768854 -0.13423996355009862 2.1069536174012278 9
0.5 0.925 18 1.688175263382058 -0.13509293443632886 2.1032048168269615 10
0.5 0.925 20 1.6871168450474072 -0.13577531114539784 2.100236058548516 11
0.5 0.925 22 1.686307896815163 -0.13633361936191235 2.097827450228951 12
0.5 0.925 24 1.685675690825472 -0.13679887620900805 2.095834393944332 13
0.5 0.95 10 1.7032794070486803 -0.12668201144715402 2.1089051710035536 6
0.5 0.95 12 1.699281559411529 -0.12869516705932074 2.0998829956746565 7
0.5 0.95 14 1.6966579814625051 -0.1301331361091179 2.0935509079562147 8
0.5 0.95 16 1.6948423871664688 -0.13121161292507647 2.0888740696680155 9
0.5 0.95 18 1.6935333323024997 -0.1320504282274791 2.085282274231961 10
0.5 0.95 20 1.692558187320813 -0.13272148046944393 2.0824385259365044 11
0.5 0.95 22 1.691812186104481 -0.1332705232128708 2.08013171431282 12
0.5 0.95 24 1.6912287040760208 -0.13372805883239383 2.0782231183265707 13
0.5 0.975 10 1.7080138908720524 -0.1238076850731535 2.0918471048567153 6
0.5 0.975 12 1.7043509718632877 -0.1257871161867996 2.083190264284389 7
0.5 0.975 14 1.7019427018453028 -0.12720099604274265 2.0771212039880904 8
0.5 0.975 16 1.7002733979267077 -0.1282614059516952 2.072640968077766 9
0.5 0.975 18 1.6990681673675465 -0.12908616921481242 2.0692011384416484 10
0.5 0.975 20 1.698169318718966 -0.12974597982533034 2.0664781839777167 11
0.5 0.975 22 1.6974810009527304 -0.13028582487029883 2.0642696214242466 12
0.5 0.975 24 1.6969421732820598 -0.13073569574110558 2.062442472753642 13
0.5 1.0 10 1.7129953148245924 -0.12100944041219792 2.0765281897238044 6
0.5 1.0 12 1.7096386482219552 -0.12295542689556194 2.0682267190653043 7
0.5 1.0 14 1.7074274561009506 -0.1243454175573135 2.062411991778656 8
0.5 1.0 16 1.7058921723247895 -0.12538791056371987 2.0581212855408064 9
0.5 1.0 18 1.704782114446474 -0.12619873845791899 2.054827706858136 10
0.5 1.0 20 1.7039532323128448 -0.1268474007732883 2.0522208786122706 11
0.5 1.0 22 1.7033178263985986 -0.1273781244858629 2.050106698629951 12
0.5 1.0 24 1.7028199663799475 -0.12782039424634353 2.0483577494088485 13
%
5 0.3 10 10.398161369992218 -0.06912259857708988 10.846691355317567 5
5 0.3 12 10.38950543734432 -0.07034068201400312 10.834428460911878 5
5 0.3 14 10.383847182940356 -0.07121074161182381 10.827633696745837 6
5 0.3 16 10.379975791223766 -0.07186328631018939 10.821809166460287 6
5 0.3 18 10.377212936397266 -0.07237082107558511 10.818168226115036 7
5 0.3 20 10.375171884988259 -0.07277684888790133 10.816248001351264 8
5 0.3 22 10.373620992766558 -0.07310905346161517 10.814022492012839 8
5 0.3 24 10.372414749180285 -0.07338589060637674 10.812602340016658 9
5 0.325 10 10.394752235818064 -0.06431022098760131 10.831831097043196 5
5 0.325 12 10.387546686676501 -0.06545073985849491 10.820393865397797 5
5 0.325 14 10.38286530631501 -0.06626539619485378 10.816837042123629 6
5 0.325 16 10.379662555552692 -0.06687638844712294 10.812972463885346 7
5 0.325 18 10.377374902000573 -0.06735160464333194 10.810576502437351 8
5 0.325 20 10.375683507414413 -0.06773177760029933 10.808588506622032 8
5 0.325 22 10.374397429164267 -0.06804282820145495 10.807212376745225 9
5 0.325 24 10.373396596691686 -0.06830203703575073 10.806244892237242 10
5 0.35 10 10.392472438871392 -0.06008736669009035 10.817683805013878 5
5 0.35 12 10.386472193542726 -0.06115862934129598 10.810786610499754 6
5 0.35 14 10.382579148391017 -0.06192381694930157 10.80648911127476 7
5 0.35 16 10.379912359211598 -0.06249770765530565 10.803792594881918 8
5 0.35 18 10.378004970733933 -0.06294406709330924 10.801801085942282 8
5 0.35 20 10.376593158916425 -0.06330115464371174 10.800437647292988 9
5 0.35 22 10.37551869148259 -0.06359331718495066 10.799439885692399 10
5 0.35 24 10.374681907475415 -0.06383678596931566 10.798674975388487 11
5 0.375 10 10.391153727035517 -0.05635614916085859 10.803507752396005 5
5 0.375 12 10.38614976323516 -0.05736532768111985 10.798426878730865 6
5 0.375 14 10.382899212964478 -0.05808616948130762 10.795324567365059 7
5 0.375 16 10.380668034743964 -0.058626800831448486 10.793307329831698 8
5 0.375 18 10.379069453856477 -0.059047291881557454 10.791916871212688 9
5 0.375 20 10.377884551884398 -0.05938368472164475 10.790921228307022 10
5 0.375 22 10.376981731641042 -0.05965891522717131 10.790182074409671 11
5 0.375 24 10.376277943268715 -0.059888273981775576 10.789619760758729 12
5 0.4 10 10.390683308920194 -0.05303843138957974 10.788541724861823 6
5 0.4 12 10.386504066367722 -0.053991732565417366 10.784959413381905 7
5 0.4 14 10.383782146214786 -0.05467266197672933 10.782781291240475 8
5 0.4 16 10.38190904606931 -0.05518335903521405 10.781338888060896 9
5 0.4 18 10.380564210963442 -0.05558056785848006 10.780352350067613 10
5 0.4 20 10.379565683482973 -0.055898334917092285 10.779634344098163 11
5 0.4 22 10.378803784642878 -0.056158326146866624 10.77910623635531 12
5 0.4 24 10.37820913568567 -0.05637498550501108 10.77869779777128 13
5 0.425 10 10.39099067870611 -0.05007126073018904 10.772380542502999 6
5 0.425 12 10.387496351838157 -0.050974073321958656 10.770077158885638 7
5 0.425 14 10.385212652412127 -0.05161893945893737 10.764107041615443 8
5 0.425 16 10.383636422701803 -0.052102589061671145 10.760446615080623 9
5 0.425 18 10.382501966025394 -0.05247876097490842 10.757593814990106 10
5 0.425 20 10.381657938054827 -0.052779698505498296 10.75530599827333 11
5 0.425 22 10.381012830659241 -0.05302592012143574 10.753432707166589 12
5 0.425 24 10.380508606254603 -0.05323110480138361 10.751870729679208 13
5 0.45 10 10.392033037179509 -0.04740346862523624 10.729468832052213 6
5 0.45 12 10.38910907042899 -0.04826048824204956 10.72321720474211 7
5 0.45 14 10.387190526469466 -0.04887264511120143 10.718732589548157 8
5 0.45 16 10.385861897534099 -0.049331762763066105 10.715367894130855 9
5 0.45 18 10.384902994396146 -0.04968885427007156 10.712753295969579 10
5 0.45 20 10.384187919146424 -0.049974527475675955 10.71066428694867 11
5 0.45 22 10.383640295087325 -0.05020826009844325 10.708957369219414 12
5 0.45 24 10.383211540560875 -0.050403037284082665 10.707536736720773 13
5 0.475 10 10.393782996601834 -0.04499311565402067 10.691767381285764 6
5 0.475 12 10.39133471281871 -0.045808449716615 10.685961952055836 7
5 0.475 14 10.389721380529753 -0.04639083118989594 10.681827683625963 8
5 0.475 16 10.388600053192272 -0.046827617294857946 10.678739472417579 9
5 0.475 18 10.387788287433391 -0.047167339820938216 10.67634675044432 10
5 0.475 20 10.387181362852957 -0.04743911784180362 10.674439059091466 11
5 0.475 22 10.386715528446917 -0.047661481677056215 10.672882792805881 12
5 0.475 24 10.386350107511303 -0.04784678487310078 10.671589177275424 13
5 0.5 10 10.39621960742369 -0.04280555462928797 10.661029707367152 6
5 0.5 12 10.394168197171897 -0.04358281021928956 10.65565653004585 7
5 0.5 14 10.392810354516559 -0.044137992783576385 10.651849576231543 8
5 0.5 16 10.391862972964827 -0.044554379706791006 10.64901478649234 9
5 0.5 18 10.39117487341127 -0.04487823620262496 10.646823123118688 10
5 0.5 20 10.390658951306303 -0.04513732139929254 10.645078474287551 11
5 0.5 22 10.39026199266033 -0.04534930019656564 10.643656927076636 12
5 0.5 24 10.389949934682845 -0.045525949194292196 10.642476421630578 13
5 0.525 10 10.399322612264548 -0.040811949223677146 10.636055141555316 6
5 0.525 12 10.397602201612571 -0.04155430650336985 10.63108749848939 7
5 0.525 14 10.396458322745737 -0.04208456170315043 10.627580818780144 8
5 0.525 16 10.395657059551917 -0.042482253102985756 10.62497568607669 9
5 0.525 18 10.395073073982074 -0.042791568636191414 10.622964829442443 10
5 0.525 20 10.394633892226816 -0.043039021062754965 10.621366024198514 11
5 0.525 22 10.394295085786283 -0.04324148213903607 10.620064517009 12
5 0.525 24 10.394028123508152 -0.04341019970260215 10.618984497274432 13
5 0.55 10 10.40306935414025 -0.0389881311500926 10.615882961253098 6
5 0.55 12 10.401624811472216 -0.039698404747810605 10.611289347988018 7
5 0.55 14 10.400660099256644 -0.04020574303189537 10.608055573220101 8
5 0.55 16 10.399981633384794 -0.04058624674495861 10.605657421607173 9
5 0.55 18 10.39948538644904 -0.04088219407734118 10.603808635157234 10
5 0.55 20 10.399111012438716 -0.04111895194324698 10.602340060496513 11
5 0.55 22 10.398821396726241 -0.04131266292444219 10.601145437576942 12
5 0.55 24 10.398592629684341 -0.04147408874210592 10.600154693340375 13
5 0.575 10 10.407433611401652 -0.037313711084566485 10.59973982770477 6
5 0.575 12 10.406218833034064 -0.037994401502117726 10.595488027033944 7
5 0.575 14 10.405404103828005 -0.03848060894322551 10.592501131089229 8
5 0.575 16 10.404828850498264 -0.0388452645240562 10.590289100722735 9
5 0.575 18 10.40440658630532 -0.03912888553136837 10.588585470624308 10
5 0.575 20 10.40408699929778 -0.0393557823372184 10.587233202776916 11
5 0.575 22 10.403839053480935 -0.0395414251783689 10.586133830983226 12
5 0.575 24 10.403642695227123 -0.03969612754599417 10.58522251145111 13
5 0.6 10 10.412385664334556 -0.0357713813631906 10.586999034669462 6
5 0.6 12 10.411362172850406 -0.03642471813239032 10.5830581123863 7
5 0.6 14 10.410672967910571 -0.036891387253247546 10.580294118786727 8
5 0.6 16 10.41018447297884 -0.037241389093890874 10.578249388359296 9
5 0.6 18 10.409824620133632 -0.03751361274772382 10.576675843144443 10
5 0.6 20 10.409551386789703 -0.037731391670790725 10.575427578006137 11
5 0.6 22 10.409338781590478 -0.037909574426025834 10.574413238556756 12
5 0.6 24 10.409169964057797 -0.03805806005538992 10.573572729339562 13
5 0.625 10 10.41789302942966 -0.03434636481377737 10.577149207559755 6
5 0.625 12 10.417028789929681 -0.0349743428340545 10.573490413813527 7
5 0.625 14 10.416444640642341 -0.035422898562823754 10.570927613751868 8
5 0.625 16 10.416029087243997 -0.03575931535940139 10.569033379242715 9
5 0.625 18 10.415721908264235 -0.03602097286784918 10.567576580012329 10
5 0.625 20 10.415487923018604 -0.03623029887460917 10.566421492984201 11
5 0.625 22 10.415305322350477 -0.036401565607411125 10.565483235069106 12
5 0.625 24 10.415159940549934 -0.03654428788474762 10.564706015801342 13
5 0.65 10 10.423921459405017 -0.03302597583894552 10.56977025024803 6
5 0.65 12 10.42318986299048 -0.03363038607460302 10.566367345202954 7
5 0.65 14 10.422693669107694 -0.03406210767150046 10.563986271903039 8
5 0.65 16 10.422339465837634 -0.03438589886917421 10.562227613677052 9
5 0.65 18 10.426296128993929 -0.03463773646736535 10.560875792733405 10
5 0.65 20 10.42187604046314 -0.03483920654591787 10.559804376818315 11
5 0.65 22 10.421718940175387 -0.03500404570109781 10.558934365117093 12
5 0.65 24 10.421593526524813 -0.03514141166374712 10.558213869455589 13
5 0.675 10 10.430435956368004 -0.03179926839427085 10.564514789547582 6
5 0.675 12 10.429814943600656 -0.032381723897821194 10.561344070719182 7
5 0.675 14 10.429392441426224 -0.03279776354321553 10.55912735880904 8
5 0.675 16 10.429089873765093 -0.03310979327726108 10.557491064744587 9
5 0.675 18 10.428864765976355 -0.03335248307040691 10.556233851239394 10
5 0.675 20 10.428692245274558 -0.03354663490492438 10.555237756599814 11
5 0.675 22 10.428556840188959 -0.0337054864058926 10.554429127149708 12
5 0.675 24 10.428448461456995 -0.03383786265670011 10.55375961431204 13
5 0.7 10 10.437401661713468 -0.030656751737325204 10.561093782706111 6
5 0.7 12 10.436872969430445 -0.031218709790175377 10.558133963919238 7
5 0.7 14 10.436512275977552 -0.03162010839935329 10.55606616167736 8
5 0.7 16 10.43625320949154 -0.031921157356236886 10.554540540681034 9
5 0.7 18 10.436059898658291 -0.03215530654492369 10.553368791844665 10
5 0.7 20 10.435911324534585 -0.03234262589587407 10.552440677177598 11
5 0.7 22 10.43579439780486 -0.03249588718301502 10.551687407379069 12
5 0.7 24 10.435700569850962 -0.03262360492229876 10.551063848344846 13
5 0.725 10 10.444784566015565 -0.029590159413280276 10.55926528471617 6
5 0.725 12 10.444333084801634 -0.030132940431722363 10.556497308044205 7
5 0.725 14 10.444024308203717 -0.03052064115918009 10.55456467789897 8
5 0.725 16 10.443801935634948 -0.0308114167047729 10.553139380612818 9
5 0.725 18 10.443635552438026 -0.03103757546245712 10.552045026779192 10
5 0.725 20 10.443507331523923 -0.031218502468602794 10.551178426383322 11
5 0.725 22 10.443406162050671 -0.03136653365545127 10.55047522069 12
5 0.725 24 10.44332477887698 -0.03148989297782379 10.549893199314253 13
5 0.75 10 10.452552030743975 -0.028592260348892968 10.558825624677539 6
5 0.75 12 10.452165261382621 -0.029117064086686125 10.55623244922097 7
5 0.75 14 10.456079445608605 -0.029491923899395218 10.554422774337553 8
5 0.75 16 10.451708795926464 -0.02977306875892794 10.553088628557557 9
5 0.75 18 10.45156524791713 -0.029991736983009727 10.55206453487917 10
5 0.75 20 10.451454348510113 -0.030166671562272585 10.551253742070122 11
5 0.75 22 10.45136663319756 -0.03030979985439912 10.550595932899455 12
5 0.75 24 10.451295907674027 -0.03042907343116995 10.550051560907896 13
5 0.775 10 10.460673139456262 -0.0276567034732979 10.55960242902116 6
5 0.775 12 10.46034073683752 -0.028164622957266527 10.557168819651306 7
5 0.775 14 10.460112478201664 -0.028527422588673256 10.555471224934395 8
5 0.775 16 10.459947338079836 -0.028799522312228994 10.554220088383815 9
5 0.775 18 10.459823185139115 -0.029011155430548736 10.55325993345367 10
5 0.775 20 10.459727048493638 -0.02918046192520533 10.552499899467746 11
5 0.775 22 10.459650836836555 -0.029318985420834002 10.551883361993037 12
5 0.775 24 10.459589251033814 -0.029434421667189726 10.551373206336304 13
5 0.8 10 10.46911890706185 -0.026777889201949505 10.561449069239274 6
5 0.8 12 10.468832300212213 -0.0272699227600163 10.559161396904054 7
5 0.8 14 10.468635167804614 -0.02762137530149176 10.557566187624737 8
5 0.8 16 10.468492272452792 -0.02788496470760019 10.556390818228737 9
5 0.8 18 10.468384621564756 -0.02808997869012667 10.555488988564692 10
5 0.8 20 10.468301086995822 -0.02825398987614981 10.554775235449805 11
5 0.8 22 10.468234725975186 -0.028388180846531094 10.554196314643983 12
5 0.8 24 10.46818098945192 -0.02850000665518161 10.553717335590244 13
5 0.825 10 10.477862377932453 -0.02595086257475217 10.564240215308256 6
5 0.825 12 10.477614455340063 -0.02642792425326027 10.562086274102246 7
5 0.825 14 10.477443691012787 -0.02676868259505075 10.613356554735894 7
5 0.825 16 10.477319698680347 -0.027024251351393958 10.559478735263907 9
5 0.825 18 10.47722611524115 -0.027223027050772428 10.55863023408098 10
5 0.825 20 10.47715335694264 -0.02738204761027465 10.55795877989047 11
5 0.825 22 10.477095444574994 -0.027512155340778274 10.557414228178699 12
5 0.825 24 10.47704845928333 -0.027620578449530947 10.55696372660135 13
5 0.85 10 10.486878641247745 -0.02517122395047807 10.613014645904382 5
5 0.85 12 10.486663491478307 -0.025634152566711543 10.565837095510776 7
5 0.85 14 10.48651512244185 -0.02596481586402077 10.564421595488541 8
5 0.85 16 10.486407230386073 -0.026212813337003173 10.563379083441431 9
5 0.85 18 10.486325663634108 -0.02640570026043425 10.562579452002248 10
5 0.85 20 10.486262137436869 -0.026560009799178153 10.561946746641281 11
5 0.85 22 10.486211483608168 -0.02668626305815067 10.561433670636198 12
5 0.85 24 10.486170314322127 -0.02679147410729413 10.56100924311555 13
5 0.875 10 10.496144787637474 -0.024435054013717906 10.61524025023422 5
5 0.875 12 10.495957486266393 -0.024884621047987904 10.570322170877116 7
5 0.875 14 10.495828189747327 -0.025205740358181523 10.568985706905012 8
5 0.875 16 10.495734044001058 -0.02544657984082769 10.617190339572659 9
5 0.875 18 10.495662764462162 -0.025633899438439526 10.567246826695913 10
5 0.875 20 10.495607163021202 -0.025783755116529056 10.566649696906179 11
5 0.875 22 10.495562756464716 -0.025906364307694666 10.566165511873955 12
5 0.875 24 10.495526605836126 -0.026008538633665045 10.565765012406358 13
5 0.9 10 10.505639826408654 -0.02373885051156545 10.618246590470157 6
5 0.9 12 10.505476261414902 -0.024175767009280064 10.619212197936063 6
5 0.9 14 10.505363252800198 -0.024487850221933727 10.574198457396747 8
5 0.9 16 10.505280873058007 -0.02472191263142447 10.573268075335086 9
5 0.9 18 10.50521842017451 -0.02490396117213932 10.572554630115668 10
5 0.9 20 10.505169635295301 -0.025049600004711497 10.571990232257976 11
5 0.9 22 10.505130615751849 -0.025168759049540423 10.571532623136859 12
5 0.9 24 10.505098803251503 -0.02526805825356831 10.57115413041983 13
5 0.925 10 10.51534457819337 -0.023079474651894798 10.621961038072874 6
5 0.925 12 10.515201307078364 -0.02350439727816682 10.581187976773471 7
5 0.925 14 10.515102247644272 -0.0238079134397886 10.579991485487497 8
5 0.925 16 10.515029964854998 -0.02403555056100438 10.579110683181682 9
5 0.925 18 10.514975103212196 -0.024212601655283498 10.578435328147172 10
5 0.925 20 10.514932194210392 -0.024354242530707927 10.577901107619674 11
5 0.925 22 10.514897828968918 -0.024470130519691005 10.577467995588547 12
5 0.925 24 10.514869773097045 -0.024566703843843612 10.57710978500991 13
5 0.95 10 10.525241554043532 -0.022454105498070663 10.589068636622775 6
5 0.95 12 10.52511568698163 -0.022867641864541623 10.58743954903705 7
5 0.95 14 10.525028607867068 -0.02316302498345007 10.586305164736906 8
5 0.95 16 10.526596151148427 -0.02338456232263256 10.585470184283269 9
5 0.95 18 10.524916695237543 -0.023556869141994525 10.58483002305388 10
5 0.95 20 10.52487886239212 -0.023694714597484692 10.584323679348838 11
5 0.95 22 10.524848526522987 -0.023807497242887974 10.583913193092712 12
5 0.95 24 10.524823729777614 -0.02390148278072175 10.583573712688374 13
5 0.975 10 10.535314828909781 -0.021860201012564168 10.595710872994752 6
5 0.975 12 10.632116591490504 -0.022262914377240508 10.626917058899831 2
5 0.975 14 10.535127172777848 -0.022550566780580317 10.593087302789776 8
5 0.975 16 10.535071071711206 -0.02276630608308499 10.592294748744944 9
5 0.975 18 10.633132878958861 -0.02293410331836813 10.63092572976916 2
5 0.975 20 10.53499497251978 -0.0230683411065924 10.591206622314353 11
5 0.975 22 10.53496813222789 -0.023178172024231378 10.590817073267127 12
5 0.975 24 10.534946168399852 -0.023269697788931048 10.590494923034512 13
5 1.0 10 10.545549915031673 -0.02129546465339165 10.636734347921324 4
5 1.0 12 10.545451936817763 -0.021687878078621506 10.601315553185657 7
5 1.0 14 10.638032309732742 -0.021968173382358226 10.63443745844459 2
5 1.0 16 10.545334470418872 -0.02217839486015947 10.59953885798301 9
5 1.0 18 10.545296708684953 -0.02234190045400617 10.598961486007715 10
5 1.0 20 10.545267085141049 -0.02247270492908257 10.59850486412775 11
5 1.0 22 10.545243283748762 -0.022579726772326537 10.598134725092123 12
5 1.0 24 10.545223787180722 -0.022668911641697664 10.597828639140424 13
%
10 0.3 10 20.31505251129814 -0.03654208067135908 20.64911014656204 6
10 0.3 12 20.311104220339306 -0.03720910062575231 20.645025606397954 6
10 0.3 14 20.30853788254649 -0.037685543450317945 20.64251402151314 7
10 0.3 16 20.306775118215427 -0.038042875568743334 20.64087473053873 8
10 0.3 18 20.3055113470728 -0.03832080054974028 20.63974614493351 9
10 0.3 20 20.30457409547805 -0.03854314053453833 20.638936554974652 10
10 0.3 22 20.303859624066472 -0.038725055067555074 20.638335703949192 11
10 0.3 24 20.303302425883345 -0.038876650511735285 20.637877927979936 12
10 0.325 10 20.314295987570443 -0.03380033478951304 20.633324782457656 6
10 0.325 12 20.311149217386028 -0.03441857652089389 20.630708525136452 7
10 0.325 14 20.309096334611983 -0.034860177757594715 20.62910125867731 8
10 0.325 16 20.307681445015582 -0.03519137868512025 20.628042327799182 9
10 0.325 18 20.306664246032103 -0.03544897940652872 20.62731014392337 10
10 0.325 20 20.305908131192577 -0.03565505998365609 20.626780853540676 11
10 0.325 22 20.305330638073865 -0.035823671364941134 20.62638720145647 12
10 0.325 24 20.304879535315557 -0.035964180849345766 20.62608538458365 13
10 0.35 10 20.314567440844872 -0.03143358684012222 20.605163735924208 6
10 0.35 12 20.312055592549836 -0.03200948820730066 20.599989960141095 7
10 0.35 14 20.31040910023343 -0.03242084632671309 20.59625363783397 8
10 0.35 16 20.3092697155253 -0.03272936491627309 20.593438986370213 9
10 0.35 18 20.30844785432213 -0.032969323819263416 20.591245760849233 10
10 0.35 20 20.30783524196292 -0.03316129094165744 20.5894899002917 11
10 0.35 22 20.307366251209487 -0.033318354950887356 20.588053003446923 12
10 0.35 24 20.306999167094297 -0.03344924162524538 20.586855663208826 13
10 0.375 10 20.315800450576898 -0.02937067407209411 20.563308374841725 6
10 0.375 12 20.313793305480054 -0.029909504912774502 20.55857969672474 7
10 0.375 14 20.31247057293273 -0.030294384084690363 20.555203226453454 8
10 0.375 16 20.311551078126076 -0.030583043463626183 20.552676619546485 9
10 0.375 18 20.310885300189526 -0.0308075563139095 20.55071655858356 10
10 0.375 20 20.310387428646287 -0.030987166594136202 20.549152347582535 11
10 0.375 22 20.310005224656482 -0.031134120459776884 20.547875349894934 12
10 0.375 24 20.30970535449187 -0.03125658201447635 20.546813246461383 13
10 0.4 10 20.317950177211927 -0.027557190611204364 20.530994758880638 6
10 0.4 12 20.31634463502815 -0.028063313245907513 20.526700955169687 7
10 0.4 14 20.31528058638483 -0.028424829413551653 20.523656490416286 8
10 0.4 16 20.314537308624676 -0.02869596653928604 20.521388173035277 9
10 0.4 18 20.31399687154654 -0.02890685097041171 20.51963368647194 10
10 0.4 20 20.313591272418755 -0.029075558515312978 20.5182365581164 11
10 0.4 22 20.313278929472578 -0.029213591961141403 20.51709785207829 12
10 0.4 24 20.313033201477296 -0.029328619832664517 20.51615201118876 13
10 0.425 10 20.320976381105307 -0.025950874010577368 20.506149277501585 6
10 0.425 12 20.31969020588159 -0.026427936493547674 20.50225679511843 7
10 0.425 14 20.318832981358437 -0.026768695409955048 20.499509690242803 8
10 0.425 16 20.318231160428546 -0.027024264597262065 20.49746897341223 9
10 0.425 18 20.317791638991523 -0.02722304063183311 20.49589379077171 10
10 0.425 20 20.322648758119023 -0.02738206145949033 20.49464137038257 11
10 0.425 22 20.317204618665844 -0.027512169409389674 20.493621820974646 12
10 0.425 24 20.317002706688132 -0.027620592700976467 20.492775761543914 13
10 0.45 10 20.324835134820766 -0.024518423668738267 20.487220605668018 6
10 0.45 12 20.323802627430506 -0.024969505137699712 20.483689246973086 7
10 0.45 14 20.32311070056339 -0.025291706186959088 20.481205037318983 8
10 0.45 16 20.322622483880235 -0.025533356973903763 20.47936350096753 9
10 0.45 18 20.32226431486312 -0.025721307585970153 20.47794419105575 10
10 0.45 20 20.321993371812063 -0.02587166807562575 20.476816977134547 11
10 0.45 22 20.321783255839694 -0.025994690294432434 20.475900164213513 12
10 0.45 24 20.321616919170847 -0.02609720881010602 20.475139901248525 13
10 0.475 10 20.32947643724065 -0.02323326222312209 20.473034074047032 6
10 0.475 12 20.328645224308854 -0.023660983655811322 20.469823981447963 7
10 0.475 14 20.32808533587249 -0.023966498964877462 20.467571025592935 8
10 0.475 16 20.327688359018875 -0.024195635446675096 20.465903507985878 9
10 0.475 18 20.32739581665435 -0.02437385271029688 20.464619757567938 10
10 0.475 20 20.32717361195297 -0.024516426521193596 20.463601073654406 11
10 0.475 22 20.32700065354913 -0.02463307782101898 20.462773090364422 12
10 0.475 24 20.32686327332047 -0.024730287237538368 20.462086863806277 13
10 0.5 10 20.33484509882085 -0.022073931501201568 20.46268926487299 6
10 0.5 12 20.334173587705934 -0.022480541149740196 20.459763662536268 7
10 0.5 14 20.333719156034995 -0.022770976612982014 20.457713926308827 8
10 0.5 16 20.33339547025378 -0.02298880321041445 20.456198603326595 9
10 0.5 18 20.33315590131762 -0.023158223897303813 20.455033022553057 10
10 0.5 20 20.332973199261883 -0.023293760446818378 20.454108718168452 11
10 0.5 22 20.3328304610457 -0.023404653987328893 20.453357839556322 12
10 0.5 24 20.332716699348524 -0.023497065271087497 20.452735782509393 13
10 0.525 10 20.340882964158492 -0.02102292397890094 20.45548776287785 6
10 0.525 12 20.340338250311078 -0.021410364027099744 20.452813822368018 7
10 0.525 14 20.339968090404128 -0.021687106918671456 20.45094288168165 8
10 0.525 16 20.33970331362955 -0.02189466408734926 20.449560996883672 9
10 0.525 18 20.339506540597775 -0.022056097440767353 20.448498770241113 10
10 0.525 20 20.33935589313862 -0.02218524412350019 20.447656862906204 11
10 0.525 22 20.339237770960555 -0.022290909591191222 20.446973204985056 12
10 0.525 24 20.33914331121261 -0.02237896414760025 20.44640702856934 13
10 0.55 10 20.347531307201997 -0.020065818564091214 20.450881737373994 6
10 0.55 12 20.347087437380804 -0.02043577768938869 20.448430623558846 7
10 0.55 14 20.346784708121266 -0.02070003420746056 20.446717361708398 8
10 0.55 16 20.346567336140048 -0.02089822659601454 20.445452848475515 9
10 0.55 18 20.3464051791027 -0.021052376231556792 20.444481362798793 10
10 0.55 20 20.346280578567725 -0.02117569593998856 20.44371169580499 11
10 0.55 22 20.346182540114057 -0.021276593883251534 20.443086908107787 12
10 0.55 24 20.346103884685572 -0.02136067550263851 20.442569627418166 13
10 0.575 10 20.35473283771065 -0.019190632572335792 20.44843694866772 6
10 0.575 12 20.35436937788275 -0.019544587803935556 20.446183528030364 7
10 0.575 14 20.354120714877695 -0.01979741296936504 20.44460973835834 8
10 0.575 16 20.353941557746186 -0.01998703184343511 20.443448835717124 9
10 0.575 18 20.353807446821218 -0.02013451318993598 20.442557336296364 10
10 0.575 20 20.35370404702038 -0.020252498267135457 20.441851277607753 11
10 0.575 22 20.353622423697978 -0.02034903151211887 20.441278280763477 12
10 0.575 24 20.353556733974937 -0.02042947588293642 20.440803985678915 13
10 0.6 10 20.362433139723432 -0.018387329627443525 20.492314903956242 5
10 0.6 12 20.36213400906868 -0.018726579987626436 20.445728254027305 7
10 0.6 14 20.361928815138352 -0.018968901673472836 20.444278239422975 8
10 0.6 16 20.361780536604584 -0.01915064293785664 20.443209141216087 9
10 0.6 18 20.36166919673099 -0.019291997254600395 20.442388432297445 10
10 0.6 20 20.361583087647492 -0.019405080707994345 20.441738619506154 11
10 0.6 22 20.361514907639403 -0.01949760353350116 20.441211386956443 12
10 0.6 24 20.361459876589798 -0.019574705888088458 20.440775053939635 13
10 0.625 10 20.370581563045786 -0.017647441597128433 20.4905954528515 6
10 0.625 12 20.37033409728594 -0.017973135370546595 20.491531877943892 5
10 0.625 14 20.370163967583178 -0.018205773780132526 20.44544713716681 8
10 0.625 16 20.370040710755646 -0.01838025258732261 20.44445968679447 9
10 0.625 18 20.369947905752923 -0.018515958326246952 20.443701878148993 10
10 0.625 20 20.3698759312354 -0.018624522917385877 20.44310200639363 11
10 0.625 22 20.369818785081147 -0.018713348491954974 20.442615385043904 12
10 0.625 24 20.369772535201932 -0.018787369804095556 20.442212723844353 13
10 0.65 10 20.379131670459522 -0.016963775006211344 20.45091364797375 6
10 0.65 12 20.37892587820253 -0.017276932020550976 20.44913335875004 7
10 0.65 14 20.378784138966225 -0.017500615602224153 20.44789205236851 8
10 0.65 16 20.378681224161966 -0.017668378288480634 20.446977483532635 9
10 0.65 18 20.37860354966826 -0.017798860377788127 20.44627577906856 10
10 0.65 20 20.378543160024538 -0.017903246049235825 20.44572042621701 11
10 0.65 22 20.378495092200268 -0.017988652507693458 20.445269989827448 12
10 0.65 24 20.37845609350604 -0.018059824556406572 20.44489731894535 13
10 0.675 10 20.388041360053943 -0.016330180778903948 20.454236195969298 6
10 0.675 12 20.387869337823226 -0.0166317107450824 20.45258192992937 7
10 0.675 14 20.387750679434717 -0.01684708929235432 20.451428924261265 8
10 0.675 16 20.38766436190682 -0.0170086232028077 20.450579643481948 9
10 0.675 18 20.387599078579463 -0.01713426068871572 20.493161373793964 9
10 0.675 20 20.387548211597338 -0.01723477067744323 20.449412649146197 11
10 0.675 22 20.387507633021748 -0.0173170061227643 20.448994578621615 12
10 0.675 24 20.38747463697051 -0.017385535660532834 20.44864872409104 13
10 0.7 10 20.39727276917885 -0.015741371981839832 20.493375620132152 5
10 0.7 12 20.397128244332823 -0.01603208969556696 20.456979219290886 7
10 0.7 14 20.397028431343006 -0.016239745205370307 20.45590564098867 8
10 0.7 16 20.396955708131504 -0.016395486837724127 20.45511504623706 9
10 0.7 18 20.396900607828567 -0.016516619218444148 20.45450869314684 10
10 0.7 20 20.396857592951022 -0.016613525123019297 20.454028950209086 11
10 0.7 22 20.396823210385445 -0.01669281177221829 20.453639935734163 12
10 0.7 24 20.39679519655465 -0.016758883979882257 20.45331814866897 13
10 0.725 10 20.406792043866226 -0.01519277832372363 20.463635847017578 6
10 0.725 12 20.40667001900098 -0.015473416347491714 20.49722988210589 6
10 0.725 14 20.408489405525913 -0.015673872078753228 20.46119562389716 8
10 0.725 16 20.406524118727578 -0.01582421387720149 20.460457953673636 9
10 0.725 18 20.406477417531004 -0.015941146387106402 20.45989227668782 10
10 0.725 20 20.406440898844593 -0.01603469239502751 20.45944477006381 11
10 0.725 22 20.40641165795758 -0.016111230037873483 20.459081930890424 12
10 0.725 24 20.40638779096027 -0.016175011406913135 20.45878182008672 13
10 0.75 10 20.500394882368525 -0.014680429070892162 20.493734402313574 2
10 0.75 12 20.416465511751092 -0.01495164837843895 20.46812989898428 7
10 0.75 14 20.416393888949184 -0.01514537645525819 20.50156483931035 7
10 0.75 16 20.416341578195066 -0.015290672512871004 20.466503070383126 9
10 0.75 18 20.416301831129545 -0.01540368055768169 20.502015436686655 9
10 0.75 20 20.41627070559001 -0.015494086993531084 20.46555581302343 11
10 0.75 22 20.416245745073113 -0.015568055895590528 20.465216631497114 12
10 0.75 24 20.416225339723567 -0.01562969664730572 20.464936108126764 13
10 0.775 10 20.426576961697734 -0.014200858126853835 20.505109872297396 6
10 0.775 12 20.505814687962395 -0.014463257088494897 20.50154226700253 2
10 0.775 14 20.426427644297508 -0.014650684918239431 20.47380803887543 8
10 0.775 16 20.426382990392533 -0.014791255790544718 20.473161688231222 8
10 0.775 18 20.42634902357193 -0.01490058869122811 20.506650575720656 10
10 0.775 20 20.426322391526583 -0.0149880550117728 20.472274222241857 11
10 0.775 22 20.426301006144218 -0.01505961836494845 20.47195648932889 12
10 0.775 24 20.42628349928916 -0.015119254492594913 20.471693721355862 13
10 0.8 10 20.510508861041064 -0.013751026543755105 20.50451727124126 2
10 0.8 12 20.43671653441823 -0.014005148551924286 20.481790026917647 7
10 0.8 14 20.43666421416424 -0.014186664272044238 20.51156621968991 5
10 0.8 16 20.436625937317658 -0.014322801062135236 20.480358651889173 9
10 0.8 18 20.436596794020144 -0.014428685232205914 20.479893472926673 10
10 0.8 20 20.436573919620244 -0.01451339256826232 20.47952557021175 11
10 0.8 22 20.436555530470656 -0.014582698570491893 20.479227340336475 12
10 0.8 24 20.436540458204124 -0.014640453572348167 20.47898071477627 13
10 0.825 10 20.44719332120008 -0.01332825885119466 20.516516522582748 6
10 0.825 12 20.517153522937154 -0.013574598824680125 20.513302348138765 2
10 0.825 14 20.447083371590733 -0.013750555948599457 20.48860071035814 8
10 0.825 16 20.44705042841621 -0.013882523791539118 20.488029951796335 9
10 0.825 18 20.51790907889501 -0.013985165447157173 20.516272734641063 2
10 0.825 20 20.447005605780802 -0.014067278771653317 20.48724647211125 11
10 0.825 22 20.446989736365996 -0.014134462400786568 20.486966025547417 12
10 0.825 24 20.446976715601345 -0.014190448758395468 20.486734117081433 13
10 0.85 10 20.523067150220974 -0.012930190417691232 20.5176678331416 2
10 0.85 12 20.523672995250696 -0.01316920037586832 20.520014131473857 2
10 0.85 14 20.457667118069555 -0.013339921774564818 20.524023304701526 8
10 0.85 16 20.46091240677006 -0.013467962823588763 20.49612080077837 9
10 0.85 18 20.45761695139178 -0.013567550306161752 20.49570862234253 10
10 0.85 20 20.4575998879757 -0.01364722029221933 20.49538267910323 11
10 0.85 22 20.45758614495095 -0.013712404826269498 20.4951184905234 12
10 0.85 24 20.45757485851316 -0.013766725271308828 20.494900035281685 13
10 0.875 10 20.53010332688781 -0.012554723682091151 20.524972819772266 2
10 0.875 12 20.530679819525243 -0.012786817543597569 20.527201538562625 2
10 0.875 14 20.468399440714034 -0.0129525988732483 20.505091609676974 8
10 0.875 16 20.468374755077303 -0.013076934870483344 20.50458408651951 9
10 0.875 18 20.46835592197819 -0.01317364064611118 20.504195117591994 10
10 0.875 20 20.46834110526704 -0.013251005266612922 20.503887544510533 11
10 0.875 22 20.468329162940638 -0.013314303592481003 20.50363825657234 12
10 0.875 24 20.46831934749863 -0.013367052197368189 20.50343213013022 13
10 0.9 10 20.47933768306935 -0.012199991562476127 20.515448095985633 6
10 0.9 12 20.53812365619751 -0.01242554929381296 20.534814771480523 2
10 0.9 14 20.479266089036425 -0.012586661959054755 20.51385884227542 8
10 0.9 16 20.53864086946886 -0.01270749645798784 20.536838672052003 2
10 0.9 18 20.479228201881106 -0.012801478846043038 20.51301147675065 10
10 0.9 20 20.47921529184519 -0.012876664756488345 20.51272078188347 11
10 0.9 22 20.479204879695043 -0.012938180501400347 20.512485182953256 12
10 0.9 24 20.47919631599393 -0.012989443622159065 20.512290381793274 13
10 0.925 10 20.54543737466095 -0.011864326708680473 20.54079443620623 2
10 0.925 12 20.545960302967966 -0.012083697925196313 20.542810236694674 2
10 0.925 14 20.49025437277479 -0.012240391651280104 20.522924724621063 8
10 0.925 16 20.490235605100825 -0.012357911945840747 20.522470606117157 9
10 0.925 18 20.490221274586673 -0.012449316619390548 20.522122605924896 10
10 0.925 20 20.490209988478274 -0.012522440358227572 20.521847453233814 11
10 0.925 22 20.49020088108347 -0.01258226887182279 20.521624458523355 12
10 0.925 24 20.49019338602358 -0.012632125966483587 20.521440084341876 13
10 0.95 10 20.50140775029503 -0.011546235539933034 20.5536523094863 6
10 0.95 12 20.554150858247688 -0.01175974264340831 20.551149668765547 2
10 0.95 14 20.55443915067034 -0.011912247717317668 20.552272971930847 2
10 0.95 16 20.50133653319733 -0.012026626522750813 20.531827823448662 9
10 0.95 18 20.554742242420165 -0.012115587815868271 20.55346441225591 2
10 0.95 20 20.501314072069984 -0.012186756850358076 20.53123713999132 11
10 0.95 22 20.501306080977585 -0.01224498606039861 20.531025775518643 12
10 0.95 24 20.501299501189965 -0.01229351040209657 20.530851021897952 13
10 0.975 10 20.512599962274876 -0.011244376222330236 20.562185355453114 6
10 0.975 12 20.56266100525211 -0.011452317144688882 20.559799388532277 2
10 0.975 14 20.562936058449147 -0.01160084637494784 20.560870326272397 2
10 0.975 16 20.56310922403346 -0.01171224329764179 20.561549444887476 2
10 0.975 18 20.512526310669333 -0.011798885348621327 20.563225225871 9
10 0.975 20 20.512517602965602 -0.011868198989412314 20.540863259956378 11
10 0.975 22 20.512510570110905 -0.0119249101500554 20.540662648858028 12
10 0.975 24 20.512504776734485 -0.011972169450588587 20.54049678989111 13
10 1.0 10 20.57100626035655 -0.010957539907067496 20.56698468489515 2
10 1.0 12 20.571460399839868 -0.011160190517891888 20.568729674430564 2
10 1.0 14 20.571723015905903 -0.011304940954195514 20.56975152284358 2
10 1.0 16 20.523829118002332 -0.01141350378142091 20.551235341355788 9
10 1.0 18 20.571999102831764 -0.011497941535932707 20.570835838471307 2
10 1.0 20 20.52381168903701 -0.011565491739539416 20.550702501610097 11
10 1.0 22 20.523805481406285 -0.011620760087946252 20.55051185241724 12
10 1.0 24 20.523800365836568 -0.011666817044950283 20.550354232972428 13
