0 0.325 10 1.0630053930640508 -0.2865953637269756 3.0071624576934988
0 0.325 12 0.9608898399304274 -0.2892136040390307 2.7249932988610457
0 0.325 14 0.8912435758307737 -0.2911389201491232 1.7199656617740995
0 0.325 16 0.8417113270334102 -0.292615990332909 1.6222888156590665
0 0.325 18 0.8052524930682984 -0.29378490539257074 1.550444739115799
0 0.325 20 0.7776366049060351 -0.29473228471029334 1.4971212555583582
0 0.325 22 0.7562107505013032 -0.29551490254577034 1.4552263607191507
0 0.325 24 0.7392486638077148 -0.29617167554810636 1.4228223775487028
0 0.375 10 0.9770564844009368 -0.28227298681900403 2.731454521838015
0 0.375 12 0.8959022423916996 -0.2849240186335716 1.7160387028576856
0 0.375 14 0.841285579570191 -0.28687567649976314 1.6094481959354918
0 0.375 16 0.8028018302319242 -0.2883717862622252 1.53412087201251
0 0.375 18 0.7746525454363686 -0.28955356810408533 1.4807663004652794
0 0.375 20 0.7534253943019209 -0.2905091964724638 1.440390718007821
0 0.375 22 0.737014522501652 -0.29129683312973526 1.4098399495057095
0 0.375 24 0.724063913699557 -0.2919564604846553 1.3862251167480233
0 0.425 10 0.9183631926628829 -0.27757255817096815 2.5588457762575256
0 0.425 12 0.853062415583379 -0.2802611117861153 1.6195016651968444
0 0.425 14 0.8095265288842072 -0.282238185090189 1.5341567732953234
0 0.425 16 0.7790221374058702 -0.28375008347236036 1.4786415651989588
0 0.425 18 0.7567904633901396 -0.2849410054564778 1.4371537821410618
0 0.425 20 0.7400747452940999 -0.2859015144403608 1.4068128649927942
0 0.425 22 0.7271881084826372 -0.28669143274658193 1.3840436576395188
0 0.425 24 0.7170479172016334 -0.2873518173846859 1.366599527285314
0 0.475 10 0.8778847869067007 -0.2725382567751422 1.6528968113055351
0 0.475 12 0.8247239300141038 -0.2752631296593662 1.5502801402012585
0 0.475 14 0.7894822751951518 -0.2772611822503319 1.4874530175352767
0 0.475 16 0.7648664528117527 -0.2787840781208849 1.4421648841895385
0 0.475 18 0.7469703660678773 -0.2799800917170144 1.4104050521597586
0 0.475 20 0.7335489688398062 -0.2809424058457401 1.3873831725643322
0 0.475 22 0.7232307451221771 -0.2817323965430504 1.3702651336307043
0 0.475 24 0.7151346835279391 -0.28239199965950573 1.3572615482682033
0 0.525 10 0.8499755047940446 -0.26720801244422177 1.5842931971196028
0 0.525 12 0.8062041660644023 -0.26996374030313564 1.5071692646896409
0 0.525 14 0.7772722663850012 -0.2719766301078633 1.4541586417742962
0 0.525 16 0.7571034679420299 -0.2735055028089289 1.4189822296712697
0 0.525 18 0.7424735236493403 -0.2747029794547894 1.3945252074222796
0 0.525 20 0.7315308526596663 -0.27566462507882294 1.376965872627291
0 0.525 22 0.7231418876980245 -0.27645304652422625 1.3640047290913824
0 0.525 24 0.7165772740489746 -0.2771107863306019 1.3543363274522042
0 0.575 10 0.8309650368122974 -0.2616154667362497 1.5426201497285197
0 0.575 12 0.7945352572831252 -0.26439415435220553 1.4736137082428518
0 0.575 14 0.7704905569149191 -0.2664153617792877 1.4320541396803044
0 0.575 16 0.7537583357937236 -0.26794565154912114 1.404629518062873
0 0.575 18 0.7416510627463704 -0.2691416147226076 1.3857487719373345
0 0.575 20 0.7326202947479656 -0.27010069683772386 1.3721483032608972
0 0.575 22 0.7257154965524614 -0.2708863400196206 1.3625947847238093
0 0.575 24 0.720324898056033 -0.2715414276253754 1.3552672665339967
0 0.625 10 0.8184031485021015 -0.2557916438732626 1.5035407600384998
0 0.625 12 0.787787130766392 -0.2585844666237365 1.4502589651967424
0 0.625 14 0.7675991176480623 -0.2606078689921659 1.4175295230437024
0 0.625 16 0.7535791167139549 -0.26213571672900327 1.3961421871598234
0 0.625 18 0.7434612861932066 -0.26332780340944884 1.3807839465671057
0 0.625 20 0.7359345453774324 -0.26428286143907453 1.371423045614646
0 0.625 22 0.730193069410251 -0.2650647902271174 1.3639805537932403
0 0.625 24 0.7257190521481716 -0.26571659209407855 1.3584710255088606
0 0.675 10 0.8106231172230757 -0.24976614578422068 1.4760294810700216
0 0.675 12 0.7846764524944077 -0.2525643672224109 1.4338250136620156
0 0.675 14 0.7675865016089677 -0.2545845762944659 1.4080897375001942
0 0.675 16 0.7557457412703751 -0.2561068073754651 1.39091414222231
0 0.675 18 0.7472232137468147 -0.25729312614045163 1.3804226119951732
0 0.675 20 0.7408981822615176 -0.2582429784746741 1.372563600799447
0 0.675 22 0.7360823771914494 -0.25902040225788564 1.366924897337184
0 0.675 24 0.7323348806175505 -0.25966834887904655 1.3631445992271873
0 0.725 10 0.8064738825727732 -0.24356788372217078 1.4554504619179902
0 0.725 12 0.7843318973285786 -0.24636342722864948 1.4220668339782363
0 0.725 14 0.7697700109098337 -0.2483758481501388 1.4016694305574515
0 0.725 16 0.7597059094431836 -0.2498898446400537 1.3893638365749004
0 0.725 18 0.7524796562100854 -0.25106882180958867 1.3806946838364547
0 0.725 20 0.7471269466485064 -0.2520124421925706 1.3747082805454367
0 0.725 22 0.743057082519563 -0.25278463166902315 1.3705530004445043
0 0.725 24 0.7398930619529372 -0.2534281656884903 1.3673419554731783
0 0.775 10 0.8051493320822878 -0.23722544215903413 1.439553654059073
0 0.775 12 0.7861499327598997 -0.24001112964152213 1.4131876442447284
0 0.775 14 0.7736782150099002 -0.24201187397705362 1.3982472065271756
0 0.775 16 0.7650794269010746 -0.24351542178813354 1.3881443533627023
0 0.775 18 0.7589177733948756 -0.24468567502708208 1.381530602231816
0 0.775 20 0.7543601686645123 -0.24562210929531653 1.3771442868331647
0 0.775 22 0.7508980868852558 -0.24638834832981507 1.3738147958044338
0 0.775 24 0.7482081659233492 -0.24702689955517218 1.3714220282526786
0 0.825 10 0.8060770608042872 -0.23076718441465252 1.4266673776246792
0 0.825 12 0.7897046928938555 -0.23353676210404536 1.4083578207360976
0 0.825 14 0.7789794345341571 -0.23552250558242688 1.3948081546502282
0 0.825 16 0.7716004131820924 -0.23701365959906492 1.3871631876549346
0 0.825 18 0.7663209249517922 -0.2381739092660905 1.382450235235016
0 0.825 20 0.7624195636201079 -0.23910222664905462 1.3787982603720605
0 0.825 22 0.7594576171948173 -0.23986178923640314 1.3763157382786984
0 0.825 24 0.7571569953656673 -0.24049476586727728 1.3745686617974548
0 0.875 10 0.8088449295394766 -0.2242211928130899 1.4153255946199297
0 0.875 12 0.7946907247631516 -0.22696924221226475 1.4008458593901785
0 0.875 14 0.7854369896990379 -0.22893708032850943 1.3914651789474823
0 0.875 16 0.7790810631243653 -0.23041406326712416 1.3849713888633852
0 0.875 18 0.7745382457557458 -0.23156307823980907 1.3820382191235383
0 0.875 20 0.7711830427519297 -0.23248234773216603 1.37939412689837
0 0.875 22 0.7686363527988671 -0.2332344906573091 1.3776066022943958
0 0.875 24 0.7666584430066546 -0.23386127954840655 1.376189345674885
0 0.925 10 0.8131521095139607 -0.21761511195696487 1.4001407031060464
0 0.925 12 0.8008859326879865 -0.2203369149755869 1.3944613984382643
0 0.925 14 0.7928803357281773 -0.22228424248669518 1.3874137760340974
0 0.925 16 0.7873880712734015 -0.2237453785537171 1.3833557499461198
0 0.925 18 0.7834646877889633 -0.22488194863362412 1.3804512114501482
0 0.925 20 0.7805674716032237 -0.22579123179422284 1.3786165083539061
0 0.925 22 0.7783683727004872 -0.22653519640889172 1.3771215180123109
0 0.925 24 0.7766602649115365 -0.22715516811538672 1.376021203653965
0 0.975 10 0.8187761300427605 -0.2109759420262461 1.357384447532379
0 0.975 12 0.8081270667001649 -0.2136673431897023 1.3678423293290014
0 0.975 14 0.8011858489892648 -0.21559176632334562 1.3741461187533117
0 0.975 16 0.7964267627045252 -0.21703544417002005 1.3791080967853768
0 0.975 18 0.793027502040953 -0.21815837093574825 1.376998615560006
0 0.975 20 0.7905169822708237 -0.21905672466403286 1.3758427565628222
0 0.975 22 0.7886109710628989 -0.21979174366452223 1.3747460684466783
0 0.975 24 0.7871301525744956 -0.22040425993655857 1.3740283143603507
0.125 0.325 10 1.183877993252094 -0.2693226178096332 3.0563637955110248
0.125 0.325 12 1.1021569638605446 -0.27205893404641784 2.791857294666165
0.125 0.325 14 1.0489913400330033 -0.2740627860250216 1.8544374563754067
0.125 0.325 16 1.0123156939574365 -0.2755908205919902 1.7777105482012823
0.125 0.325 18 0.9857184568537142 -0.27679222416625066 1.7247814741061251
0.125 0.325 20 0.9656519172463922 -0.2777600421452329 1.6871717006863232
0.125 0.325 22 0.9500548284551161 -0.27855538030165367 1.65978574667961
0.125 0.325 24 0.9376595640164455 -0.2792199888355274 1.639329607308085
0.125 0.375 10 1.1175716062178607 -0.2630770462271538 2.7963552019474864
0.125 0.375 12 1.0555665858738297 -0.2658456571091447 1.8522087990591625
0.125 0.375 14 1.0152290455257553 -0.2678668715321321 1.7693913256081149
0.125 0.375 16 0.9871827854293755 -0.26940287936608526 1.71524565013469
0.125 0.375 18 0.9666816371155624 -0.270606888425714 1.6784991608183075
0.125 0.375 20 0.9511529420528815 -0.2715744673469806 1.6526926239360415
0.125 0.375 22 0.9390876979336635 -0.2723681852350679 1.6339870413043647
0.125 0.375 24 0.9295323484406124 -0.27303059656074025 1.6200645006741352
0.125 0.425 10 1.07534622386589 -0.25664330152820464 1.8761251726659882
0.125 0.425 12 1.0269513138880229 -0.25943534315452077 1.7776900864151164
0.125 0.425 14 0.9952032626682106 -0.2614654024529003 1.7176801661363552
0.125 0.425 16 0.9729443950505782 -0.26300278164960594 1.6787958526238997
0.125 0.425 18 0.9566216203334866 -0.264204740440106 1.6526859054798242
0.125 0.425 20 0.9442790049904518 -0.2651689398205879 1.6344239148523076
0.125 0.425 22 0.9347327142921743 -0.26595895403961417 1.621229150385614
0.125 0.425 24 0.9272138111150273 -0.26661778270386866 1.6114430637635757
0.125 0.475 10 1.0481211544903666 -0.250054668693393 1.8030419199726375
0.125 0.475 12 1.0092880639325505 -0.25285912854522963 1.730421358551971
0.125 0.475 14 0.983566289070335 -0.2548897992181217 1.6856376483407551
0.125 0.475 16 0.9654632603283385 -0.2564230690974316 1.6572851548323093
0.125 0.475 18 0.9522140164242098 -0.25761949337487305 1.6383052841001726
0.125 0.475 20 0.9422448311607173 -0.25857811574274286 1.6250661110286702
0.125 0.475 22 0.934577305103084 -0.2593630151096866 1.6160316207899958
0.125 0.475 24 0.9285685427630272 -0.26001732031154295 1.608506978793284
0.125 0.525 10 1.0305828757733633 -0.24334081457472342 1.7569735994592999
0.125 0.525 12 0.998685789791318 -0.2461466949593748 1.6987611429294296
0.125 0.525 14 0.977427473906842 -0.24817094238844797 1.665520135625654
0.125 0.525 16 0.9624820052359795 -0.24969586052604203 1.6444886632680453
0.125 0.525 18 0.9515969611203331 -0.2508841994590706 1.6304312396209084
0.125 0.525 20 0.9434524975771487 -0.2518356596095144 1.6207585109179625
0.125 0.525 22 0.9372187689281074 -0.25261440134332186 1.6137036959232907
0.125 0.525 24 0.9323516800585527 -0.25326344896407943 1.6085304919723376
0.125 0.575 10 1.0195624212000334 -0.2365297305412409 1.7203743511427236
0.125 0.575 12 0.9929046402208627 -0.2393271717709384 1.6775659619173953
0.125 0.575 14 0.9751122184593183 -0.2413393209821621 1.6525494499101834
0.125 0.575 16 0.9626562161252445 -0.24285264682126176 1.6367133735609627
0.125 0.575 18 0.953634981557074 -0.24403096694811893 1.6263702513717753
0.125 0.575 20 0.9469176729307949 -0.24497402206769575 1.6189996438126268
0.125 0.575 22 0.9417944625792242 -0.24574573738381777 1.613759876947627
0.125 0.575 24 0.9378039757201165 -0.24638887281630492 1.6098928229267824
0.125 0.625 10 1.0131297472069922 -0.22964863396859445 1.6951858346093513
0.125 0.625 12 0.9905898172144084 -0.23242928836135576 1.662722108797479
0.125 0.625 14 0.9755803539120694 -0.2344248373128796 1.6436787300665738
0.125 0.625 16 0.9651293483240775 -0.23592402960517303 1.6320959312029588
0.125 0.625 18 0.9575979431426007 -0.23709076208196514 1.623958940394572
0.125 0.625 20 0.9520100441974255 -0.23802434075832535 1.6184269611791358
0.125 0.625 22 0.947757998017964 -0.23878823189867984 1.614421592961237
0.125 0.625 24 0.9444507054747686 -0.23942482313153812 1.611598574937504
0.125 0.675 10 1.0100749742668822 -0.2227242352027583 1.6763201638621406
0.125 0.675 12 0.9908766849431321 -0.22548121978601401 1.6514966566165232
0.125 0.675 14 0.9781486484132339 -0.2274565543463512 1.6381966353057098
0.125 0.675 16 0.9693322455191536 -0.22893951894293504 1.6282641493409757
0.125 0.675 18 0.9630031313959918 -0.2300932948921085 1.622162144171588
0.125 0.675 20 0.9583183455096197 -0.23101640482379296 1.6177095863705386
0.125 0.675 22 0.9547582876036432 -0.23177169895740155 1.6150249363695943
0.125 0.675 24 0.9519912972114868 -0.23240111639473918 1.6127767082443245
0.125 0.725 10 1.0096120751022941 -0.21578267648066687 1.66109153223148
0.125 0.725 12 0.9931866452771061 -0.21851034433591857 1.6408675341974732
0.125 0.725 14 0.9823516800244899 -0.22046247465393795 1.6317311483978845
0.125 0.725 16 0.9748785817145682 -0.22192739019368993 1.6246541003032282
0.125 0.725 18 0.969527787817819 -0.22306694790832107 1.619570723299568
0.125 0.725 20 0.9655725934952757 -0.2239786337333237 1.6169373251272172
0.125 0.725 22 0.962568994886691 -0.22472456737438354 1.6145975620233626
0.125 0.725 24 0.960235268009192 -0.22534618074493953 1.6115432148586453
0.125 0.775 10 1.0112110031353323 -0.20884932995633415 1.6475111149226473
0.125 0.775 12 0.9971189362577629 -0.21154300223241282 1.634508529550232
0.125 0.775 14 0.9878663794190999 -0.21346936242916165 1.6256769443455767
0.125 0.775 16 0.9815043579003965 -0.21491457502927436 1.62010222397361
0.125 0.775 18 0.9769561237278898 -0.21603871542058622 1.6170059876803147
0.125 0.775 20 0.9735963398112429 -0.21693804471703043 1.6144999936657927
0.125 0.775 22 0.9710454786629066 -0.21767386297802807 1.6129702063974887
0.125 0.775 24 0.9690636247468581 -0.2182870455413212 1.611471496375416
0.125 0.825 10 1.014502404307367 -0.2019485547954018 1.632252248469525
0.125 0.825 12 1.0023902432558864 -0.20460428302558 1.6251696977527526
0.125 0.825 14 0.9944672201612825 -0.20650259751997588 1.6186129588787077
0.125 0.825 16 0.9890298159673473 -0.20792656565555678 1.614982556817942
0.125 0.825 18 0.9851452920709206 -0.2090341365567149 1.6121990055283368
0.125 0.825 20 0.9822761550443854 -0.20992020029778993 1.6107561926710705
0.125 0.825 22 0.9800976268036347 -0.21064516278101408 1.6090619781844107
0.125 0.825 24 0.9784048075652824 -0.21124929840474024 1.6080043826659352
0.125 0.875 10 1.019222418349111 -0.19510346098244294 1.5860297894258235
0.125 0.875 12 1.0087984920461182 -0.19771784478420204 1.597519189798518
0.125 0.875 14 1.0019973244043157 -0.1995860492318498 1.6039106405643493
0.125 0.875 16 0.9973340237657535 -0.20098732108471248 1.6075077429407925
0.125 0.875 18 0.9940026864180228 -0.2020772173147002 1.605235134532615
0.125 0.875 20 0.9915415165393318 -0.20294913710444615 1.6042008094169908
0.125 0.875 22 0.989672162927953 -0.20366252646212202 1.6031270311213084
0.125 0.875 24 0.9882191431028016 -0.20425701766271434 1.602465966877543
0.125 0.925 10 1.025179373135489 -0.18833569982981802 1.5353448155328693
0.125 0.925 12 1.0161994039288373 -0.1909057612852737 1.6033707233275245
0.125 0.925 14 1.0103486375067212 -0.19274196266524773 1.5526323105770117
0.125 0.925 16 1.0063372547939127 -0.1941191725826123 1.5981287622768567
0.125 0.925 18 1.003470361247199 -0.19519034379936828 1.5609769132295288
0.125 0.925 20 1.0013511660124241 -0.1960472818589545 1.5957819404592026
0.125 0.925 22 0.9997407301465133 -0.19674841314856106 1.5658119275627294
0.125 0.925 24 0.9984883969706956 -0.19733268924410619 1.594540557529299
0.125 0.975 10 1.0322325298986854 -0.18166528816848346 1.4918548618614367
0.125 0.975 12 1.0244902730416983 -0.1841883936068314 1.5878864862362052
0.125 0.975 14 1.0194477576049656 -0.1859908556549486 1.5079201274526253
0.125 0.975 16 1.0159884537064456 -0.1873427307203493 1.576866398126676
0.125 0.975 18 1.0135140793384996 -0.18839419249512776 1.5723577620219313
0.125 0.975 20 1.0116835904141364 -0.18923536232294783 1.5686959234526856
0.125 0.975 22 1.0102915904682452 -0.18992359223166758 1.565715438920058
0.125 0.975 24 1.0092084772762535 -0.19049711716167694 1.5632407063127474
0.25 0.325 10 1.3442249874059564 -0.2537088694233647 3.1309112516719515
0.25 0.325 12 1.2798804598464877 -0.2565075248054035 2.112297405835673
0.25 0.325 14 1.2389717592203147 -0.25854153582368594 2.018904805110274
0.25 0.325 16 1.2107477230724208 -0.26008218006558437 1.9563101615570766
0.25 0.325 18 1.1900304383752518 -0.26128709057184407 1.9215102835079976
0.25 0.325 20 1.1741892737374062 -0.2622539538172576 1.894803955048667
0.25 0.325 22 1.16175970476305 -0.26304633389588583 1.8757250943826977
0.25 0.325 24 1.1518363157270717 -0.2637072399602608 1.861570361564229
0.25 0.375 10 1.2942101230926761 -0.24590939746081575 2.1247911521731577
0.25 0.375 12 1.2464846155975273 -0.24871920563485272 2.017781576277209
0.25 0.375 14 1.215404313575608 -0.25075243244594186 1.9549572876219847
0.25 0.375 16 1.1934599155737482 -0.25228739844409664 1.9156493240559391
0.25 0.375 18 1.177185136827307 -0.2534851598622468 1.8899290324618683
0.25 0.375 20 1.1647580169569522 -0.2544448989957567 1.8720754719829262
0.25 0.375 22 1.1550816460563844 -0.25523074617786035 1.8591484357565866
0.25 0.375 24 1.1474294638336984 -0.2558858608530311 1.8495012227687138
0.25 0.425 10 1.2639847787281664 -0.2381071300343509 2.036774551122245
0.25 0.425 12 1.2267760202249887 -0.2409138998654755 1.9613365603531694
0.25 0.425 14 1.2019469958521853 -0.24293704516186815 1.9178799849600636
0.25 0.425 16 1.1842497614135756 -0.24446060371333922 1.8908824108095412
0.25 0.425 18 1.171168754440775 -0.245647722466252 1.87289154558996
0.25 0.425 20 1.161268709014656 -0.24659815706727595 1.860279942459759
0.25 0.425 22 1.1536327169968987 -0.24737604487560177 1.8511248063905443
0.25 0.425 24 1.147641800151917 -0.2480243765190476 1.8443236500654894
0.25 0.475 10 1.2453134691031131 -0.23032523882023542 1.9867769862266196
0.25 0.475 12 1.2151228188869372 -0.23311673940004174 1.9266668250601595
0.25 0.475 14 1.1947172191853455 -0.23512273869726533 1.8957984919507216
0.25 0.475 16 1.1802132816047468 -0.2366308449982975 1.8763595872052756
0.25 0.475 18 1.1695896116275366 -0.237804910474164 1.8632870980037963
0.25 0.475 20 1.1616233794440922 -0.23874449868835584 1.8541250715080593
0.25 0.475 22 1.1555230552957225 -0.2395133568217645 1.8474831097442899
0.25 0.475 24 1.1507606365415919 -0.24015410449590288 1.8425575750776773
0.25 0.525 10 1.2338139439252827 -0.22258630180629707 1.9433505845269254
0.25 0.525 12 1.2086915065880468 -0.22535276590630784 1.9042784859678135
0.25 0.525 14 1.1916967601896116 -0.22733639713467582 1.881661322585663
0.25 0.525 16 1.1797198584269015 -0.2288261175713097 1.8672562630354785
0.25 0.525 18 1.1710277757258225 -0.22998532292016874 1.857636221423236
0.25 0.525 20 1.1645549265483734 -0.2309128317142092 1.8508224383696301
0.25 0.525 22 1.1596202417263535 -0.23167174205920607 1.8459240021901027
0.25 0.525 24 1.1557780709693954 -0.23230417824093622 1.8422888834654192
0.25 0.575 10 1.2271089495008245 -0.21491260557432373 1.9174800272304944
0.25 0.575 12 1.2059261768790313 -0.21764648094558933 1.888667975086133
0.25 0.575 14 1.1916868580063784 -0.21960382533569897 1.8717015824430454
0.25 0.575 16 1.1817451254478162 -0.22107289301368807 1.8611423889537837
0.25 0.575 18 1.1745812241270996 -0.2222157503208116 1.8537636360973866
0.25 0.575 20 1.1692696156329234 -0.22313009547982943 1.8486783985543311
0.25 0.575 22 1.165229990925319 -0.22387821033013944 1.8449727099674358
0.25 0.575 24 1.16208877600731 -0.22450164283183627 1.8423238153027328
0.25 0.625 10 1.2238459469203269 -0.2073258846934974 1.8981903948859877
0.25 0.625 12 1.2058786607190992 -0.210021348203164 1.8765180542860938
0.25 0.625 14 1.1939072695735697 -0.21194934352164102 1.8645731932637521
0.25 0.625 16 1.1856134840819765 -0.21339588117787142 1.8558595705502579
0.25 0.625 18 1.1796649726138857 -0.21452107769446413 1.850339564788746
0.25 0.625 20 1.1752651015885152 -0.2154212582415655 1.8454762457860996
0.25 0.625 22 1.1719227227894102 -0.2161577745232837 1.8438111932575751
0.25 0.625 24 1.169325115113169 -0.2167715391395688 1.84173412654971
0.25 0.675 10 1.2231991755597682 -0.1998469220078609 1.8822306034281178
0.25 0.675 12 1.2079220132086819 -0.20249940964534965 1.8635630910182295
0.25 0.675 14 1.1978286547443002 -0.2043955465406359 1.8567772849555326
0.25 0.675 16 1.190874069582805 -0.20581791647313766 1.8504783135459288
0.25 0.675 18 1.1858993568513274 -0.2069242524853183 1.847583748290182
0.25 0.675 20 1.1822238661040787 -0.20780933012879071 1.8435536536629813
0.25 0.675 22 1.179432939281483 -0.20853348619679332 1.8414176049391862
0.25 0.675 24 1.177264227817031 -0.20913694989098094 1.8399926150507167
0.25 0.725 10 1.224627393062318 -0.1924951817152249 1.8672854059796102
0.25 0.725 12 1.21162321447788 -0.19510102410991784 1.8564405415183443
0.25 0.725 14 1.203088802492181 -0.19696316419625573 1.8487457879107736
0.25 0.725 16 1.197227886007121 -0.19835989728303277 1.8430896773491257
0.25 0.725 18 1.1930406299422582 -0.19944626544525818 1.8411197072613326
0.25 0.725 20 1.1899479064130893 -0.20031536320416735 1.8388594211213665
0.25 0.725 22 1.187599475623756 -0.20102644371000392 1.8374165246372884
0.25 0.725 24 1.1857744325586694 -0.2016190108830538 1.8361459110745746
0.25 0.775 10 1.2277571099660036 -0.18528852490810088 1.8457417723097194
0.25 0.775 12 1.2166793537163554 -0.18784469778345284 1.84493028873662
0.25 0.775 14 1.2094422144507437 -0.18967097603959407 1.8391459402469024
0.25 0.775 16 1.2044802067832414 -0.19104074437996124 1.8361557819041079
0.25 0.775 18 1.2009360605329824 -0.1921061279619535 1.833703209742669
0.25 0.775 20 1.1983178273728088 -0.19295843597066845 1.8322557114238045
0.25 0.775 22 1.1963291169522126 -0.1936557790477372 1.8309516489777213
0.25 0.775 24 1.1947831907138722 -0.19423689830145044 1.830901754462658
0.25 0.825 10 1.2323235874990466 -0.17824300877271254 1.785872971296918
0.25 0.825 12 1.2228798204399574 -0.18074697701307196 1.8319950930645317
0.25 0.825 14 1.2167259064732294 -0.18253575582152384 1.8049253114710795
0.25 0.825 16 1.212508062344622 -0.1838773670273782 1.8103459590312296
0.25 0.825 18 1.2094942157385156 -0.18492084565268255 1.814158603695642
0.25 0.825 20 1.2072665179825783 -0.18575562894587 1.8172689418114591
0.25 0.825 22 1.205573574883501 -0.18643863350657394 1.8193157206273483
0.25 0.825 24 1.2042569782119332 -0.18700780397976227 1.8313314551191795
0.25 0.875 10 1.2381376081865012 -0.1713727566401677 1.730823771207466
0.25 0.875 12 1.2300804970280266 -0.17382238427614013 1.8169878234951526
0.25 0.875 14 1.2248348630675527 -0.17557223597527724 1.7484290559537743
0.25 0.875 16 1.2212375144109335 -0.17688463678264327 1.8127415828124107
0.25 0.875 18 1.2186647868446419 -0.17790539421622192 1.8119714078886089
0.25 0.875 20 1.2167615686739028 -0.17872200029457672 1.8106158710749671
0.25 0.875 22 1.2153141827504965 -0.1793901325544747 1.810198098399512
0.25 0.875 24 1.214187872783334 -0.1799469094392193 1.8167835474995462
0.25 0.925 10 1.245064040693261 -0.16468988552046074 1.6845612006461104
0.25 0.925 12 1.238184680376932 -0.16708338745665552 1.7841209454412037
0.25 0.925 14 1.2337040093508571 -0.16879309075775906 1.776426852384409
0.25 0.925 16 1.2306274736701777 -0.1700753734668908 1.7705690860864745
0.25 0.925 18 1.2284244838437348 -0.17107270493397972 1.7660455739539398
0.25 0.925 20 1.2497703166203964 -0.17187057015058876 1.7624504119978157
0.25 0.925 22 1.22555119756393 -0.1725233689681309 1.759530159220992
0.25 0.925 24 1.2245840965146793 -0.17306736798311675 1.7571125846024573
0.25 0.975 10 1.253006438118301 -0.15820448093926523 1.6460935184991439
0.25 0.975 12 1.2471285613204819 -0.16054039846179566 1.739904064683886
0.25 0.975 14 1.2432948674638393 -0.16220894012225565 1.732367608001
0.25 0.975 16 1.240658001007411 -0.16346034860151648 1.7267844464433184
0.25 0.975 18 1.2387669133952532 -0.16443366648156066 1.7224958987563792
0.25 0.975 20 1.237364612979044 -0.16521232079931097 1.7191028149400795
0.25 0.975 22 1.236296027660835 -0.1658494016058357 1.7163530774024658
0.25 0.975 24 1.2354630677589624 -0.1663803022780274 1.7140803533177311
0.5 0.325 10 1.7339962548893906 -0.2265157089864361 3.348864309934606
0.5 0.325 12 1.6921521400283017 -0.22930509701566335 2.4610920422404114
0.5 0.325 14 1.6647687215220621 -0.23130981421058044 2.3898973860794643
0.5 0.325 16 1.644953685384277 -0.23281724429041856 2.3664689297981036
0.5 0.325 18 1.6299330238294443 -0.23399094292909967 2.3426904688199013
0.5 0.325 20 1.6183174999895147 -0.23493031053832714 2.3261108448810557
0.5 0.325 22 1.6092255497066996 -0.2356990187376489 2.313831471534442
0.5 0.325 24 1.6020278235633927 -0.23633965367826673 2.304447152169477
0.5 0.375 10 1.7045707362349936 -0.21643423062965378 2.469653372089557
0.5 0.375 12 1.6727604410223667 -0.21918635805666897 2.4046750792384657
0.5 0.375 14 1.6508848050193783 -0.22115900446325346 2.3630181735758944
0.5 0.375 16 1.6349245450588352 -0.22264032922233773 2.3394449363514993
0.5 0.375 18 1.623007019844367 -0.22379297389366018 2.323380775643035
0.5 0.375 20 1.6139703469447788 -0.22471522902933624 2.3117911101317157
0.5 0.375 22 1.607010537741533 -0.22546984042976262 2.3028826048842084
0.5 0.375 24 1.6015620383912177 -0.2260986942762696 2.2970268017937165
0.5 0.425 10 1.6873330560805408 -0.20672409692897348 2.409102792185925
0.5 0.425 12 1.661458893883049 -0.20942812372840036 2.365998863513365
0.5 0.425 14 1.643466374767652 -0.21136315606512887 2.340308787788133
0.5 0.425 16 1.6305440669655602 -0.21281524796324028 2.323607976439974
0.5 0.425 18 1.6210774355905109 -0.21394484236890787 2.3119989917409334
0.5 0.425 20 1.6140001167733355 -0.21484856242067113 2.303871554277591
0.5 0.425 22 1.6085966126095528 -0.21558798030026602 2.2977655588608505
0.5 0.425 24 1.6043869876757122 -0.21620416439418758 2.293249256175681
0.5 0.475 10 1.6768905687365947 -0.1973841386043274 2.3748803624017554
0.5 0.475 12 1.6552732240642598 -0.20003287585268026 2.3439822468881504
0.5 0.475 14 1.640426335008478 -0.20192662248492574 2.325395956444685
0.5 0.475 16 1.6299628685605367 -0.20334727840457098 2.313099863387204
0.5 0.475 18 1.6224002298199465 -0.20445230090828026 2.3046602891575865
0.5 0.475 20 1.6167890281797437 -0.20533633240741672 2.2986908715016208
0.5 0.475 22 1.6125210691519443 -0.2060596336166287 2.2943578093909975
0.5 0.475 24 1.6092020772073166 -0.2066623851729916 2.2911230855667375
0.5 0.525 10 1.670864483429949 -0.1884141958641615 2.3504273978048964
0.5 0.525 12 1.6527165884170523 -0.19100280307672587 2.328018257129318
0.5 0.525 14 1.6404808244492786 -0.19285266997740116 2.3141515260196988
0.5 0.525 16 1.6319788853075718 -0.19424021081843984 2.3051227076016105
0.5 0.525 18 1.6258800262158062 -0.19531943258422463 2.2989343280093424
0.5 0.525 20 1.621370099005045 -0.19618281391641906 2.294588378480598
0.5 0.525 22 1.6179445291807992 -0.19688921748966112 2.2914481999762994
0.5 0.525 24 1.6152821545507474 -0.19747788724782755 2.2890818783161992
0.5 0.575 10 1.668057745221328 -0.17981377017755246 2.331355889061815
0.5 0.575 12 1.6528524122023542 -0.18233889791466537 2.3145387333664282
0.5 0.575 14 1.642762258240487 -0.1841429623745332 2.3045968956878427
0.5 0.575 16 1.6358109180493754 -0.18549606608342667 2.2977966977050044
0.5 0.575 18 1.6308417216666362 -0.1865484878309855 2.2932284441480566
0.5 0.575 20 1.627171480885053 -0.18739042632804975 2.2901287526678877
0.5 0.575 22 1.6243846499986885 -0.18807928525576897 2.2877779934289193
0.5 0.575 24 1.6222188813518785 -0.18865333438493057 2.2860217312434052
0.5 0.625 10 1.6677445436515235 -0.17158126798908824 2.3142063317198547
0.5 0.625 12 1.6550329635075722 -0.1740405575326002 2.302914009341725
0.5 0.625 14 1.6466890046893534 -0.17579737551176414 2.2946591153990985
0.5 0.625 16 1.6409652056308683 -0.17711501021083254 2.289607600625051
0.5 0.625 18 1.6368783012014354 -0.17813983970341432 2.286519751408994
0.5 0.625 20 1.633860074673585 -0.1789597035968384 2.2841009475716314
0.5 0.625 22 1.6315679816057078 -0.17963050136396833 2.2822048260036776
0.5 0.625 24 1.6297863750184638 -0.18018949950764437 2.2811339288208945
0.5 0.675 10 1.6694286499571653 -0.16371363827404975 2.295628992703033
0.5 0.675 12 1.6588111035419766 -0.16610544713405703 2.2890424134182497
0.5 0.675 14 1.6518848778339745 -0.1678139632823474 2.2832202980442453
0.5 0.675 16 1.6471407452660138 -0.16909535834610318 2.2800205550866144
0.5 0.675 18 1.643753020703455 -0.1700919997420835 2.2774278685375173
0.5 0.675 20 1.641250034470263 -0.1708893129384998 2.2723429456565998
0.5 0.675 22 1.6393483751714446 -0.17154166010730107 2.2745108074628266
0.5 0.675 24 1.6378696812458884 -0.17208528274880175 2.273500808004868
0.5 0.725 10 1.6727604835909873 -0.15620624777850609 2.234809285658364
0.5 0.725 12 1.6638894641731874 -0.15852950070650243 2.2736177253969925
0.5 0.725 14 1.6581179865368472 -0.16018900262208038 2.2551544167566537
0.5 0.725 16 1.6541640183942181 -0.16143363198711996 2.261209930272381
0.5 0.725 18 1.6513382026350991 -0.1624016772939631 2.26381320889502
0.5 0.725 20 1.6492486693828765 -0.1631761135602172 2.2643634610998107
0.5 0.725 22 1.64766002924436 -0.16380974323438666 2.2632836193022188
0.5 0.725 24 1.6464240158195729 -0.1643377679630144 2.2627982761485517
0.5 0.775 10 1.677498389704105 -0.1490528957325906 2.1674386469138622
0.5 0.775 12 1.6700800281247237 -0.15130699913666254 2.255543529188858
0.5 0.775 14 1.6652546815246803 -0.15291708832880757 2.253457953341245
0.5 0.775 16 1.6619447571165236 -0.15412465628597594 2.2513708392676097
0.5 0.775 18 1.6595760915285915 -0.15506387588310097 2.250529571995885
0.5 0.775 20 1.6578226130523865 -0.15581525156614162 2.24938650891259
0.5 0.775 22 1.6564882164371688 -0.15643001348901472 2.2490688985099907
0.5 0.775 24 1.6554491946563004 -0.15694231509143694 2.2479146824142995
0.5 0.825 10 1.683480858621664 -0.14224591118020047 2.2245677941258033
0.5 0.825 12 1.6772707693893636 -0.144430696755274 2.2139179180626587
0.5 0.825 14 1.6732256370370246 -0.1459912644239759 2.2063958364640768
0.5 0.825 16 1.6704454752701896 -0.14716169055718428 2.2007373717248275
0.5 0.825 18 1.6684524933831197 -0.14807202201674033 2.196367833858319
0.5 0.825 20 1.6669750166477437 -0.1488002871857429 2.1928935380618078
0.5 0.825 22 1.6658493184061924 -0.1493961405059174 2.1900679474419853
0.5 0.825 24 1.664971917885767 -0.1498926849394023 2.1877256843942194
0.5 0.875 10 1.6906028776343187 -0.13577630015235181 2.171790856188398
0.5 0.875 12 1.6853991428642163 -0.1378919805081312 2.161672394005487
0.5 0.875 14 1.682001102579743 -0.1394031835324547 2.1545302518629885
0.5 0.875 16 1.679659918430257 -0.14053658593662385 2.1492380036555985
0.5 0.875 18 1.6779781389377506 -0.14141812114664215 2.145166508797073
0.5 0.875 20 1.6767292222891361 -0.14212334931499898 2.141939390477074
0.5 0.875 22 1.6757762910440377 -0.14270035418003482 2.1393196097955194
0.5 0.875 24 1.6750326382858305 -0.143181191567566 2.1371508698430954
0.5 0.925 10 1.6987961802577374 -0.12963392256185563 2.127828481664177
0.5 0.925 12 1.6944319740653389 -0.13168105096165425 2.118434889571775
0.5 0.925 14 1.6915730551601242 -0.1331432866989716 2.111833043936769
0.5 0.925 16 1.6895976704768825 -0.13423996355009854 2.1069536174012304
0.5 0.925 18 1.68817526338206 -0.13509293443632825 2.103204816826961
0.5 0.925 20 1.6871168450473888 -0.135775311145397 2.1002360585484974
0.5 0.925 22 1.6863078968151455 -0.13633361936191168 2.0978274502289342
0.5 0.925 24 1.6856756908254313 -0.1367988762090072 2.095834393944323
0.5 0.975 10 1.7080138908720506 -0.12380768507315343 2.091847104856715
0.5 0.975 12 1.7043509718632839 -0.12578711618679908 2.0831902642843776
0.5 0.975 14 1.7019427018453002 -0.1272009960427424 2.0771212039880873
0.5 0.975 16 1.7002733979267006 -0.128261405951695 2.072640968077767
0.5 0.975 18 1.6990681673675665 -0.12908616921481347 2.0692011384416684
0.5 0.975 20 1.698169318718969 -0.12974597982533037 2.066478183977718
0.5 0.975 22 1.6974810009527068 -0.1302858248702982 2.064269621424237
0.5 0.975 24 1.6969421732820296 -0.1307356957411056 2.0624424727536343
5 0.325 10 10.39475223581802 -0.06431022098760097 10.831831097043267
5 0.325 12 10.38754668667648 -0.06545073985849488 10.820393865397765
5 0.325 14 10.382865306315075 -0.06626539619485369 10.816837042123629
5 0.325 16 10.37966255555276 -0.06687638844712297 10.812972463885385
5 0.325 18 10.377374902000614 -0.06735160464333195 10.810576502437431
5 0.325 20 10.375683507414337 -0.06773177760029979 10.80858850662213
5 0.325 22 10.374397429164246 -0.06804282820145478 10.807212376745229
5 0.325 24 10.373396596691672 -0.06830203703575054 10.806244892237133
5 0.375 10 10.391153727035558 -0.05635614916085829 10.803507752396035
5 0.375 12 10.386149763235125 -0.0573653276811202 10.79842687873089
5 0.375 14 10.38289921296442 -0.05808616948130756 10.79532456736498
5 0.375 16 10.380668034744009 -0.05862680083144815 10.79330732983168
5 0.375 18 10.37906945385644 -0.05904729188155744 10.791916871212733
5 0.375 20 10.377884551884405 -0.059383684721644917 10.790921228307031
5 0.375 22 10.376981731640953 -0.059658915227170935 10.790182074409604
5 0.375 24 10.376277943268661 -0.05988827398177604 10.789619760758782
5 0.425 10 10.390990678706064 -0.05007126073018886 10.808710699158256
5 0.425 12 10.387496351838182 -0.050974073321958795 10.785808135567258
5 0.425 14 10.385212652412125 -0.051618939458936905 10.764107041615452
5 0.425 16 10.38363642270182 -0.052102589061671416 10.76044661508059
5 0.425 18 10.382501966025243 -0.0524787609749084 10.757593814990047
5 0.425 20 10.381657938054818 -0.052779698505498296 10.755305998273302
5 0.425 22 10.381012830659285 -0.05302592012143559 10.753432707166606
5 0.425 24 10.380508606254459 -0.053231104801383294 10.751870729679151
5 0.475 10 10.393782996601841 -0.044993115654020734 10.691767381285782
5 0.475 12 10.391334712818736 -0.045808449716614956 10.685961952055806
5 0.475 14 10.389721380529783 -0.046390831189896696 10.681827683626098
5 0.475 16 10.3886000531923 -0.046827617294857404 10.678739472417673
5 0.475 18 10.387788287433523 -0.0471673398209387 10.676346750444353
5 0.475 20 10.387181362852939 -0.04743911784180315 10.67443905909138
5 0.475 22 10.386715528446905 -0.04766148167705642 10.672882792805844
5 0.475 24 10.386350107511204 -0.04784678487310029 10.671589177275708
5 0.525 10 10.399322612264541 -0.04081194922367744 10.636055141555312
5 0.525 12 10.39760220161256 -0.04155430650337042 10.63108749848941
5 0.525 14 10.396458322745776 -0.04208456170315037 10.62758081878016
5 0.525 16 10.395657059551938 -0.04248225310298621 10.624975686076672
5 0.525 18 10.395073073982061 -0.04279156863619092 10.622964829442408
5 0.525 20 10.394633892226759 -0.04303902106275602 10.62136602419845
5 0.525 22 10.394295085786215 -0.04324148213903478 10.620064517009025
5 0.525 24 10.394028123508157 -0.04341019970260213 10.618984497274308
5 0.575 10 10.40743361140165 -0.03731371108456669 10.59973982770475
5 0.575 12 10.406218833034064 -0.0379944015021176 10.595488027034035
5 0.575 14 10.40540410382798 -0.03848060894322484 10.592501131089222
5 0.575 16 10.404828850498374 -0.03884526452405611 10.590289100722675
5 0.575 18 10.404406586305306 -0.03912888553136887 10.588585470624434
5 0.575 20 10.404086999297785 -0.03935578233721844 10.587233202776948
5 0.575 22 10.40383905348094 -0.03954142517836901 10.58613383098328
5 0.575 24 10.403642695227203 -0.039696127545993984 10.58522251145113
5 0.625 10 10.417893029429655 -0.034346364813777494 10.577149207559751
5 0.625 12 10.417028789929663 -0.03497434283405452 10.573490413813524
5 0.625 14 10.416444640642307 -0.035422898562823386 10.570927613751802
5 0.625 16 10.416029087244015 -0.035759315359401106 10.569033379242708
5 0.625 18 10.415721908264226 -0.0360209728678498 10.567576580012343
5 0.625 20 10.41548792301867 -0.03623029887460895 10.566421492984222
5 0.625 22 10.415305322350548 -0.03640156560741164 10.565483235069067
5 0.625 24 10.415159940549923 -0.03654428788474772 10.564706015801473
5 0.675 10 10.430435956367997 -0.03179926839427022 10.564514789547559
5 0.675 12 10.429814943600668 -0.03238172389782185 10.56134407071919
5 0.675 14 10.429392441426213 -0.03279776354321559 10.55912735880908
5 0.675 16 10.429089873765086 -0.03310979327726168 10.557491064744534
5 0.675 18 10.428864765976346 -0.0333524830704074 10.55623385123949
5 0.675 20 10.428692245274647 -0.033546634904924426 10.55523775659979
5 0.675 22 10.428556840188941 -0.03370548640589306 10.55442912714973
5 0.675 24 10.428448461457057 -0.033837862656700655 10.553759614311982
5 0.725 10 10.444784566015542 -0.029590159413279638 10.616744061872291
5 0.725 12 10.444333084801588 -0.030132940431721527 10.556497308044158
5 0.725 14 10.444024308203728 -0.03052064115917952 10.554564677898968
5 0.725 16 10.443801935634962 -0.03081141670477264 10.553139380612802
5 0.725 18 10.443635552438007 -0.031037575462456692 10.552045026779176
5 0.725 20 10.443507331523987 -0.03121850246860373 10.551178426383336
5 0.725 22 10.443406162050717 -0.031366533655450564 10.550475220690055
5 0.725 24 10.443324778876946 -0.03148989297782464 10.549893199314246
5 0.775 10 10.46067313945625 -0.027656703473297906 10.55960242902119
5 0.775 12 10.460340736837498 -0.028164622957267103 10.55716881965132
5 0.775 14 10.460112478201653 -0.028527422588673877 10.555471224934415
5 0.775 16 10.459947338079857 -0.02879952231222811 10.554220088383866
5 0.775 18 10.459823185139097 -0.029011155430549367 10.553259933453687
5 0.775 20 10.459727048493683 -0.02918046192520545 10.552499899467756
5 0.775 22 10.459650836836598 -0.02931898542083331 10.551883361992997
5 0.775 24 10.459589251033794 -0.029434421667189774 10.551373206336368
5 0.825 10 10.47786237793247 -0.02595086257475236 10.564240215308287
5 0.825 12 10.47761445534009 -0.0264279242532605 10.562086274102223
5 0.825 14 10.477443691012821 -0.0267686825950513 10.560584792661285
5 0.825 16 10.477319698680274 -0.027024251351394638 10.559478735263923
5 0.825 18 10.477226115241205 -0.02722302705077316 10.558630234081031
5 0.825 20 10.477153356942654 -0.027382047610274962 10.557958779890429
5 0.825 22 10.477095444574973 -0.02751215534077762 10.557414228178681
5 0.825 24 10.477048459283278 -0.027620578449528588 10.556963726601262
5 0.875 10 10.496144787637464 -0.024435054013716366 10.572240379033722
5 0.875 12 10.495957486266382 -0.024884621047987804 10.616244177135066
5 0.875 14 10.495828189747252 -0.025205740358181565 10.616824704504992
5 0.875 16 10.495734044001077 -0.0254465798408254 10.568001576810813
5 0.875 18 10.495662764462098 -0.025633899438439422 10.567246826695877
5 0.875 20 10.495607163021239 -0.025783755116528983 10.566649696906191
5 0.875 22 10.495562756464588 -0.02590636430769401 10.56616551187385
5 0.875 24 10.495526605836131 -0.026008538633665177 10.565765012406311
5 0.925 10 10.621961038072905 -0.02307947465189541 10.61359488894698
5 0.925 12 10.515201307078334 -0.023504397278166143 10.581187976773515
5 0.925 14 10.515102247644247 -0.02380791343978811 10.579991485487508
5 0.925 16 10.515029964855056 -0.024035550561005217 10.579110683181657
5 0.925 18 10.514975103212189 -0.0242126016552834 10.578435328147146
5 0.925 20 10.514932194210372 -0.02435424253070772 10.577901107619669
5 0.925 22 10.514897828968891 -0.024470130519690745 10.5774679955886
5 0.925 24 10.514869773097002 -0.024566703843845367 10.577109785009888
5 0.975 10 10.53531482890975 -0.021860201012563564 10.631260325804991
5 0.975 12 10.535203933182334 -0.022262914377240456 10.594164164482777
5 0.975 14 10.535127172777834 -0.02255056678058029 10.59308730278976
5 0.975 16 10.535071071711194 -0.022766306083085726 10.592294748744917
5 0.975 18 10.5350284102274 -0.02293410331836713 10.591687165760353
5 0.975 20 10.534994972519732 -0.023068341106592002 10.633279780003608
5 0.975 22 10.534968132227833 -0.023178172024230413 10.590817073267086
5 0.975 24 10.534946168399918 -0.02326969778893116 10.590494923034498
10 0.325 10 20.314295987570418 -0.033800334789513435 20.633324782457674
10 0.325 12 20.31114921738598 -0.03441857652089348 20.63070852513646
10 0.325 14 20.309096334612136 -0.03486017775759427 20.62910125867739
10 0.325 16 20.30768144501568 -0.03519137868511997 20.628042327799076
10 0.325 18 20.306664246032042 -0.035448979406528226 20.62731014392348
10 0.325 20 20.30590813119256 -0.035655059983655854 20.626780853540694
10 0.325 22 20.305330638073908 -0.03582367136494114 20.62638720145632
10 0.325 24 20.304879535315504 -0.03596418084934545 20.626085384583476
10 0.375 10 20.315800450576873 -0.029370674072094455 20.5633083748418
10 0.375 12 20.31379330548009 -0.029909504912774665 20.5585796967248
10 0.375 14 20.312470572932625 -0.030294384084689947 20.555203226453422
10 0.375 16 20.311551078125962 -0.03058304346362628 20.552676619546652
10 0.375 18 20.310885300189625 -0.030807556313909648 20.550716558583293
10 0.375 20 20.31038742864643 -0.03098716659413603 20.54915234758257
10 0.375 22 20.310005224656678 -0.031134120459777006 20.547875349894674
10 0.375 24 20.309705354491943 -0.03125658201447624 20.54681324646144
10 0.425 10 20.320976381105243 -0.025950874010576063 20.506149277501567
10 0.425 12 20.319690205881464 -0.02642793649354667 20.502256795118374
10 0.425 14 20.318832981358707 -0.026768695409955568 20.499509690242885
10 0.425 16 20.31823116042851 -0.0270242645972614 20.49746897341226
10 0.425 18 20.317791638991398 -0.027223040631833527 20.495893790771778
10 0.425 20 20.31746049581466 -0.027382061459489904 20.49464137038265
10 0.425 22 20.317204618666025 -0.02751216940939172 20.49362182097481
10 0.425 24 20.317002706687827 -0.02762059270097515 20.49277576154382
10 0.475 10 20.329476437240675 -0.02323326222312254 20.473034074047114
10 0.475 12 20.328645224308783 -0.023660983655812522 20.469823981448066
10 0.475 14 20.32808533587237 -0.023966498964877198 20.4675710255929
10 0.475 16 20.32768835901875 -0.02419563544667574 20.465903507985725
10 0.475 18 20.327395816654313 -0.024373852710296278 20.46461975756781
10 0.475 20 20.327173611952706 -0.024516426521193978 20.463601073654203
10 0.475 22 20.32700065354892 -0.024633077821017767 20.462773090364404
10 0.475 24 20.326863273320175 -0.024730287237538204 20.4620868638064
10 0.525 10 20.340882964158418 -0.021022923978900664 20.45548776287779
10 0.525 12 20.34033825031103 -0.021410364027099647 20.452813822367897
10 0.525 14 20.339968090404255 -0.0216871069186711 20.45094288168156
10 0.525 16 20.339703313629585 -0.021894664087350663 20.449560996883875
10 0.525 18 20.339506540597664 -0.022056097440765268 20.448498770241134
10 0.525 20 20.3393558931386 -0.022185244123499384 20.447656862906168
10 0.525 22 20.339237770960555 -0.022290909591189987 20.44697320498487
10 0.525 24 20.339143311212418 -0.022378964147599417 20.446407028569368
10 0.575 10 20.354732837710635 -0.01919063257233493 20.448436948667723
10 0.575 12 20.354369377882616 -0.01954458780393566 20.446183528030275
10 0.575 14 20.354120714877833 -0.019797412969363767 20.444609738358295
10 0.575 16 20.35394155774632 -0.019987031843436906 20.44344883571715
10 0.575 18 20.35380744682114 -0.020134513189936212 20.442557336296215
10 0.575 20 20.353704047020347 -0.0202524982671356 20.44185127760793
10 0.575 22 20.353622423697825 -0.020349031512117317 20.441278280763438
10 0.575 24 20.353556733974727 -0.020429475882935793 20.440803985678883
10 0.625 10 20.37058156304586 -0.01764744159712807 20.490595452851554
10 0.625 12 20.370334097285934 -0.017973135370546605 20.446786931119995
10 0.625 14 20.37016396758321 -0.01820577378013304 20.445447137166674
10 0.625 16 20.370040710755625 -0.018380252587322034 20.444459686794524
10 0.625 18 20.369947905752955 -0.018515958326246012 20.443701878149078
10 0.625 20 20.369875931235274 -0.01862452291738525 20.44310200639365
10 0.625 22 20.369818785081236 -0.01871334849195547 20.442615385044007
10 0.625 24 20.369772535201957 -0.018787369804095528 20.44221272384437
10 0.675 10 20.38804136005392 -0.01633018077890289 20.491284703469393
10 0.675 12 20.387869337823254 -0.01663171074508296 20.49214357385526
10 0.675 14 20.387750679434678 -0.016847089292353283 20.451428924261137
10 0.675 16 20.387664361906825 -0.017008623202806678 20.45057964348193
10 0.675 18 20.387599078579452 -0.01713426068871594 20.449928166112976
10 0.675 20 20.387548211597263 -0.017234770677441596 20.449412649146296
10 0.675 22 20.387507633021816 -0.0173170061227641 20.448994578621576
10 0.675 24 20.38747463697041 -0.017385535660533333 20.448648724091118
10 0.725 10 20.406792043866144 -0.01519277832372375 20.49645035853242
10 0.725 12 20.406670019001112 -0.015473416347493078 20.462197530333096
10 0.725 14 20.406585662089284 -0.015673872078756142 20.461195623897314
10 0.725 16 20.406524118727543 -0.01582421387720185 20.460457953673515
10 0.725 18 20.40647741753096 -0.01594114638710466 20.459892276687672
10 0.725 20 20.406440898844608 -0.016034692395029117 20.459444770063822
10 0.725 22 20.406411657957683 -0.01611123003787442 20.459081930890427
10 0.725 24 20.406387790960352 -0.01617501140691214 20.45878182008685
10 0.775 10 20.426576961697712 -0.014200858126852586 20.475947387627553
10 0.775 12 20.42648872753021 -0.014463257088494677 20.474686190747295
10 0.775 14 20.42642764429745 -0.014650684918237239 20.50622215630542
10 0.775 16 20.426382990392412 -0.014791255790544505 20.47316168823123
10 0.775 18 20.426349023571746 -0.014900588691227512 20.472666159140115
10 0.775 20 20.42632239152664 -0.014988055011774217 20.472274222241637
10 0.775 22 20.426301006144403 -0.01505961836494931 20.471956489328576
10 0.775 24 20.426283499289152 -0.015119254492593638 20.471693721355923
10 0.825 10 20.516516522582776 -0.013328258851195762 20.510830440966146
10 0.825 12 20.447128373219673 -0.013574598824680532 20.517153522937196
10 0.825 14 20.447083371590683 -0.013750555948599327 20.48860071035806
10 0.825 16 20.447050428416215 -0.013882523791540377 20.488029951796346
10 0.825 18 20.4470253262429 -0.013985165447157024 20.487592456467386
10 0.825 20 20.5180182113523 -0.014067278771653147 20.516705201659644
10 0.825 22 20.446989736365865 -0.014134462400785891 20.486966025547346
10 0.825 24 20.446976715601604 -0.014190448758396633 20.48673411708175
10 0.875 10 20.530103326887858 -0.01255472368209119 20.524972819772245
10 0.875 12 20.46843313086531 -0.012786817543598799 20.53067981952526
10 0.875 14 20.468399440713977 -0.012952598873247958 20.531013166967455
10 0.875 16 20.468374755077452 -0.013076934870482807 20.531223041891923
10 0.875 18 20.468355921978283 -0.013173640646112367 20.50419511759202
10 0.875 20 20.46834110526718 -0.013251005266612223 20.50388754451059
10 0.875 22 20.46832916294084 -0.013314303592479221 20.50363825657244
10 0.875 24 20.468319347498845 -0.013367052197370104 20.50343213013021
10 0.925 10 20.545437374661024 -0.011864326708679063 20.540794436206234
10 0.925 12 20.4902799704727 -0.012083697925197345 20.545960302967913
10 0.925 14 20.546262689510403 -0.012240391651280397 20.543989421382303
10 0.925 16 20.490235605100803 -0.012357911945838983 20.522470606117075
10 0.925 18 20.49022127458668 -0.012449316619388476 20.52212260592497
10 0.925 20 20.490209988478206 -0.01252244035822846 20.521847453233892
10 0.925 22 20.49020088108362 -0.012582268871821865 20.521624458523142
10 0.925 24 20.49019338602371 -0.012632125966488739 20.521440084341993
10 0.975 10 20.51259996227495 -0.011244376222330611 20.543186702803997
10 0.975 12 20.512571534423234 -0.011452317144688966 20.542388093223995
10 0.975 14 20.512551819387976 -0.011600846374945736 20.541832543773598
10 0.975 16 20.56310922403359 -0.011712243297640383 20.56154944488748
10 0.975 18 20.563225225871157 -0.011798885348624036 20.562006493583933
10 0.975 20 20.51251760296556 -0.011868198989410429 20.54086325995626
10 0.975 22 20.512510570110855 -0.011924910150052353 20.54066264885777
10 0.975 24 20.51250477673439 -0.011972169450589638 20.540496789891172
