10 25 0 0.25 -6.8433319369392215e-06 -0.15779969012960787 0.15779284679767094
12 25 0 0.25 -2.252622430934381e-06 -0.16404077759796604 0.16403852497553512
14 25 0 0.25 2.3513747191249157e-05 -0.16448699591348925 0.1645105096606805
16 25 0 0.25 -1.4443586938617223e-06 -0.1618187231241065 0.16181727876541263
18 25 0 0.25 4.019681787326573e-06 -0.15765798677543313 0.15766200645722045
20 25 0 0.25 -4.624440806916471e-06 -0.15284833477813253 0.1528437103373256
1.6 0.45 1.0 10 -1.2618697241790824 0.5216543264089502 0.17835240505880326
1.6 0.45 1.0 12 -1.5268802841760873 0.6582575051758042 0.1820948157793243
1.6 0.45 1.0 14 -1.7927419944307041 0.7938273630680903 0.18475495410705675
1.6 0.45 1.0 16 -2.0610305476473627 0.9267447472974378 0.18673595593405004
1.6 0.45 1.0 18 -2.330310723804189 1.0585769178422582 0.18827153564702484
1.6 0.45 1.0 20 -2.6009578785744267 1.188941442249748 0.18949496604120872
1.6 0.45 1.0 22 -2.8721620187284045 1.3187075045503636 0.190494069239944
1.6 0.45 1.0 24 -3.1440749475969745 1.4477187473355317 0.19132473728885444
1.6 0.45 1.05 10 -1.0872490871009433 0.6992369247883445 0.17864860118892878
1.6 0.45 1.05 12 -1.3169216711737732 0.8712387021708975 0.18234669777872256
1.6 0.45 1.05 14 -1.5473788686035923 1.042298256856038 0.18497693753283073
1.6 0.45 1.05 16 -1.779923528173485 1.211069249309624 0.18693704859269433
1.6 0.45 1.05 18 -2.0131786427500504 1.3790575957460627 0.18845756880533962
1.6 0.45 1.05 20 -2.2475299918815095 1.5458637340805996 0.18966968629810546
1.6 0.45 1.05 22 -2.482367584848152 1.7121460427865847 0.1906597103470335
1.6 0.45 1.05 24 -2.7176307960702815 1.8779724313167294 0.19148346780779213
1.6 0.45 1.1 10 -0.9429202760291605 0.8461818582199143 0.17891021342490748
1.6 0.45 1.1 12 -1.1431748497816494 1.0476723085883748 0.18257059653083538
1.6 0.45 1.1 14 -1.3441270065105282 1.2483294094063282 0.18517545827977547
1.6 0.45 1.1 16 -1.5468284547856583 1.447060890442391 0.18711808407675307
1.6 0.45 1.1 18 -1.7500991162403725 1.6451629805917627 0.1886256720462297
1.6 0.45 1.1 20 -1.9542602386284427 1.8423005430134356 0.18982803908209392
1.6 0.45 1.1 22 -2.158722744075928 2.039111236785682 0.19081063549370955
1.6 0.45 1.1 24 -2.363528281778803 2.2355528332980534 0.19162837979486902
1.6 0.45 1.15 10 -0.8226465035398363 0.968779787263079 0.17914262908029152
1.6 0.45 1.15 12 -0.9982039304638307 1.195046316071739 0.18277085387796413
1.6 0.45 1.15 14 -1.1744161061720537 1.4205372268644747 0.18535380950260918
1.6 0.45 1.15 16 -1.3520392202704457 1.6444672059450944 0.18728165163847127
1.6 0.45 1.15 18 -1.5301419271570724 1.8678653886464176 0.188778184211305
1.6 0.45 1.15 20 -1.7089091976622566 2.0905398153763883 0.18997245065193225
1.6 0.45 1.15 22 -1.887910690986973 2.312959055691522 0.1909486248490225
1.6 0.45 1.15 24 -2.067175107012245 2.5350940192408706 0.19176121359387985
1.6 0.45 1.2 10 -0.7216506370985272 1.0718525037057947 0.17935031408043217
1.6 0.45 1.2 12 -0.8763236386735997 1.319088206474433 0.18295098709566937
1.6 0.45 1.2 14 -1.0315903032002536 1.5656231816166108 0.18551524891549032
1.6 0.45 1.2 16 -1.188014969322972 1.810870765599127 0.18743035843263117
1.6 0.45 1.2 18 -1.344837365077845 2.0556757861936696 0.18891739729286192
1.6 0.45 1.2 20 -1.5021554460454305 2.299937985146827 0.1901046715596129
1.6 0.45 1.2 22 -1.6596482215586101 2.544008881662686 0.19107532287369527
1.6 0.45 1.2 24 -1.8173336135132616 2.7878704158059615 0.1918835012216343
1.6 0.45 1.25 10 -0.6362373287887948 1.159132459086305 0.17953697878751
1.6 0.45 1.25 12 -0.7731783848905462 1.4241839499650908 0.18311352790463642
1.6 0.45 1.25 14 -0.9105981410833266 1.6886674836407138 0.18566183033743147
1.6 0.45 1.25 16 -1.0489799805455107 1.9520760762346185 0.18756600354875808
1.6 0.45 1.25 18 -1.187697004652569 2.215110391095653 0.18904485531934567
1.6 0.45 1.25 20 -1.3267764658837178 2.477745503514661 0.19022609846991895
1.6 0.45 1.25 22 -1.4659843387251736 2.74023923334488 0.1911919805486388
1.6 0.45 1.25 24 -1.6053143231196187 3.002599400989521 0.19199640517121416
1.6 0.45 1.3 10 -0.5635503696162374 1.2335033092614143 0.17970536788776517
1.6 0.45 1.3 12 -0.685282340983169 1.5138529312440454 0.1832612726856012
1.6 0.45 1.3 14 -0.8074351781325478 1.7937033081580296 0.18579560616361265
1.6 0.45 1.3 16 -0.930386474743862 2.0726570278507443 0.1876902189121629
1.6 0.45 1.3 18 -1.0535784663950583 2.3513401169526844 0.18916214351931904
1.6 0.45 1.3 20 -1.1770565445312706 2.629706363370425 0.19033814539508478
1.6 0.45 1.3 22 -1.3006260683067883 2.907971335489275 0.19129988199073014
1.6 0.45 1.3 24 -1.4242877629530584 3.1861349453580488 0.19210094617962947
1.6 0.45 1.35 10 -0.5013262992282915 1.2972525659468772 0.17985788651751689
1.6 0.45 1.35 12 -0.6099537217162947 1.5907979365284888 0.18339597152039863
1.6 0.45 1.35 14 -0.7189713243877094 1.8838815699089662 0.18591806387833396
1.6 0.45 1.35 16 -0.8286193283515118 2.176252993957756 0.18780452014432925
1.6 0.45 1.35 18 -0.9384634944179492 2.4684028090421704 0.18927035019222888
1.6 0.45 1.35 20 -1.0485233644710017 2.7603123144114634 0.19044178394412326
1.6 0.45 1.35 22 -1.1586496563113806 3.052147830053178 0.1913998857438436
1.6 0.45 1.35 24 -1.2688437935824977 3.343908308515335 0.19219800425407638
1.6 0.45 1.4 10 -0.44774257941062245 1.3522259404450452 0.17999685198556675
1.6 0.45 1.4 12 -0.5450511119950434 1.6571785120608524 0.18351913533799133
1.6 0.45 1.4 14 -0.6426821748392496 1.9617476564748129 0.18603070223671875
1.6 0.45 1.4 16 -0.7408313626499898 2.265728129180374 0.18790996823939776
1.6 0.45 1.4 18 -0.8391324082786809 2.569536060497592 0.18937047048757072
1.6 0.45 1.4 20 -0.9375961508383656 2.873161640588835 0.19053788957136003
1.6 0.45 1.4 22 -1.0361071252421694 3.1767342842545028 0.19149279134075783
1.6 0.45 1.4 24 -1.1346614423740784 3.480258672542874 0.19228833812153967
1.6 0.45 1.45 10 -0.4013765442210939 1.3998607149640563 0.18012372591851503
1.6 0.45 1.45 12 -0.48883329090784855 1.7147540389024754 0.18363227748419364
1.6 0.45 1.45 14 -0.5765690707409448 2.029314796514749 0.18613456194683528
1.6 0.45 1.45 16 -0.6647233319372333 2.3433972411120423 0.18800753581557972
1.6 0.45 1.45 18 -0.7529939577952106 2.6573466649105066 0.1894633679280954
1.6 0.45 1.45 20 -0.8413876373036978 2.971157316815992 0.1906272477059845
1.6 0.45 1.45 22 -0.9298152756512371 3.2849296724580768 0.19157931582315066
1.6 0.45 1.45 24 -1.0182700341820068 3.598671624097781 0.19237256909499115
1.6 0.45 1.5 10 -0.36105405531102974 1.4413467752486255 0.18024008305596553
1.6 0.45 1.5 12 -0.43991237072086165 1.764925368943274 0.18373647830534465
1.6 0.45 1.5 14 -0.5190024927201335 2.0882263641611303 0.18623063263437598
1.6 0.45 1.5 16 -0.5984282310148362 2.4111413419603207 0.18809809831094731
1.6 0.45 1.5 18 -0.677945699117337 2.733950843383174 0.18954980791669507
1.6 0.45 1.5 20 -0.7575558582081787 3.056655149557352 0.19071055038827653
1.6 0.45 1.5 22 -0.8371906637064851 3.3793314860426347 0.1916600977158691
1.6 0.45 1.5 24 -0.9168491495178759 3.7019811392365227 0.19245126203143328
