10 25 0 0.25 -6.8433319369392215e-06 -0.15779969012960787 0.15779284679767094
12 25 0 0.25 -2.252622430934381e-06 -0.16404077759796604 0.16403852497553512
14 25 0 0.25 2.3513747191249157e-05 -0.16448699591348925 0.1645105096606805
16 25 0 0.25 -1.4443586938617223e-06 -0.1618187231241065 0.16181727876541263
18 25 0 0.25 4.019681787326573e-06 -0.15765798677543313 0.15766200645722045
20 25 0 0.25 -4.624440806916471e-06 -0.15284833477813253 0.1528437103373256
0.35 0.475 1.0 10 -3.450585389943773 -2.2298168006484502 0.12207685892953228
0.35 0.475 1.0 12 -4.064843167541561 -2.4248748204072053 0.13666402892786297
0.35 0.475 1.0 14 -4.689986649702423 -2.646728259714919 0.14594702785625027
0.35 0.475 1.0 16 -5.333514468737502 -2.9036663814396455 0.15186550545611605
0.35 0.475 1.0 18 -5.986676107938634 -3.1784237014916408 0.15601402258038852
0.35 0.475 1.0 20 -6.652341404479033 -3.474555112711096 0.15888931458839686
0.35 0.475 1.0 22 -7.323690439834758 -3.7803157099783617 0.16106248772074527
0.35 0.475 1.0 24 -8.001700291747015 -4.097034516563145 0.16269440729932794
0.35 0.475 1.05 10 -2.9963678485755763 -1.725915228999443 0.12704526195761331
0.35 0.475 1.05 12 -3.5381837770529936 -1.8542601385622584 0.14032696987422794
0.35 0.475 1.05 14 -4.090089341874337 -2.007340936402008 0.14876774324802347
0.35 0.475 1.05 16 -4.658055802396094 -2.191712873315696 0.15414643306752485
0.35 0.475 1.05 18 -5.234645479792214 -2.3923004357368285 0.157908058003077
0.35 0.475 1.05 20 -5.821652293419408 -2.6112153597306356 0.16052184668443864
0.35 0.475 1.05 22 -6.413293033592687 -2.838209376124224 0.16250380261220287
0.35 0.475 1.05 24 -7.010035485289432 -3.0738835147172776 0.1640063321071731
0.35 0.475 1.1 10 -2.6148919661542163 -1.300193176582086 0.13146987895721302
0.35 0.475 1.1 12 -3.095023628861078 -1.3717035586376876 0.14361000585194922
0.35 0.475 1.1 14 -3.5844781319846692 -1.4660627686139927 0.15131538309790546
0.35 0.475 1.1 16 -4.08797107985643 -1.5884037854985107 0.15622295589736998
0.35 0.475 1.1 18 -4.599356477827186 -1.72586042559755 0.1596386695683131
0.35 0.475 1.1 20 -5.11826872605775 -1.8770432223491724 0.1620612751854289
0.35 0.475 1.1 22 -5.641755392467824 -2.036421962650435 0.16387879226442678
0.35 0.475 1.1 24 -6.168689169956227 -2.2018866164001794 0.165283439731502
0.35 0.475 1.15 10 -2.2924488286492526 -0.9380697926307097 0.13543790360185431
0.35 0.475 1.15 12 -2.7196905478891837 -0.9607740376265282 0.1465763758552213
0.35 0.475 1.15 14 -3.1553895330781643 -1.0043577854542916 0.15364512483027662
0.35 0.475 1.15 16 -3.6036254474804394 -1.073520870420794 0.15813153606622785
0.35 0.475 1.15 18 -4.058131265992758 -1.155078438937297 0.1612807126141923
0.35 0.475 1.15 20 -4.5190162431961545 -1.2486546836008452 0.16351807797976545
0.35 0.475 1.15 22 -4.983282358752776 -1.3485156435956163 0.16521666887078
0.35 0.475 1.15 24 -5.450344463483335 -1.4534963825571556 0.16653533670525747
0.35 0.475 1.2 10 -2.0182576123198217 -0.6280178477765945 0.1390239764543227
0.35 0.475 1.2 12 -2.399769007926677 -0.6083170712178415 0.149287661392403
0.35 0.475 1.2 14 -2.788943971820416 -0.6077408893285879 0.15580022017798772
0.35 0.475 1.2 16 -3.189013026983561 -0.6300312973765566 0.15993635810043777
0.35 0.475 1.2 18 -3.5944199237362984 -0.6631875915867836 0.16284624067497303
0.35 0.475 1.2 20 -4.0049623899569875 -0.7063703631933771 0.16492960133818052
0.35 0.475 1.2 22 -4.418030847496566 -0.7544293314195688 0.16652734163986352
0.35 0.475 1.2 24 -4.8332288817755815 -0.8065416318592648 0.16777863541317986
0.35 0.475 1.25 10 -1.7837803319280106 -0.36087299460764455 0.1422907337320366
0.35 0.475 1.25 12 -2.125634320684219 -0.3042946230465951 0.15177830813646867
0.35 0.475 1.25 14 -2.474560915290804 -0.26553840192351846 0.15778732238337753
0.35 0.475 1.25 16 -2.832563454128376 -0.24647160720791142 0.16163074043252904
0.35 0.475 1.25 18 -3.1950171940273906 -0.23677463114097272 0.16434680904924542
0.35 0.475 1.25 20 -3.561798115627173 -0.23584005026679802 0.16629790326801877
0.35 0.475 1.25 22 -3.930347869198055 -0.2384599569083627 0.16781308692225874
0.35 0.475 1.25 24 -4.300354402595019 -0.24396948768531093 0.16901603812123786
0.35 0.475 1.3 10 -1.5823146650919533 -0.129548013533543 0.14527666515584103
0.35 0.475 1.3 12 -1.8894819489969379 -0.04044575861070143 0.15408634919885303
0.35 0.475 1.3 14 -2.2030197264887335 0.032309139007853295 0.1596663475354705
0.35 0.475 1.3 16 -2.524386492818763 0.08751890578785027 0.16324408741291332
0.35 0.475 1.3 18 -2.849345582996549 0.13488938251302468 0.16579083141719853
0.35 0.475 1.3 20 -3.1775971901821536 0.17531776624969697 0.16764574782159253
0.35 0.475 1.3 22 -3.5072594967225075 0.21279636976633287 0.16909344847676547
0.35 0.475 1.3 24 -3.838017163147352 0.24801100765897743 0.17025117378359708
0.35 0.475 1.35 10 -1.4083355246870575 0.07195695199885346 0.1480292476685911
0.35 0.475 1.35 12 -1.6851835306025293 0.189554884525672 0.15622820126068346
0.35 0.475 1.35 14 -1.9675940043753215 0.2925165986675927 0.16143647164592245
0.35 0.475 1.35 16 -2.256572474766068 0.3802154274442581 0.16479924388814537
0.35 0.475 1.35 18 -2.548584000667058 0.46105107570483006 0.1672019486873271
0.35 0.475 1.35 20 -2.8431246775317733 0.5363304506230541 0.16897275640774137
0.35 0.475 1.35 22 -3.13872249038272 0.6093052766576156 0.17036489850183345
0.35 0.475 1.35 24 -3.4351056386305694 0.6805862648692685 0.17148716264582656
0.35 0.475 1.4 10 -1.257405866277125 0.24843507539656165 0.15058409416736868
0.35 0.475 1.4 12 -1.5074562593158092 0.3915407771032604 0.15824975303492247
0.35 0.475 1.4 14 -1.7624229347554181 0.5213766258476775 0.16312854004307825
0.35 0.475 1.4 16 -2.0229392533486084 0.63783164701248 0.166298181272568
0.35 0.475 1.4 18 -2.285878373162423 0.7485835075677039 0.16858121559611816
0.35 0.475 1.4 20 -2.5507512638895644 0.8549037060891063 0.17028274849893354
0.35 0.475 1.4 22 -2.816410563990628 0.9594345975393022 0.17162932552408774
0.35 0.475 1.4 24 -3.0826081811838484 1.0627523019514018 0.17272335346396875
0.35 0.475 1.45 10 -1.1260504978609447 0.4034438010087057 0.15294942988696505
0.35 0.475 1.45 12 -1.3523808891354283 0.5693918931410674 0.16014773185637465
0.35 0.475 1.45 14 -1.5830089087497896 0.7233945286039886 0.164743102668127
0.35 0.475 1.45 16 -1.8183035197567843 0.8657016852201528 0.16775032531105857
0.35 0.475 1.45 18 -2.0555175567585744 1.0033010966977207 0.16993436963646083
0.35 0.475 1.45 20 -2.294214377052541 1.1373525565977063 0.17157834668251234
0.35 0.475 1.45 22 -2.5334812961952866 1.2700485316921333 0.17288771944942818
0.35 0.475 1.45 24 -2.773124172887224 1.401858636430446 0.1739576170549029
0.35 0.475 1.5 10 -1.0111524738751712 0.5405578305427048 0.1551710304417876
0.35 0.475 1.5 12 -1.2164490132136905 0.726962606695551 0.16195096832577013
0.35 0.475 1.5 14 -1.4255093479401353 0.9025839820832009 0.1662923807159526
0.35 0.475 1.5 16 -1.63836348553825 1.0682987453840955 0.1691663894326466
0.35 0.475 1.5 18 -1.8527484026029182 1.230097178666189 0.17126919895939485
0.35 0.475 1.5 20 -2.06828844718619 1.3890082378942907 0.17286483425402405
0.35 0.475 1.5 22 -2.284245774837836 1.5468821856372488 0.17414218002159476
0.35 0.475 1.5 24 -2.500485180933623 1.7040614944595196 0.17518944480804763
