10 25 0 0.25 -6.8433319369392215e-06 -0.15779969012960787 0.15779284679767094
12 25 0 0.25 -2.252622430934381e-06 -0.16404077759796604 0.16403852497553512
14 25 0 0.25 2.3513747191249157e-05 -0.16448699591348925 0.1645105096606805
16 25 0 0.25 -1.4443586938617223e-06 -0.1618187231241065 0.16181727876541263
18 25 0 0.25 4.019681787326573e-06 -0.15765798677543313 0.15766200645722045
20 25 0 0.25 -4.624440806916471e-06 -0.15284833477813253 0.1528437103373256
1.6 0.2 1.0 10 -1.234984592155076 -0.886586146032484 0.034839844612259196
1.6 0.2 1.0 12 -1.5098610202465181 -1.0823041930169837 0.03562973560246121
1.6 0.2 1.0 14 -1.7847657092991074 -1.2780459361939536 0.036194269507510986
1.6 0.2 1.0 16 -2.05921515666505 -1.4733215230463477 0.036618352101168886
1.6 0.2 1.0 18 -2.3336334540804566 -1.6685642781458445 0.03694828755192289
1.6 0.2 1.0 20 -2.607850147432581 -1.863601564669093 0.03721242913817439
1.6 0.2 1.0 22 -2.882044355772531 -2.058615732965087 0.03742857376397473
1.6 0.2 1.0 24 -3.156153616940236 -2.253543541404798 0.037608753147309916
1.6 0.2 1.05 10 -1.0688318444118607 -0.7195427698820706 0.03492890745297902
1.6 0.2 1.05 12 -1.3066479524401444 -0.8781617628725167 0.03570718246396898
1.6 0.2 1.05 14 -1.5444591080396597 -1.0367716634719237 0.036263388897695426
1.6 0.2 1.05 16 -1.7819185379961198 -1.1950209445925493 0.03668109958772316
1.6 0.2 1.05 18 -2.0193550624938412 -1.3532460396940327 0.037006056822211586
1.6 0.2 1.05 20 -2.2566384897207707 -1.5113149244258979 0.03726617826474364
1.6 0.2 1.05 22 -2.4939125514758302 -1.669374080786121 0.03747902139498678
1.6 0.2 1.05 24 -2.731120108211637 -1.8273655563411806 0.037656439661269026
1.6 0.2 1.1 10 -0.9307767913785966 -0.5806988664574533 0.03500779249211433
1.6 0.2 1.1 12 -1.137804894493911 -0.7084936412395447 0.03577593777119719
1.6 0.2 1.1 14 -1.344830258783688 -0.8362824297976325 0.03632484492757539
1.6 0.2 1.1 16 -1.551576127097232 -0.9637842903996461 0.036736989793599115
1.6 0.2 1.1 18 -1.758301738824314 -1.091264846342501 0.03705760513787851
1.6 0.2 1.1 20 -1.964911255814041 -1.2186268049582194 0.03731422254279108
1.6 0.2 1.1 22 -2.171509887813927 -1.3459775397599856 0.03752419763881553
1.6 0.2 1.1 24 -2.378065085760642 -1.4732840160629326 0.03769921123740456
1.6 0.2 1.15 10 -0.815185487665955 -0.4644057083622708 0.03507797793036842
1.6 0.2 1.15 12 -0.9964389333042121 -0.5663919414079387 0.03583724932468945
1.6 0.2 1.15 14 -1.1777028935994178 -0.6683864437554522 0.03637974641742612
1.6 0.2 1.15 16 -1.3587363119100047 -0.7701440088994904 0.03678701893815714
1.6 0.2 1.15 18 -1.5397575252320816 -0.8718886278044783 0.03710382763486685
1.6 0.2 1.15 20 -1.7206906917802756 -0.9735431896225939 0.03735737510788408
1.6 0.2 1.15 22 -1.9016163106545225 -1.075189956355111 0.03756483428633688
1.6 0.2 1.15 24 -2.082510862331889 -1.1768050273887447 0.037737743122631014
1.6 0.2 1.2 10 -0.7176929006111763 -0.36628536799687705 0.03514075326142992
1.6 0.2 1.2 12 -0.8772321825116829 -0.4465262133699592 0.03589216409514364
1.6 0.2 1.2 14 -1.0367763885223154 -0.5267701251709104 0.03642901881081464
1.6 0.2 1.2 16 -1.1961372838574673 -0.6068253875891978 0.036831993516766845
1.6 0.2 1.2 18 -1.3554893266697299 -0.686871233793427 0.03714544960423905
1.6 0.2 1.2 20 -1.5147745919963034 -0.7668486892155985 0.037396295139035245
1.6 0.2 1.2 22 -1.6740546330564572 -0.8468207399030342 0.037601540597882864
1.6 0.2 1.2 24 -1.833312437084168 -0.9267700748926728 0.037772598424645636
1.6 0.2 1.25 10 -0.6349316050642955 -0.2829605243168183 0.03519710807474772
1.6 0.2 1.25 12 -0.7760421417202288 -0.3447433918570347 0.03594156248859951
1.6 0.2 1.25 14 -0.9171587477784584 -0.40653092087461573 0.036473416207417335
1.6 0.2 1.25 16 -1.0581279656824683 -0.4681665619853192 0.03687258773107181
1.6 0.2 1.25 18 -1.1990907895642549 -0.5297953806322183 0.03718307827400203
1.6 0.2 1.25 20 -1.340002945047878 -0.5913722370592844 0.037431535399429686
1.6 0.2 1.25 22 -1.4809186961900116 -0.6529527104381442 0.037634817534175795
1.6 0.2 1.25 24 -1.621811979325291 -0.7145102080815395 0.037804240468489646
1.6 0.2 1.3 10 -0.5642429564132314 -0.2117639063732464 0.035247905003998506
1.6 0.2 1.3 12 -0.6896214415238041 -0.25778745507864437 0.035986165537096645
1.6 0.2 1.3 14 -0.8150090638118044 -0.30381914355183426 0.03651356573285501
1.6 0.2 1.3 16 -0.9402749107263727 -0.3497251700895999 0.0369093587897983
1.6 0.2 1.3 18 -1.0655361620260146 -0.3956262758277282 0.0372172158999048
1.6 0.2 1.3 20 -1.1907589754876449 -0.4414879075189402 0.03746355339843523
1.6 0.2 1.3 22 -1.3159792970393827 -0.4873469515776922 0.03766510661189502
1.6 0.2 1.3 24 -1.4411881937288458 -0.5331942937304477 0.03783307916659992
1.6 0.2 1.35 10 -0.5035266048375888 -0.15058814753029384 0.0352938457307295
1.6 0.2 1.35 12 -0.6153971143379806 -0.18307819726259528 0.03602657642294878
1.6 0.2 1.35 14 -0.7272723855940058 -0.21557215228305135 0.03655001666506817
1.6 0.2 1.35 16 -0.8390524274346518 -0.24796768677728617 0.03694279629108535
1.6 0.2 1.35 18 -0.9508291773742209 -0.2803596824505803 0.03724830527353559
1.6 0.2 1.35 20 -1.062576705739113 -0.3127216258961446 0.037492753992148416
1.6 0.2 1.35 22 -1.1743225142278106 -0.3450817797646139 0.03769276065741803
1.6 0.2 1.35 24 -1.2860601078636258 -0.37743350786484925 0.037859441666615694
1.6 0.2 1.4 10 -0.45109517337255056 -0.09773965775193694 0.03533555156206136
1.6 0.2 1.4 12 -0.551304916291997 -0.11854500786518463 0.03606332570223436
1.6 0.2 1.4 14 -0.6515188626464123 -0.13935389400704423 0.03658321204566915
1.6 0.2 1.4 16 -0.7516561614598897 -0.16008344401673483 0.03697329484019718
1.6 0.2 1.4 18 -0.8517911124349672 -0.18081045877716398 0.03727670298098907
1.6 0.2 1.4 20 -0.9519038167466541 -0.2015145608569608 0.03751946279448467
1.6 0.2 1.4 22 -1.0520153343805076 -0.22221742551011864 0.037718086766835864
1.6 0.2 1.4 24 -1.1521209322593802 -0.24291420973568967 0.037883613438487104
1.6 0.2 1.45 10 -0.4055967812280059 -0.051861528631256704 0.03537352525967492
1.6 0.2 1.45 12 -0.49569090584138564 -0.0625287986506159 0.03609684226589748
1.6 0.2 1.45 14 -0.5857884094712347 -0.07319891620698388 0.036613535233160764
1.6 0.2 1.45 16 -0.6758241697146445 -0.08380502477152213 0.037001196558945154
1.6 0.2 1.45 18 -0.7658582630884317 -0.09440932427650942 0.03730271882288458
1.6 0.2 1.45 20 -0.8558753917392262 -0.10499612480034093 0.037543963346944265
1.6 0.2 1.45 22 -0.9458917016163547 -0.1155820695947072 0.037741346910074886
1.6 0.2 1.45 24 -1.035903735154134 -0.12616361553700545 0.03790583831738036
1.6 0.2 1.5 10 -0.3659324660404337 -0.011850435192023667 0.03540820308484101
1.6 0.2 1.5 12 -0.44720948963586693 -0.013679454668172915 0.0361275029139745
1.6 0.2 1.5 14 -0.5284897563141105 -0.015511313551931373 0.03664131734015565
1.6 0.2 1.5 16 -0.6097202311335934 -0.017291470692789634 0.03702679752755024
1.6 0.2 1.5 18 -0.690949528574283 -0.019070342611865652 0.03732662144235652
1.6 0.2 1.5 20 -0.7721658643101923 -0.020835823947181212 0.03756650201815055
1.6 0.2 1.5 22 -0.8533816350437393 -0.022600713359273317 0.03776276916747573
1.6 0.2 1.5 24 -0.9345943081837831 -0.024362411644419657 0.037926329022473476
