10 25 0 0.25 -6.8433319369392215e-06 -0.15779969012960787 0.15779284679767094
12 25 0 0.25 -2.252622430934381e-06 -0.16404077759796604 0.16403852497553512
14 25 0 0.25 2.3513747191249157e-05 -0.16448699591348925 0.1645105096606805
16 25 0 0.25 -1.4443586938617223e-06 -0.1618187231241065 0.16181727876541263
18 25 0 0.25 4.019681787326573e-06 -0.15765798677543313 0.15766200645722045
20 25 0 0.25 -4.624440806916471e-06 -0.15284833477813253 0.1528437103373256
0.35 0.45 1.0 10 -3.3235615936746816 -2.134061734063873 0.11894998596108089
0.35 0.45 1.0 12 -3.968038149890349 -2.4273525218771477 0.1283904690011001
0.35 0.45 1.0 14 -4.618626716119195 -2.7335769878916256 0.1346464091591121
0.35 0.45 1.0 16 -5.282911244248841 -3.0628214952724497 0.13875560931102446
0.35 0.45 1.0 18 -5.952769293094277 -3.4013713382623814 0.14174433082399418
0.35 0.45 1.0 20 -6.629992994653563 -3.751573558537571 0.1439209718057996
0.35 0.45 1.0 22 -7.310214946633005 -4.106509094670834 0.14562299327100778
0.35 0.45 1.0 24 -7.994188082462942 -4.467234618135649 0.14695639434697053
0.35 0.45 1.05 10 -2.895531054203026 -1.6736455697248602 0.1221885484478166
0.35 0.45 1.05 12 -3.463300199533005 -1.8926069855132417 0.13089110116831362
0.35 0.45 1.05 14 -4.036615436295566 -2.1233017852016407 0.13666526079242325
0.35 0.45 1.05 16 -4.622021945899536 -2.374784014567524 0.14045237070825073
0.35 0.45 1.05 18 -5.211555450507983 -2.633377914544227 0.14323208533131976
0.35 0.45 1.05 20 -5.80719121085683 -2.901910385481724 0.1452640412687553
0.35 0.45 1.05 22 -6.405523245987808 -3.174808854534486 0.1468506541569692
0.35 0.45 1.05 24 -7.006191544911422 -3.4514369784138883 0.14811477360406392
0.35 0.45 1.1 10 -2.534851549029913 -1.2836392067582918 0.1251212342271621
0.35 0.45 1.1 12 -3.037255973667044 -1.4391124545362617 0.13317862659423185
0.35 0.45 1.1 14 -3.544566271146941 -1.6050571158710483 0.13853636823399235
0.35 0.45 1.1 16 -4.062266932603393 -1.7893476966304394 0.1420574522483096
0.35 0.45 1.1 18 -4.583355142447428 -1.9796306286186036 0.14465136187937913
0.35 0.45 1.1 20 -5.10954659455615 -2.1784786860375585 0.14655339542592957
0.35 0.45 1.1 22 -5.637465434483147 -2.380225493107625 0.14805636097161462
0.35 0.45 1.1 24 -6.16732608810584 -2.585172138565838 0.14925641456416675
0.35 0.45 1.15 10 -2.2289715613213623 -0.9510044474258024 0.127796711389556
0.35 0.45 1.15 12 -2.6752153339072393 -1.0516887747897377 0.13529387992645847
0.35 0.45 1.15 14 -3.1260098242791514 -1.1621145306639054 0.14027823525823185
0.35 0.45 1.15 16 -3.5853874407882245 -1.2881606874824334 0.14357667208161196
0.35 0.45 1.15 18 -4.047677472400841 -1.4194929891247527 0.1460102490708938
0.35 0.45 1.15 20 -4.513882809336186 -1.5576212542789778 0.14781307775286043
0.35 0.45 1.15 22 -4.981466644724151 -1.6981382596564136 0.14924219932126076
0.35 0.45 1.15 24 -5.450581234319576 -1.841263575397538 0.15038823578841823
0.35 0.45 1.2 10 -1.9679791840782757 -0.665386730831951 0.13025924532463246
0.35 0.45 1.2 12 -2.3656697725146048 -0.718437823009685 0.13726932912540998
0.35 0.45 1.2 14 -2.767473571619302 -0.7804026594896073 0.14193363658069247
0.35 0.45 1.2 16 -3.1764696971653397 -0.8558701508499048 0.14503747164471467
0.35 0.45 1.2 18 -3.5879271073907515 -0.9359341636078274 0.14733294132127356
0.35 0.45 1.2 20 -4.002377542878173 -1.0213766737681702 0.14905004345550013
0.35 0.45 1.2 22 -4.417881360075556 -1.1087080421541662 0.15041696899642681
0.35 0.45 1.2 24 -4.834535585350587 -1.1980697992369809 0.1515194077547336
0.35 0.45 1.25 10 -1.7439931527760848 -0.4185090685069664 0.13254840842691185
0.35 0.45 1.25 12 -2.0997602373052575 -0.4304086919329464 0.13911262878102593
0.35 0.45 1.25 14 -2.4588779546910207 -0.4497921924700563 0.14350612587292602
0.35 0.45 1.25 16 -2.824081670954598 -0.4809786813146569 0.14644393685249632
0.35 0.45 1.25 18 -3.1913944980132163 -0.5162232605526255 0.14862062430336617
0.35 0.45 1.25 20 -3.560944363726634 -0.5556356422457638 0.1502654360740435
0.35 0.45 1.25 22 -3.9312855696203926 -0.5965186243741769 0.1515803156930098
0.35 0.45 1.25 24 -4.302373509226413 -0.6387704223701728 0.15265012861901003
0.35 0.45 1.3 10 -1.550893055965659 -0.20409091923217468 0.13468021367334843
0.35 0.45 1.3 12 -1.869892616030704 -0.17949582780925993 0.14086639901845366
0.35 0.45 1.3 14 -2.1918384803827493 -0.16161932778458565 0.1450156537570117
0.35 0.45 1.3 16 -2.518915947023089 -0.15403384095923012 0.14780513162899117
0.35 0.45 1.3 18 -2.8475364279292257 -0.14953248756878396 0.14988910779780232
0.35 0.45 1.3 20 -3.1779562988015644 -0.1485075311920823 0.1514724383804741
0.35 0.45 1.3 22 -3.5089507693901396 -0.14859098684034697 0.15274362647953604
0.35 0.45 1.3 24 -3.8405201200957992 -0.14976777372919017 0.15378134776527538
0.35 0.45 1.35 10 -1.383667346543259 -0.016930070072182956 0.13667372764710758
0.35 0.45 1.35 12 -1.670365964495538 0.040060867224633694 0.1425355693100143
0.35 0.45 1.35 14 -1.9597862711290344 0.09073813501353722 0.14646602901018366
0.35 0.45 1.35 16 -2.2533180952112155 0.13286333057322963 0.14913633911152782
0.35 0.45 1.35 18 -2.5481246713832033 0.17235129496179336 0.15113755368583315
0.35 0.45 1.35 20 -2.8443107454981433 0.20907142711424911 0.1526691086306196
0.35 0.45 1.35 22 -3.140921222615532 0.2449412945658274 0.1539028416900618
0.35 0.45 1.35 24 -3.4379622495702655 0.2799606785107381 0.1549134553367085
0.35 0.45 1.4 10 -1.2380918480635756 0.1475296840936925 0.1385621532157268
0.35 0.45 1.4 12 -1.4965052042751639 0.23299796799537362 0.1441252643558781
0.35 0.45 1.4 14 -1.7571791926291525 0.3130519957337873 0.14787365631163854
0.35 0.45 1.4 16 -2.0212729020008657 0.3857293852176839 0.15043764295115936
0.35 0.45 1.4 18 -2.286365769942753 0.4562615613238635 0.1523681850703676
0.35 0.45 1.4 20 -2.5525140880125714 0.5245927768912856 0.15385534324519284
0.35 0.45 1.4 22 -2.818968601708101 0.5922861637737072 0.15505703479462765
0.35 0.45 1.4 24 -3.0857024738431993 0.6594051172040626 0.15604614962696925
0.35 0.45 1.45 10 -1.1109623109783833 0.2924954803569222 0.14034577913353055
0.35 0.45 1.45 12 -1.3443317457810195 0.40350352764435776 0.14565293945211477
0.35 0.45 1.45 14 -1.5796588585996716 0.5096864488434815 0.14923895053165379
0.35 0.45 1.45 16 -1.8177760948008366 0.6096195376556558 0.15171222702853077
0.35 0.45 1.45 18 -2.056667108422274 0.7078262054984396 0.15358296188448406
0.35 0.45 1.45 20 -2.296366060329192 0.8042804810101413 0.15503232706696668
0.35 0.45 1.45 22 -2.5362878543937732 0.900251844854662 0.15620634996583796
0.35 0.45 1.45 24 -2.7763867774896807 0.9958437044289733 0.15717627007994392
0.35 0.45 1.5 10 -0.9994727556558279 0.42096606524868524 0.14204388209045132
0.35 0.45 1.5 12 -1.2106960930319772 0.5547589071915615 0.14712125001862822
0.35 0.45 1.5 14 -1.4235493571252675 0.684396518726844 0.15056756256086512
0.35 0.45 1.5 16 -1.6386590474391198 0.8087794995915307 0.15296490918941566
0.35 0.45 1.5 18 -1.8543838134972912 0.9317362936737359 0.1547844503983904
0.35 0.45 1.5 20 -2.0707232348164615 1.0533055239391187 0.15620143793777902
0.35 0.45 1.5 22 -2.2872260119437797 1.174506290059273 0.15735146827286603
0.35 0.45 1.5 24 -2.503884939736877 1.295359559098292 0.15830185411813205
