10 25 0 0.25 -6.8433319369392215e-06 -0.15779969012960787 0.15779284679767094
12 25 0 0.25 -2.252622430934381e-06 -0.16404077759796604 0.16403852497553512
14 25 0 0.25 2.3513747191249157e-05 -0.16448699591348925 0.1645105096606805
16 25 0 0.25 -1.4443586938617223e-06 -0.1618187231241065 0.16181727876541263
18 25 0 0.25 4.019681787326573e-06 -0.15765798677543313 0.15766200645722045
20 25 0 0.25 -4.624440806916471e-06 -0.15284833477813253 0.1528437103373256
0.2 0.485 1.0 10 -4.2963410899987995 -3.9206883586083072 0.03756527313904923
0.2 0.485 1.0 12 -4.975795660076401 -4.197716326563939 0.06483994445937184
0.2 0.485 1.0 14 -5.67593580278578 -4.517404891371038 0.08275220795819584
0.2 0.485 1.0 16 -6.404051239160795 -4.8970529456750755 0.09418739334285747
0.2 0.485 1.0 18 -7.149696568336054 -5.314399481504457 0.10196094926842209
0.2 0.485 1.0 20 -7.9146977659518205 -5.772966052165256 0.1070865856893282
0.2 0.485 1.0 22 -8.693699961104707 -6.261195005969451 0.11056840705160255
0.2 0.485 1.0 24 -9.483174082746679 -6.771536578559726 0.11298489600778971
0.2 0.485 1.05 10 -3.73892218388276 -3.2738502501549447 0.04650719337278155
0.2 0.485 1.05 12 -4.3419678052792525 -3.4813495029934485 0.07171819185715034
0.2 0.485 1.05 14 -4.964029152652179 -3.731034617256526 0.08807103824254663
0.2 0.485 1.05 16 -5.611431947684277 -4.037993176065038 0.09833992322620244
0.2 0.485 1.05 18 -6.274682151324632 -4.380741554615315 0.10521892203940651
0.2 0.485 1.05 20 -6.955654541895285 -4.763095567705668 0.10962794870948085
0.2 0.485 1.05 22 -7.6463314476320186 -5.167061669239743 0.11269408083601253
0.2 0.485 1.05 24 -8.34666002569486 -5.592449657742225 0.11475876533135976
0.2 0.485 1.1 10 -3.26901684771563 -2.7229880297803546 0.05460288179352753
0.2 0.485 1.1 12 -3.806524361012886 -2.871499281336321 0.07791875663971375
0.2 0.485 1.1 14 -4.361750292562434 -3.0620522930276453 0.09283557139534203
0.2 0.485 1.1 16 -4.93983428130349 -3.307073916316323 0.10204752281169793
0.2 0.485 1.1 18 -5.531831488621403 -3.585138899524628 0.10814958828315419
0.2 0.485 1.1 20 -6.139065633485454 -3.8990148963937368 0.11200253685458586
0.2 0.485 1.1 22 -6.75479197831351 -4.2327858190540315 0.11463664360270358
0.2 0.485 1.1 24 -7.37746163401018 -4.58278617679775 0.11644481071718456
0.2 0.485 1.15 10 -2.8701562430702037 -2.250198844715819 0.06199573983543845
0.2 0.485 1.15 12 -3.351384975316535 -2.3490388263170123 0.08352884574996022
0.2 0.485 1.15 14 -3.84887809854738 -2.4890054950433504 0.09713375739314498
0.2 0.485 1.15 16 -4.366742921100709 -2.6801813428434276 0.10541009864108009
0.2 0.485 1.15 18 -4.8976651265598505 -2.9039766269403318 0.11076047220108437
0.2 0.485 1.15 20 -5.440319792053193 -3.156833086008916 0.11417433530221385
0.2 0.485 1.15 22 -5.9900088909688805 -3.4270602355594946 0.11649766615497209
0.2 0.485 1.15 24 -6.545625055319391 -3.711896581878405 0.11807201972670776
0.2 0.485 1.2 10 -2.5298044308806418 -1.8422619918835654 0.06875424389970763
0.2 0.485 1.2 12 -2.962143379358973 -1.8984030675649095 0.08864502598283862
0.2 0.485 1.2 14 -3.4094824901665675 -1.9948699810933594 0.10104375064808628
0.2 0.485 1.2 16 -3.875270074566771 -2.1402737628447435 0.10843726948262672
0.2 0.485 1.2 18 -4.351706313273256 -2.313748849020285 0.11321985912516506
0.2 0.485 1.2 20 -4.838192918210298 -2.5134879206309693 0.11623524987896645
0.2 0.485 1.2 22 -5.330415091688463 -2.7281786809008737 0.11828347321761772
0.2 0.485 1.2 24 -5.827075760205978 -2.95442420703448 0.11969381471547907
0.2 0.485 1.25 10 -2.237802852292723 -1.4881253477402734 0.07496775045524495
0.2 0.485 1.25 12 -2.627563609596777 -1.5076792177858016 0.09332369931758128
0.2 0.485 1.25 14 -3.0309040792908086 -1.5660134122945526 0.10463504764258971
0.2 0.485 1.25 16 -3.45044243797399 -1.6697540276797738 0.11129302564338853
0.2 0.485 1.25 18 -3.879413733589899 -1.7997445935001362 0.11553717444943128
0.2 0.485 1.25 20 -4.316834920291847 -1.9530654318079699 0.11818847442419386
0.2 0.485 1.25 22 -4.7584382366706475 -2.117916203269144 0.12002372879097743
0.2 0.485 1.25 24 -5.203198307524769 -2.2914590404915534 0.12132246945971731
0.2 0.485 1.3 10 -1.9861553764081812 -1.1792632824473424 0.08068920939608389
0.2 0.485 1.3 12 -2.3384779786650163 -1.1668452038289623 0.09763606456967117
0.2 0.485 1.3 14 -2.703241381499454 -1.1921273197486295 0.10793671869648747
0.2 0.485 1.3 16 -3.082057937246219 -1.259087044785205 0.11393568077881339
0.2 0.485 1.3 18 -3.4690596809436096 -1.350130899206461 0.11771826565206382
0.2 0.485 1.3 20 -3.862631116908529 -1.4603747125547912 0.12011282021768688
0.2 0.485 1.3 22 -4.259586991712857 -1.5804961050195179 0.12177685848606089
0.2 0.485 1.3 24 -4.65892177443264 -1.7075533130962408 0.12297368588901664
0.2 0.485 1.35 10 -1.768261015018446 -0.90835547085957 0.08599055441588759
0.2 0.485 1.35 12 -2.0874788592091136 -0.8677112179280914 0.10164730344008517
0.2 0.485 1.35 14 -2.418083187134769 -0.8636746320671733 0.11102918250482828
0.2 0.485 1.35 16 -2.760934637270026 -0.8981004057847042 0.1164271394678326
0.2 0.485 1.35 18 -3.110475595335523 -0.9533785062298491 0.11983872717253746
0.2 0.485 1.35 20 -3.4653559884434393 -1.0251916757540833 0.1220082156344678
0.2 0.485 1.35 22 -3.822819365752186 -1.104996522925967 0.1235374019466463
0.2 0.485 1.35 24 -4.182007478378657 -1.1901324690819892 0.12466145872069449
0.2 0.485 1.4 10 -1.5788827164500034 -0.669811601920267 0.09090711145297364
0.2 0.485 1.4 12 -1.8688934669724102 -0.6046942309104115 0.10534993633849989
0.2 0.485 1.4 14 -2.168971778689124 -0.5739591826707304 0.11392947114417096
0.2 0.485 1.4 16 -2.4796371615767185 -0.5784781605258208 0.11882243756568112
0.2 0.485 1.4 18 -2.7959602260835643 -0.6016971402543525 0.12190350476828954
0.2 0.485 1.4 20 -3.11647404992164 -0.6386863595065074 0.12388938452075662
0.2 0.485 1.4 22 -3.438892337009968 -0.6819302380326306 0.12531645904442443
0.2 0.485 1.4 24 -3.7625410977675586 -0.729210858891434 0.12638875995317186
0.2 0.485 1.45 10 -1.4135993393253123 -0.45861879754571183 0.09549805417796005
0.2 0.485 1.45 12 -1.6774336337687716 -0.37116219032621117 0.10885595362021337
0.2 0.485 1.45 14 -1.9503592113870436 -0.31667349550849033 0.11669183684846808
0.2 0.485 1.45 16 -2.2324143748410137 -0.2944498245633309 0.12112278439235517
0.2 0.485 1.45 18 -2.5190268553575508 -0.2882234584324464 0.12393352205139468
0.2 0.485 1.45 20 -2.8089115184525064 -0.2934185601562614 0.12577464791481224
0.2 0.485 1.45 22 -3.100196411574217 -0.30350035370311507 0.12712254808505008
0.2 0.485 1.45 24 -3.3923659109772757 -0.3166653619224555 0.12815418954395083
0.2 0.485 1.5 10 -1.2688233223321181 -0.27078728190921814 0.09980360404229001
0.2 0.485 1.5 12 -1.509358810144846 -0.16363340485595382 0.11214378377407436
0.2 0.485 1.5 14 -1.757956888396789 -0.08755486611073593 0.1193144301632895
0.2 0.485 1.5 16 -2.014275260826267 -0.04047194140314869 0.12336270746394488
0.2 0.485 1.5 18 -2.2742528565926206 -0.007046066997939081 0.12595593275526007
0.2 0.485 1.5 20 -2.5367874621728035 0.01688934534213703 0.12768384037574704
0.2 0.485 1.5 22 -2.8003955735596535 0.03684085406738369 0.12896529216486532
0.2 0.485 1.5 24 -3.064649432513545 0.05439911835514761 0.12996035628619554
