10 25 0 0.25 -6.8433319369392215e-06 -0.15779969012960787 0.15779284679767094
12 25 0 0.25 -2.252622430934381e-06 -0.16404077759796604 0.16403852497553512
14 25 0 0.25 2.3513747191249157e-05 -0.16448699591348925 0.1645105096606805
16 25 0 0.25 -1.4443586938617223e-06 -0.1618187231241065 0.16181727876541263
18 25 0 0.25 4.019681787326573e-06 -0.15765798677543313 0.15766200645722045
20 25 0 0.25 -4.624440806916471e-06 -0.15284833477813253 0.1528437103373256
0.4 0.45 1.0 10 -3.1451399495836636 -1.8479899600440026 0.1297149989539661
0.4 0.45 1.0 12 -3.758589387910086 -2.101194521748542 0.13811623884679533
0.4 0.45 1.0 14 -4.377547778404278 -2.365502605610363 0.1437175123424225
0.4 0.45 1.0 16 -5.009027136817112 -2.649700282966084 0.14745792836568924
0.4 0.45 1.0 18 -5.645602166150322 -2.941949312607269 0.1502029363079474
0.4 0.45 1.0 20 -6.288931002903296 -3.244302868448102 0.1522314067227597
0.4 0.45 1.0 22 -6.93500895989456 -3.5507642388592533 0.15382930550160487
0.4 0.45 1.0 24 -7.584530889106244 -3.8622523469329155 0.155094939257222
0.4 0.45 1.05 10 -2.7364983407418038 -1.4113103587955358 0.1325187981946268
0.4 0.45 1.05 12 -3.2761018543173535 -1.5925106408075929 0.14029926779248006
0.4 0.45 1.05 14 -3.8207001074864118 -1.783725594818382 0.14549817947628782
0.4 0.45 1.05 16 -4.376323592975625 -1.9927987717739692 0.1489703013251035
0.4 0.45 1.05 18 -4.935708606152912 -2.2079892037566475 0.15153996679979245
0.4 0.45 1.05 20 -5.500672724196495 -2.431745018840716 0.15344638526778892
0.4 0.45 1.05 22 -6.068102506518259 -2.659266287474607 0.15494710086562055
0.4 0.45 1.05 24 -6.637670452144107 -2.8900049056395187 0.15615273110435784
0.4 0.45 1.1 10 -2.392785496376335 -1.0422170994607356 0.13505683969155996
0.4 0.45 1.1 12 -2.869578439591301 -1.162012558152135 0.14229715678659716
0.4 0.45 1.1 14 -3.350783965368194 -1.2906959570978924 0.1471491434478787
0.4 0.45 1.1 16 -3.8414392932992296 -1.4350494809601713 0.15039936327119113
0.4 0.45 1.1 18 -4.335174409018457 -1.5845281428860334 0.1528136814518013
0.4 0.45 1.1 20 -4.833562485710195 -1.7413433569489307 0.15461095643806325
0.4 0.45 1.1 22 -5.333525388027596 -1.9006431511282271 0.15604010167724403
0.4 0.45 1.1 24 -5.835260463231202 -2.062685552037685 0.15719062129972985
0.4 0.45 1.15 10 -2.1018036757283936 -0.7280903340255659 0.13737133417028277
0.4 0.45 1.15 12 -2.524733427183656 -0.7950027105502215 0.14414422638611954
0.4 0.45 1.15 14 -2.951753547703589 -0.8701416803283877 0.14868656195537153
0.4 0.45 1.15 16 -3.3865599754533093 -0.9585458338332847 0.15175088385125154
0.4 0.45 1.15 18 -3.824008275143039 -1.051445339297811 0.15403127421362378
0.4 0.45 1.15 20 -4.265016740238527 -1.1501303646773693 0.1557443187780579
0.4 0.45 1.15 22 -4.707278687573579 -1.2508500899340096 0.15711039080179862
0.4 0.45 1.15 24 -5.150933896057775 -1.353791238585232 0.1582142773946893
0.4 0.45 1.2 10 -1.8539391333639013 -0.45893953085295164 0.13949996025109496
0.4 0.45 1.2 12 -2.230390538962304 -0.47997901597051246 0.14586762691598262
0.4 0.45 1.2 14 -2.610535130272562 -0.5085076822599932 0.15014481771518348
0.4 0.45 1.2 16 -2.997189003665838 -0.5484376617898146 0.15304695886725145
0.4 0.45 1.2 18 -3.3860706723016567 -0.5922541368617715 0.15521202974666026
0.4 0.45 1.2 20 -3.7776669597590233 -0.6406216608841129 0.15685226494374552
0.4 0.45 1.2 22 -4.170218704199653 -0.6905881840010187 0.15816502364539245
0.4 0.45 1.2 24 -4.56381483129614 -0.742273117589978 0.15923090473775675
0.4 0.45 1.25 10 -1.6415618219710393 -0.22680268918982696 0.14147591327812123
0.4 0.45 1.25 12 -1.9779422121791068 -0.20824293045676256 0.1474749401435287
0.4 0.45 1.25 14 -2.3173253212356113 -0.19593723925780676 0.15152772014127175
0.4 0.45 1.25 16 -2.662204394668933 -0.19354102201979392 0.1542914607905712
0.4 0.45 1.25 18 -3.008988643656921 -0.19455630907345883 0.15635735192130346
0.4 0.45 1.25 20 -3.357796988644474 -0.19907703710151686 0.15793599757714785
0.4 0.45 1.25 22 -3.7073214145896447 -0.20483510228990826 0.15920392328635166
0.4 0.45 1.25 24 -4.057522054908291 -0.21174457590529344 0.16024072829179156
0.4 0.45 1.3 10 -1.4587445391736829 -0.025607952342078022 0.14331365868316048
0.4 0.45 1.3 12 -1.760053966199834 0.027948833504858328 0.14900023330872436
0.4 0.45 1.3 14 -2.0640008398282816 0.07591934605135364 0.15285144184854538
0.4 0.45 1.3 16 -2.3725724730877857 0.11529832696573188 0.15549192500334486
0.4 0.45 1.3 18 -2.6825348096208037 0.15209944727611188 0.15747968093871753
0.4 0.45 1.3 20 -2.9941217034696797 0.18599405660914584 0.15900578800394127
0.4 0.45 1.3 22 -3.306227393198167 0.21896165555098696 0.1602358658522343
0.4 0.45 1.3 24 -3.6188525137331764 0.25101516172608884 0.1612444864774694
0.4 0.45 1.35 10 -1.3006463775366228 0.14964996993350965 0.14502963474701325
0.4 0.45 1.35 12 -1.5712028780258955 0.23417720941419873 0.15044834062000786
0.4 0.45 1.35 14 -1.8441940278073052 0.3134805366916044 0.15411961174992211
0.4 0.45 1.35 16 -2.1208834075355725 0.385684055320596 0.15666046642851053
0.4 0.45 1.35 18 -2.3987196225288328 0.45569583535784625 0.15857863654925997
0.4 0.45 1.35 20 -2.6777987607779408 0.5234070563184011 0.1600602908548171
0.4 0.45 1.35 22 -2.9572603049109034 0.5904113692602325 0.16125780337141526
0.4 0.45 1.35 24 -3.2371100652673523 0.6567088595956806 0.16224245520262637
0.4 0.45 1.4 10 -1.1632038037160726 0.30330328171057275 0.14665070854266454
0.4 0.45 1.4 12 -1.4068688164264032 0.4150206026003514 0.15182411825222955
0.4 0.45 1.4 14 -1.6525533896263103 0.5222811247933672 0.15534532245854837
0.4 0.45 1.4 16 -1.9013086610459027 0.6234514898435268 0.15779750943058934
0.4 0.45 1.4 18 -2.150961267774078 0.7228490486167243 0.1596561286883779
0.4 0.45 1.4 20 -2.4015630595660715 0.8204277539162961 0.16109954067411839
0.4 0.45 1.4 22 -2.652440228857112 0.9174792449601056 0.16226906699169172
0.4 0.45 1.4 24 -2.9035687931784477 1.0140560949240833 0.16323437033760546
0.4 0.45 1.45 10 -1.043324044177769 0.43845953787156944 0.14817835820493383
0.4 0.45 1.45 12 -1.2632209362297169 0.5744789260429926 0.15314165518939246
0.4 0.45 1.45 14 -1.484865100110462 0.7065463270226721 0.15652938765236674
0.4 0.45 1.45 16 -1.709010696610278 0.83348198424288 0.15890579255332238
0.4 0.45 1.45 18 -1.9338501101884682 0.9589988433736355 0.16071383075345022
0.4 0.45 1.45 20 -2.1594148890529756 1.083075732345737 0.16212453106993563
0.4 0.45 1.45 22 -2.3851797414020552 1.2067557301934582 0.16326979416343243
0.4 0.45 1.45 24 -2.61110370568076 1.3301239242109237 0.16421781791215348
0.4 0.45 1.5 10 -0.938314221649577 0.5579692187856153 0.14962834404351924
0.4 0.45 1.5 12 -1.137223317592266 0.7156206664458935 0.15440366533651328
0.4 0.45 1.5 14 -1.3375857074635746 0.8698858541115142 0.15767654011250634
0.4 0.45 1.5 16 -1.5399681924515676 1.0198596506975248 0.15998924019681826
0.4 0.45 1.5 18 -1.7429014250736963 1.1686678033209252 0.16175384602192341
0.4 0.45 1.5 20 -1.946385656192498 1.3163420853215835 0.16313638707570405
0.4 0.45 1.5 22 -2.1500163296996377 1.4637152245219434 0.16426052519189005
0.4 0.45 1.5 24 -2.353787065960652 1.6108044711640328 0.16519131404686185
