0.8 0.49 1.0 10 -2.3221685236828478 -0.3999132604531255 0.19222552632297224
0.8 0.49 1.0 12 -2.7216754402757033 -0.32327285215519486 0.1998668823433757
0.8 0.49 1.0 14 -3.1282026015431654 -0.25928437841437335 0.20492273022348514
0.8 0.49 1.0 16 -3.5447349802997135 -0.2095566372030227 0.20844864644354316
0.8 0.49 1.0 18 -3.9682046669620963 -0.16926780750596257 0.21105204774756298
0.8 0.49 1.0 20 -4.399766547902893 -0.13930432682152075 0.21302311105406863
0.8 0.49 1.0 22 -4.837286123812248 -0.11679264406600119 0.21456788544301125
0.8 0.49 1.0 24 -5.280679364156321 -0.1014756440536155 0.2158001550042794
0.8 0.49 1.05 10 -1.9939666865675818 -0.05206762640946749 0.19418990601581143
0.8 0.49 1.05 12 -2.343195719900388 0.07294128478859108 0.20134475039074826
0.8 0.49 1.05 14 -2.6987521443597444 0.18675794338905313 0.2061078634106284
0.8 0.49 1.05 16 -3.0632578912700468 0.2878183074482134 0.20944226241989125
0.8 0.49 1.05 18 -3.4341213405185855 0.3802331095583418 0.2119085805598293
0.8 0.49 1.05 20 -3.8118436951048857 0.4638080683505493 0.21378258817277174
0.8 0.49 1.05 22 -4.194937520657997 0.5406057542070584 0.21525196703932067
0.8 0.49 1.05 24 -4.582134028275391 0.6122973294181103 0.2164346399038959
0.8 0.49 1.1 10 -1.7227871189840727 0.23627994263458874 0.19590670616186615
0.8 0.49 1.1 12 -2.0296583233664336 0.402172430711322 0.20265256283981295
0.8 0.49 1.1 14 -2.3423542429377306 0.5579600977802983 0.20716531005128777
0.8 0.49 1.1 16 -2.663053215581663 0.7023131249688589 0.21033539628440762
0.8 0.49 1.1 18 -2.98940558060744 0.8389422966941089 0.21268599318341938
0.8 0.49 1.1 20 -3.3219358541709014 0.9675391444064766 0.21447374992886892
0.8 0.49 1.1 22 -3.6583097515481837 1.0912048328676833 0.2158870265643576
0.8 0.49 1.1 24 -3.9982451323554 1.2103792322773188 0.21702601519302997
0.8 0.49 1.15 10 -1.4968827668726803 0.47735922068225634 0.19742419875549366
0.8 0.49 1.15 12 -1.7679494897643135 0.6778724317236708 0.20381849345733202
0.8 0.49 1.15 14 -2.044300134030395 0.8693274809165007 0.20811625821049254
0.8 0.49 1.15 16 -2.327823456422514 1.0504911977329234 0.21114466588471484
0.8 0.49 1.15 18 -2.6162468492200546 1.224904265762581 0.213397284165702
0.8 0.49 1.15 20 -2.909966305004188 1.3923457801052914 0.21511560425547396
0.8 0.49 1.15 22 -3.2069083667868643 1.555599231834043 0.21647761811913213
0.8 0.49 1.15 24 -3.5064824464258053 1.7154792991677863 0.217581739399733
0.8 0.49 1.2 10 -1.3075234645230864 0.6801695684110527 0.1987693032934139
0.8 0.49 1.2 12 -1.5480105716543495 0.9103518232553398 0.20486353290914075
0.8 0.49 1.2 14 -1.793362277827546 1.1322898851033663 0.20897515449506515
0.8 0.49 1.2 16 -2.0450189348736134 1.3451110386809104 0.21188312334715775
0.8 0.49 1.2 18 -2.3012007369410807 1.5516618797743755 0.2140479231508587
0.8 0.49 1.2 20 -2.561486742576456 1.7527219598896124 0.2157104351233034
0.8 0.49 1.2 22 -2.8244064857675832 1.9503072385185594 0.21703244201300648
0.8 0.49 1.2 24 -3.0893859584459813 2.1452092031085113 0.2181081317314372
0.8 0.49 1.25 10 -1.1477275669774272 0.8519746265953643 0.19997021935727916
0.8 0.49 1.25 12 -1.361964309822831 1.1077053878374556 0.20580580813835722
0.8 0.49 1.25 14 -1.5806679151821896 1.3559221411339168 0.20975643259400759
0.8 0.49 1.25 16 -1.805070421920253 1.5958428152220518 0.21255707732139406
0.8 0.49 1.25 18 -2.033141343507184 1.830605037345861 0.21465257671405805
0.8 0.49 1.25 20 -2.2646875301551854 2.0606490284068197 0.21626682792810029
0.8 0.49 1.25 22 -2.4984009254659547 2.2877893574897734 0.2175541037707149
0.8 0.49 1.25 24 -2.7334905844584765 2.5131027901635594 0.21860805727591814
0.8 0.49 1.3 10 -1.0120624396789228 0.9984188635960348 0.20104813032749574
0.8 0.49 1.3 12 -1.2036450572661366 1.2762683548594609 0.20665945101046646
0.8 0.49 1.3 14 -1.399277888774212 1.547319956618262 0.210471274670891
0.8 0.49 1.3 16 -1.5999783565997632 1.810922218494411 0.21318128594338587
0.8 0.49 1.3 18 -1.803788832785828 2.0700939253356214 0.21521570878452495
0.8 0.49 1.3 20 -2.010510215870968 2.325252058927337 0.21678811373991524
0.8 0.49 1.3 22 -2.21876009229635 2.5783232858662384 0.21804924446193583
0.8 0.49 1.3 24 -2.4280889788495106 2.829936816545479 0.21908440814145788
0.8 0.49 1.35 10 -0.8962446989320483 1.1239521644054484 0.2020196863337497
0.8 0.49 1.35 12 -1.0681526086217943 1.421086783994049 0.20743661605132027
0.8 0.49 1.35 14 -1.2438323742713417 1.711917766054134 0.21112501002324827
0.8 0.49 1.35 16 -1.4237752458160875 1.996391121890756 0.21376039798167773
0.8 0.49 1.35 18 -1.606556866093673 2.2767754562119893 0.2157406845725368
0.8 0.49 1.35 20 -1.7915235036981698 2.554090917328178 0.21728072105131738
0.8 0.49 1.35 22 -1.9776885562191355 2.8297408452317017 0.2185195182477653
0.8 0.49 1.35 24 -2.1646361970963652 3.104313436840016 0.21953956808068256
0.8 0.49 1.4 10 -0.7968446868975576 1.2321477345677643 0.20289924214653218
0.8 0.49 1.4 12 -0.9516180592256305 1.5461321438366227 0.20814585025518775
0.8 0.49 1.4 14 -1.1097821901948182 1.8544295082166316 0.21172940702938928
0.8 0.49 1.4 16 -1.2717192714156624 2.15703233584847 0.21429697545400828
0.8 0.49 1.4 18 -1.4359602183438642 2.4562610041347943 0.2162345123599255
0.8 0.49 1.4 20 -1.6019615493488284 2.7529731452218345 0.21774673472853312
0.8 0.49 1.4 22 -1.7688489135631444 3.048430306197837 0.21896723726186282
0.8 0.49 1.4 24 -1.9362872166214484 3.3431139953647464 0.21997505049942478
0.8 0.49 1.45 10 -0.7111052776037662 1.3258840179007056 0.20369892955044716
0.8 0.49 1.45 12 -0.850895926564327 1.654649040043708 0.2087954138840029
0.8 0.49 1.45 14 -0.9936885332377017 1.9783440636649479 0.21228804263590353
0.8 0.49 1.45 16 -1.1397562258636604 2.297025344711206 0.21479884816092915
0.8 0.49 1.45 18 -1.2877476357846451 2.6128432202348275 0.2166994920010818
0.8 0.49 1.45 20 -1.4371001829697785 2.9266783717228217 0.21818892773463
0.8 0.49 1.45 22 -1.5871065924411354 3.2395692034301855 0.2193943543577873
0.8 0.49 1.45 24 -1.7375013129078343 3.5519038753395233 0.2203918828436399
0.8 0.49 1.5 10 -0.6368082750427263 1.407475534717245 0.2044283809759971
0.8 0.49 1.5 12 -0.7633481535144213 1.7494053560033715 0.2093961257931494
0.8 0.49 1.5 14 -0.8926465122526679 2.0866577871252616 0.21280744995556639
0.8 0.49 1.5 16 -1.0247488719690732 2.4195520583829335 0.21526880814700042
0.8 0.49 1.5 18 -1.158379734146764 2.750129215742782 0.21713938610497477
0.8 0.49 1.5 20 -1.2930719740754875 3.079130303881337 0.2186101138978412
0.8 0.49 1.5 22 -1.4282615983992395 3.407399023186339 0.2198027555266172
0.8 0.49 1.5 24 -1.5637319072918014 3.735257706741102 0.22079123391803765
