10 25 0 0.25 -6.8433319369392215e-06 -0.15779969012960787 0.15779284679767094
12 25 0 0.25 -2.252622430934381e-06 -0.16404077759796604 0.16403852497553512
14 25 0 0.25 2.3513747191249157e-05 -0.16448699591348925 0.1645105096606805
16 25 0 0.25 -1.4443586938617223e-06 -0.1618187231241065 0.16181727876541263
18 25 0 0.25 4.019681787326573e-06 -0.15765798677543313 0.15766200645722045
20 25 0 0.25 -4.624440806916471e-06 -0.15284833477813253 0.1528437103373256
0.35 0.3 1.0 10 -3.195372185388244 -2.6500380867332005 0.05453340986550437
0.35 0.3 1.0 12 -3.8826874226464554 -3.190631123820013 0.05767135823553685
0.35 0.3 1.0 14 -4.569968003334664 -3.731333743183454 0.059902447153657876
0.35 0.3 1.0 16 -5.259722279424556 -4.275159699604199 0.06153516123877234
0.35 0.3 1.0 18 -5.949663759950176 -4.819248178503733 0.06280086563591351
0.35 0.3 1.0 20 -6.640677474940806 -5.364662020334099 0.06380077273033535
0.35 0.3 1.0 22 -7.331814308272101 -5.910233697525199 0.06461730048849552
0.35 0.3 1.0 24 -8.023398522533276 -6.456352166652323 0.06529359816170636
0.35 0.3 1.05 10 -2.8008367964823204 -2.2443064180892414 0.0556530378393079
0.35 0.3 1.05 12 -3.4046525086534842 -2.7010193045517785 0.05863610034180881
0.35 0.3 1.05 14 -4.008581612157342 -3.157999119031785 0.06075589236611122
0.35 0.3 1.05 16 -4.614486356732654 -3.6175121781327237 0.062310886162495666
0.35 0.3 1.05 18 -5.220532437976682 -4.077226822091407 0.06351697866029306
0.35 0.3 1.05 20 -5.827421650954597 -4.537999605405626 0.06447110227744854
0.35 0.3 1.05 22 -6.434365343172678 -4.998845781029762 0.06525088918831438
0.35 0.3 1.05 24 -7.04167193571191 -5.460142151105694 0.06589707435859234
0.35 0.3 1.1 10 -2.4662846273009933 -1.8993001019004652 0.05669845254005281
0.35 0.3 1.1 12 -2.9991619839196537 -2.2846502636055783 0.059542643359506285
0.35 0.3 1.1 14 -3.5321184087204887 -2.6702026327300428 0.06156541257074614
0.35 0.3 1.1 16 -4.066692668084471 -3.0578628302820294 0.0630518648626526
0.35 0.3 1.1 18 -4.601392794030318 -3.445702319100443 0.06420502638499305
0.35 0.3 1.1 20 -5.13675287513982 -3.834383393067643 0.06511847410360883
0.35 0.3 1.1 22 -5.6721764706781155 -4.22314859876017 0.06586490326899754
0.35 0.3 1.1 24 -6.207844981857779 -4.6122226863728315 0.06648426231187281
0.35 0.3 1.15 10 -2.180744607916477 -1.6039182953398559 0.05768263125766211
0.35 0.3 1.15 12 -2.652968026543574 -1.9281491682254115 0.06040157152651354
0.35 0.3 1.15 14 -3.1251758586449654 -2.2524410710123854 0.062338199116612855
0.35 0.3 1.15 16 -3.5987541069335265 -2.5785470011481735 0.06376294411158456
0.35 0.3 1.15 18 -4.07241133319105 -2.9047700045023013 0.06486896270493046
0.35 0.3 1.15 20 -4.546583653884519 -3.2316609299572985 0.06574613619636102
0.35 0.3 1.15 22 -5.020801246686233 -3.5586128994568034 0.0664631066922468
0.35 0.3 1.15 24 -5.495199248801896 -3.885796241835203 0.0670584586236122
0.35 0.3 1.2 10 -1.9357405478521388 -1.3496347494424086 0.05861057984097302
0.35 0.3 1.2 12 -2.3556977142157915 -1.6210594890378116 0.061219852098164995
0.35 0.3 1.2 14 -2.7756593966022223 -1.8925565954187746 0.0630787715131034
0.35 0.3 1.2 16 -3.1967376932482057 -2.165557588729763 0.06444875653240267
0.35 0.3 1.2 18 -3.617874492553056 -2.438647199253588 0.06551262740552602
0.35 0.3 1.2 20 -4.03941217693982 -2.712265759745306 0.06635732085972568
0.35 0.3 1.2 22 -4.460981985980828 -2.985928453557104 0.067047887837442
0.35 0.3 1.2 24 -4.882684385355769 -3.2597641813823763 0.06762167516555802
0.35 0.3 1.25 10 -1.7243591798569895 -1.1294444873729184 0.05949146924840711
0.35 0.3 1.25 12 -2.099130559736672 -1.3551077397685158 0.062001901664013
0.35 0.3 1.25 14 -2.4738896810992244 -1.5808083837169056 0.06379152124159419
0.35 0.3 1.25 16 -2.84956635380313 -1.8077671007358282 0.06511245331670637
0.35 0.3 1.25 18 -3.2252861010346074 -2.0347925965526295 0.06613852802677656
0.35 0.3 1.25 20 -3.6013171236445136 -2.262236286095856 0.06695404187743288
0.35 0.3 1.25 22 -3.9773270138619767 -2.489653932773762 0.06762150368582795
0.35 0.3 1.25 24 -4.353473989817745 -2.71725353741731 0.06817585218335147
0.35 0.3 1.3 10 -1.5411299538925136 -0.9378302072488097 0.06032997466437039
0.35 0.3 1.3 12 -1.87662469335676 -1.1235993604650565 0.06275211107430863
0.35 0.3 1.3 14 -2.2120806232442476 -1.3093592946466388 0.0644800948998292
0.35 0.3 1.3 16 -2.548309287242083 -1.4961982318827838 0.06575694095995621
0.35 0.3 1.3 18 -2.8845694518896727 -1.6830872304725417 0.06674901230095172
0.35 0.3 1.3 20 -3.221070625104602 -1.8703061151824112 0.06753822549610954
0.35 0.3 1.3 22 -3.5575877780927954 -2.057547846776781 0.06818363324163701
0.35 0.3 1.3 24 -3.894176151679403 -2.244885996053643 0.06872042315107334
0.35 0.3 1.35 10 -1.3815789350232066 -0.7702643345222152 0.06113146005009914
0.35 0.3 1.35 12 -1.6827943764751652 -0.921104493382541 0.06347415692438535
0.35 0.3 1.35 14 -1.9839930936159818 -1.071957127683696 0.0651454261380204
0.35 0.3 1.35 16 -2.285806510288776 -1.2236849326024986 0.06638259860539235
0.35 0.3 1.35 18 -2.587642847268379 -1.375450141481635 0.06734403921037466
0.35 0.3 1.35 20 -2.88966572521103 -1.5274756369410842 0.06810950441349728
0.35 0.3 1.35 22 -3.191699825418141 -1.6795175203721258 0.0687355593202734
0.35 0.3 1.35 24 -3.4937860852862825 -1.8316313851005677 0.06925644584107145
0.35 0.3 1.4 10 -1.2421108902091298 -0.6231315727509174 0.06189793174582124
0.35 0.3 1.4 12 -1.513294292138682 -0.7432643702824997 0.06416916015468187
0.35 0.3 1.4 14 -1.784460565120631 -0.8634020413243251 0.06578989455687899
0.35 0.3 1.4 16 -2.056128918688354 -0.9842687514916831 0.06699126044979192
0.35 0.3 1.4 18 -2.3278138500462404 -1.1051632923048713 0.06792503098563162
0.35 0.3 1.4 20 -2.599643029651677 -1.226263118812426 0.06866899554196255
0.35 0.3 1.4 22 -2.8714800703264904 -1.347374679233273 0.06927751777696443
0.35 0.3 1.4 24 -3.1433553035554924 -1.4685399944980804 0.0697839712107255
0.35 0.3 1.45 10 -1.1197236856624855 -0.49339481402435936 0.06263288716381261
0.35 0.3 1.45 12 -1.3644961333923824 -0.5864192982598737 0.06483973626104239
0.35 0.3 1.45 14 -1.6092539107908408 -0.6794464651253164 0.06641481754753746
0.35 0.3 1.45 16 -1.854421255815239 -0.7730804600234283 0.06758379973698816
0.35 0.3 1.45 18 -2.0996005182255146 -0.8667350768163095 0.06849252452273362
0.35 0.3 1.45 20 -2.3448912620131552 -0.9605515854843816 0.06921698382643868
0.35 0.3 1.45 22 -2.590187500580271 -1.05437648375536 0.06980959167385958
0.35 0.3 1.45 24 -2.8355117100408522 -1.1482415518487525 0.07030292325800415
0.35 0.3 1.5 10 -1.011947371087352 -0.37856122211370646 0.06333861489736456
0.35 0.3 1.5 12 -1.2334217207441673 -0.4475766035516961 0.0654870930993726
0.35 0.3 1.5 14 -1.4548800892942324 -0.516587855887379 0.06702087381477524
0.35 0.3 1.5 16 -1.6766722579470388 -0.5861039821571666 0.068160517236867
0.35 0.3 1.5 18 -1.8984729384924037 -0.6556353238195588 0.06904653414849138
0.35 0.3 1.5 20 -2.1203597629499917 -0.7252943702088062 0.06975326963705927
0.35 0.3 1.5 22 -2.3422504210053865 -0.7949594080697042 0.07033140967889465
0.35 0.3 1.5 24 -2.5641615765834915 -0.8646544950856544 0.07081279506240988
