10 25 0 0.25 -6.8433319369392215e-06 -0.15779969012960787 0.15779284679767094
12 25 0 0.25 -2.252622430934381e-06 -0.16404077759796604 0.16403852497553512
14 25 0 0.25 2.3513747191249157e-05 -0.16448699591348925 0.1645105096606805
16 25 0 0.25 -1.4443586938617223e-06 -0.1618187231241065 0.16181727876541263
18 25 0 0.25 4.019681787326573e-06 -0.15765798677543313 0.15766200645722045
20 25 0 0.25 -4.624440806916471e-06 -0.15284833477813253 0.1528437103373256
1.6 0.1 1.0 10 -1.2268360546575106 -1.1416355959716427 0.00852004586858679
1.6 0.1 1.0 12 -1.5050112449663238 -1.4000599378185399 0.008745942262315324
1.6 0.1 1.0 14 -1.7829977501993863 -1.6582834516924554 0.008908164179066496
1.6 0.1 1.0 16 -2.0594719182872803 -1.914978769611153 0.009030821792257948
1.6 0.1 1.0 18 -2.335644539872753 -2.171368048439724 0.00912647174627939
1.6 0.1 1.0 20 -2.61105603431525 -2.4269903935878414 0.009203282036370419
1.6 0.1 1.0 22 -2.886267422706186 -2.682410871677846 0.00926620686492456
1.6 0.1 1.0 24 -3.1611511433378685 -2.937501636193183 0.009318729464361889
1.6 0.1 1.05 10 -1.0634304842871976 -0.9778438725330929 0.008558661175410464
1.6 0.1 1.05 12 -1.3039660669916353 -1.1986119447399446 0.008779510187640893
1.6 0.1 1.05 14 -1.5443070169489665 -1.419175254566173 0.008937983027342389
1.6 0.1 1.05 16 -1.7834225565655528 -1.6384999117999257 0.009057665297851694
1.6 0.1 1.05 18 -2.0222846993544903 -1.8575675121783588 0.009150954843118416
1.6 0.1 1.05 20 -2.260567458676852 -2.076051116530857 0.00922581710729975
1.6 0.1 1.05 22 -2.4987117105352468 -2.294394928579883 0.009287126452516543
1.6 0.1 1.05 24 -2.736614970415697 -2.5124961698514947 0.009338283356841762
1.6 0.1 1.1 10 -0.9274130645286789 -0.8414851325156079 0.008592793201307103
1.6 0.1 1.1 12 -1.13672293053218 -1.0310129139011677 0.00880916805258436
1.6 0.1 1.1 14 -1.3458457312908287 -1.2203451741084699 0.008964325513025633
1.6 0.1 1.1 16 -1.5539635852990261 -1.4086613315518763 0.009081390859196861
1.6 0.1 1.1 18 -1.7618896305146439 -1.596782832384789 0.009172599896103048
1.6 0.1 1.1 20 -1.9693678044323415 -1.7844527496342215 0.009245752739905999
1.6 0.1 1.1 22 -2.176746742759851 -1.9720224759620404 0.009305648490809575
1.6 0.1 1.1 24 -2.383953726389692 -2.1594190616783075 0.009355611029641017
1.6 0.1 1.15 10 -0.8133344187867237 -0.7271034587828709 0.00862309600038529
1.6 0.1 1.15 12 -0.9965264777499252 -0.8905004989773045 0.008835498231051722
1.6 0.1 1.15 14 -1.179559050569331 -1.0537311165236063 0.00898770957469462
1.6 0.1 1.15 16 -1.3617700575373093 -1.2161307708786904 0.009102455416163682
1.6 0.1 1.15 18 -1.5438284421550512 -1.3783755293085815 0.009191828491470537
1.6 0.1 1.15 20 -1.7255469477906211 -1.540277465671793 0.009263474105941406
1.6 0.1 1.15 22 -1.9071932916189707 -1.7021065222430893 0.009322125880721878
1.6 0.1 1.15 24 -2.0887171431701286 -1.8638121975976738 0.009371039398852282
1.6 0.1 1.2 10 -0.7169890706867079 -0.6304879862056154 0.008650108448109251
1.6 0.1 1.2 12 -0.8781877938376481 -0.7718802235409825 0.0088589641913888
1.6 0.1 1.2 14 -1.0392518457949789 -0.9131320985952505 0.009008553371409172
1.6 0.1 1.2 16 -1.1996452188723195 -1.0537053827744456 0.009121239756117117
1.6 0.1 1.2 18 -1.3599158761365242 -1.1941541246711354 0.009208986192521603
1.6 0.1 1.2 20 -1.519932139944323 -1.3343461688056777 0.00927929855693227
1.6 0.1 1.2 22 -1.6798965593901545 -1.4744858331580522 0.009336851192368288
1.6 0.1 1.2 24 -1.8397737295284433 -1.6145375823331969 0.0093848394664686
1.6 0.1 1.25 10 -0.6350859751086944 -0.5483430635790043 0.008674291152969004
1.6 0.1 1.25 12 -0.7776497850468936 -0.6710902642589431 0.008879960065662542
1.6 0.1 1.25 14 -0.9200881853352882 -0.7937072493789259 0.00902720971116874
1.6 0.1 1.25 16 -1.0619850495215046 -0.9157760917164808 0.00913805986281399
1.6 0.1 1.25 18 -1.203789887554687 -1.037751488928393 0.009224355479238562
1.6 0.1 1.25 20 -1.345399148287232 -1.1595294618911671 0.009293484319803248
1.6 0.1 1.25 22 -1.4869712734714464 -1.2812699008863433 0.00935006239023196
1.6 0.1 1.25 24 -1.6284813144718533 -1.4029477577704945 0.009397231529223282
1.6 0.1 1.3 10 -0.5650530356236345 -0.4780929614818916 0.008696007414174289
1.6 0.1 1.3 12 -0.6917158088237204 -0.5849299806480062 0.008898819014642853
1.6 0.1 1.3 14 -0.8182738126434747 -0.6916582705887322 0.009043967289624462
1.6 0.1 1.3 16 -0.9443914032560058 -0.7979405949864435 0.00915317551684764
1.6 0.1 1.3 18 -1.0704384359679078 -0.9041512465524536 0.009238177189747454
1.6 0.1 1.3 20 -1.1963372791069513 -1.0102122473505604 0.009306251587819548
1.6 0.1 1.3 22 -1.3222094157138258 -1.1162462442016101 0.009361962341464348
1.6 0.1 1.3 24 -1.4480373606145651 -1.2222356771746425 0.00940840347666344
1.6 0.1 1.35 10 -0.5048321803253586 -0.4176763761514408 0.008715580417391778
1.6 0.1 1.35 12 -0.6178563897042011 -0.51086662164062 0.008915814005298422
1.6 0.1 1.35 14 -0.7307901805519066 -0.6039631455512193 0.009059073928620518
1.6 0.1 1.35 16 -0.8433678677912129 -0.6966989205755832 0.009166809200976851
1.6 0.1 1.35 18 -0.9558914815129218 -0.789379745681612 0.009250651990628325
1.6 0.1 1.35 20 -1.0683027302772568 -0.8819470497011245 0.009317784028806614
1.6 0.1 1.35 22 -1.1806949964569557 -0.9744951510206001 0.009372720247107074
1.6 0.1 1.35 24 -1.293055771137602 -1.0670114825781796 0.00941851202330927
1.6 0.1 1.4 10 -0.4527816986338209 -0.3654489418080402 0.008733275682578067
1.6 0.1 1.4 12 -0.5540411876173976 -0.44686701485964164 0.008931181063146332
1.6 0.1 1.4 14 -0.6552248756258052 -0.528206550757119 0.009072737490620446
1.6 0.1 1.4 16 -0.7561209285174676 -0.609254567528943 0.009179147561782786
1.6 0.1 1.4 18 -0.8569756255471978 -0.6902605397528089 0.009261949210799382
1.6 0.1 1.4 20 -0.957745152504322 -0.7711804276752081 0.009328236241455696
1.6 0.1 1.4 22 -1.0585011111492852 -0.85208658367045 0.00938247852176524
1.6 0.1 1.4 24 -1.1592345924277967 -0.9329700540920373 0.00942768909732331
1.6 0.1 1.45 10 -0.4075730506433999 -0.32007981084667136 0.008749323979672851
1.6 0.1 1.45 12 -0.4986346959452064 -0.39129326729847613 0.008945119053894187
1.6 0.1 1.45 14 -0.5896341642857976 -0.4624422908845105 0.009085133814377653
1.6 0.1 1.45 16 -0.6804010126339506 -0.5333554419699718 0.009190348166498677
1.6 0.1 1.45 18 -0.7711361947648976 -0.6042363843207433 0.009272211691341903
1.6 0.1 1.45 20 -0.861806594308716 -0.6750518189671444 0.00933773876707858
1.6 0.1 1.45 22 -0.9524672637473004 -0.7458574015009576 0.009391357374833764
1.6 0.1 1.45 24 -1.0431118175007559 -0.8166467119955443 0.00943604606271715
1.6 0.1 1.5 10 -0.3681285439730857 -0.28048934492301214 0.008763919905007356
1.6 0.1 1.5 12 -0.45030982766670746 -0.3428162710296894 0.00895779638641817
1.6 0.1 1.5 14 -0.5324385254987709 -0.4050887273210152 0.00909641415555398
1.6 0.1 1.5 16 -0.6143794062013987 -0.46717064751608284 0.009200547417832244
1.6 0.1 1.5 18 -0.6962961306616711 -0.5292279852594013 0.009281563633459432
1.6 0.1 1.5 20 -0.7781636604029036 -0.5912355544062577 0.009346405299832295
1.6 0.1 1.5 22 -0.8600242260861944 -0.6532360687022081 0.009399461699272109
1.6 0.1 1.5 24 -0.9418732444265865 -0.7152249184151599 0.009443680250476108
