10 25 0 0.25 -6.8433319369392215e-06 -0.15779969012960787 0.15779284679767094
12 25 0 0.25 -2.252622430934381e-06 -0.16404077759796604 0.16403852497553512
14 25 0 0.25 2.3513747191249157e-05 -0.16448699591348925 0.1645105096606805
16 25 0 0.25 -1.4443586938617223e-06 -0.1618187231241065 0.16181727876541263
18 25 0 0.25 4.019681787326573e-06 -0.15765798677543313 0.15766200645722045
20 25 0 0.25 -4.624440806916471e-06 -0.15284833477813253 0.1528437103373256
0.35 0.1 1.0 10 -3.1331204435768676 -3.0918361007514044 0.0041284342825463225
0.35 0.1 1.0 12 -3.850484593133203 -3.7940686266821686 0.004701330537586183
0.35 0.1 1.0 14 -4.566639124413761 -4.494839213278112 0.005128565081117793
0.35 0.1 1.0 16 -5.274638639607635 -5.1870438866711766 0.00547467205852864
0.35 0.1 1.0 18 -5.980972808785062 -5.877472049350899 0.0057500421907868355
0.35 0.1 1.0 20 -6.683238823052063 -6.5636680279799435 0.005978539753605983
0.35 0.1 1.0 22 -7.3844272360262835 -7.2487379591756484 0.006167694402301593
0.35 0.1 1.0 24 -8.083874973772112 -7.932006148785527 0.006327867707774344
0.35 0.1 1.05 10 -2.761252112665658 -2.7175563529353113 0.004369575973034667
0.35 0.1 1.05 12 -3.3910502068128494 -3.3320083663645503 0.004920153370691589
0.35 0.1 1.05 14 -4.019607692465855 -3.9449972971177223 0.005329313953438053
0.35 0.1 1.05 16 -4.641299553799271 -4.550760350424076 0.005658700210949719
0.35 0.1 1.05 18 -5.261544018568633 -5.154980422182173 0.005920199799247763
0.35 0.1 1.05 20 -5.878570164312263 -5.755845711577997 0.006136222636713295
0.35 0.1 1.05 22 -6.494820946783692 -6.355898773953446 0.006314644219556641
0.35 0.1 1.05 24 -7.1097411961465475 -6.954571981783807 0.006465383931780866
0.35 0.1 1.1 10 -2.4444795257587337 -2.3985442312025 0.004593529455623369
0.35 0.1 1.1 12 -3.0000466010727505 -2.9385726930582856 0.00512282566787207
0.35 0.1 1.1 14 -3.5544101058764785 -3.477202088928372 0.005514858353436188
0.35 0.1 1.1 16 -4.102941409234603 -4.009681226751823 0.0058287614051737435
0.35 0.1 1.1 18 -4.6503384835347985 -4.540948509664009 0.006077220770599418
0.35 0.1 1.1 20 -5.1951579222295265 -5.069523351684615 0.006281728527245578
0.35 0.1 1.1 22 -5.7394020021023735 -5.597494223370234 0.006450353578733631
0.35 0.1 1.1 24 -6.282662147652254 -6.124442510847289 0.006592484866873545
0.35 0.1 1.15 10 -2.1730426975317676 -2.1250240170041224 0.0048018680527645245
0.35 0.1 1.15 12 -2.665241053574178 -2.6015068321958026 0.005311185114864614
0.35 0.1 1.15 14 -3.156389601834718 -3.0767724515897488 0.005686939303212084
0.35 0.1 1.15 16 -3.6426124010302203 -3.546832441136885 0.0059862474933334575
0.35 0.1 1.15 18 -4.127904833957824 -4.015897263634833 0.006222642795721711
0.35 0.1 1.15 20 -4.611175802669996 -4.482845781427807 0.006416501062109425
0.35 0.1 1.15 22 -5.0940147079871645 -4.94933981725751 0.006576131396802485
0.35 0.1 1.15 24 -5.5761291667328186 -5.4150792472322875 0.006710413312522127
0.35 0.1 1.2 10 -1.9392071346973772 -1.8892478942794853 0.004995924041789191
0.35 0.1 1.2 12 -2.3770656064863562 -2.3112299586247147 0.0054863039884701275
0.35 0.1 1.2 14 -2.8140177446442296 -2.7321627351983433 0.005846786388991879
0.35 0.1 1.2 16 -3.2468261672757137 -3.1487062435633533 0.006132495232022528
0.35 0.1 1.2 18 -3.6788655197986113 -3.5644262969251628 0.006357734604080474
0.35 0.1 1.2 20 -4.109345189465273 -3.9785094916501604 0.006541784890755631
0.35 0.1 1.2 22 -4.53950504639227 -4.392255495931249 0.006693161384591831
0.35 0.1 1.2 24 -4.969132917842032 -4.805446045082505 0.006820286364980295
0.35 0.1 1.25 10 -1.7367099053782944 -1.6849372578120843 0.005177264756621014
0.35 0.1 1.25 12 -2.127788690620373 -2.059995912539518 0.005649398173404596
0.35 0.1 1.25 14 -2.518012533352927 -2.4340733451726217 0.005995656298593222
0.35 0.1 1.25 16 -2.9047963583313248 -2.8044976958354613 0.006268666405991469
0.35 0.1 1.25 18 -3.290987424902714 -3.1742855323192214 0.006483438476860688
0.35 0.1 1.25 20 -3.6759455141829935 -3.5427761795565815 0.0066584667313206005
0.35 0.1 1.25 22 -4.060668131657898 -3.9110179421814 0.006802281339840793
0.35 0.1 1.25 24 -4.445001403329286 -4.278852160806163 0.006922885105130135
0.35 0.1 1.3 10 -1.5606110634921502 -1.5071454015931758 0.005346566189897439
0.35 0.1 1.3 12 -1.9111399191335678 -1.8415199491329042 0.005801664166721972
0.35 0.1 1.3 14 -2.2609398075686062 -2.175057702801425 0.006134436054798671
0.35 0.1 1.3 16 -2.607869747915743 -2.5055397910742365 0.006395622302594162
0.35 0.1 1.3 18 -2.954333890454242 -2.83552046796234 0.006600745693994566
0.35 0.1 1.3 20 -3.2998394314855757 -3.1644899369687014 0.006767474725843714
0.35 0.1 1.3 22 -3.645171286908512 -3.493275351972696 0.0069043606789007264
0.35 0.1 1.3 24 -3.9902187222815275 -3.821762268249514 0.007019018918000571
0.35 0.1 1.35 10 -1.406793571844041 -1.351743634506577 0.005504993733746399
0.35 0.1 1.35 12 -1.722067693611308 -1.6507407696893053 0.005943910326833557
0.35 0.1 1.35 14 -2.036702083905434 -1.9490048859659883 0.006264085567103276
0.35 0.1 1.35 16 -2.3489606995402466 -2.24473243907076 0.006514266279342901
0.35 0.1 1.35 18 -2.6608541711065965 -2.540065904349234 0.006710459264297919
0.35 0.1 1.35 20 -2.9720033415699514 -2.8346120415388985 0.006869565001552646
0.35 0.1 1.35 22 -3.283026129392291 -3.1290238704700384 0.007000102678284215
0.35 0.1 1.35 24 -3.593841332464461 -3.4232172385045594 0.007109337248329239
0.35 0.1 1.4 10 -1.2719217495990662 -1.2153885667321531 0.005653318286691311
0.35 0.1 1.4 12 -1.5563927033095268 -1.4834682641682377 0.006077036595107425
0.35 0.1 1.4 14 -1.840318038543824 -1.750922498191072 0.006385395739482285
0.35 0.1 1.4 16 -2.122282401845098 -2.0162769130880895 0.00662534304731302
0.35 0.1 1.4 18 -2.4039616140741935 -2.281322708132226 0.006813272552331526
0.35 0.1 1.4 20 -2.685064206100492 -2.5457567744505276 0.006965371582498214
0.35 0.1 1.4 22 -2.966074494726572 -2.810092461176722 0.007090092434084084
0.35 0.1 1.4 24 -3.2469333175688364 -3.074268287533428 0.007194376251475343
0.35 0.1 1.45 10 -1.1532154177519054 -1.0952913783612352 0.005792403939067015
0.35 0.1 1.45 12 -1.41067799639255 -1.3362565957521968 0.0062017833866960985
0.35 0.1 1.45 14 -1.6676853266952387 -1.576698794816906 0.00649903799130948
0.35 0.1 1.45 16 -1.9230748565470834 -1.8154033292314864 0.006729470457224815
0.35 0.1 1.45 18 -2.1782418110942383 -2.0538662468198234 0.006909753570800826
0.35 0.1 1.45 20 -2.4329612632833575 -2.291852975223237 0.0070554144030060325
0.35 0.1 1.45 22 -2.687613195689161 -2.5297675182026254 0.007174803522115262
0.35 0.1 1.45 24 -2.9421543041787754 -2.7675647446622014 0.0072745649798572525
0.35 0.1 1.5 10 -1.0483775637455395 -0.9891482103728072 0.005922935337273227
0.35 0.1 1.5 12 -1.282078774832243 -1.2062536842288263 0.006318757550284733
0.35 0.1 1.5 14 -1.5153895027415416 -1.422910337440186 0.00660565466438255
0.35 0.1 1.5 16 -1.747369878272977 -1.6381335089192273 0.006827273084609356
0.35 0.1 1.5 18 -1.9791774338897457 -1.8531684792394805 0.007000497480570288
0.35 0.1 1.5 20 -2.210638814817239 -2.0678339221385955 0.007140244633932169
0.35 0.1 1.5 22 -2.442050978767346 -2.2824465785288828 0.007254745465384687
0.35 0.1 1.5 24 -2.6733822357434907 -2.496973321423131 0.00735037143001499
