10 25 0 0.25 -6.8433319369392215e-06 -0.15779969012960787 0.15779284679767094
12 25 0 0.25 -2.252622430934381e-06 -0.16404077759796604 0.16403852497553512
14 25 0 0.25 2.3513747191249157e-05 -0.16448699591348925 0.1645105096606805
16 25 0 0.25 -1.4443586938617223e-06 -0.1618187231241065 0.16181727876541263
18 25 0 0.25 4.019681787326573e-06 -0.15765798677543313 0.15766200645722045
20 25 0 0.25 -4.624440806916471e-06 -0.15284833477813253 0.1528437103373256
0.3 0.1 1.0 10 -3.310434614516673 -3.2774111857057378 0.003302342881093523
0.3 0.1 1.0 12 -4.0683140755683525 -4.02120415632715 0.003925826603433509
0.3 0.1 1.0 14 -4.824841784170393 -4.763340277698418 0.00439296474799817
0.3 0.1 1.0 16 -5.572453918913985 -5.496052742550589 0.004775073522712281
0.3 0.1 1.0 18 -6.318240784599895 -6.226803092768677 0.005079871768401005
0.3 0.1 1.0 20 -7.059586378932601 -6.952907774670378 0.005333930213111149
0.3 0.1 1.0 22 -7.799754673657913 -7.677774924072443 0.005544534072066807
0.3 0.1 1.0 24 -8.538024125847063 -8.400666782764112 0.005723222628456259
0.3 0.1 1.05 10 -2.9226536976439186 -2.886985168061937 0.0035668529581981633
0.3 0.1 1.05 12 -3.5891403757856892 -3.5391353381503876 0.004167086469608468
0.3 0.1 1.05 14 -4.2542426613081545 -4.189630528634055 0.004615152333864257
0.3 0.1 1.05 16 -4.911814137245652 -4.832147560093273 0.0049791610720236745
0.3 0.1 1.05 18 -5.567794718093151 -5.472955436762199 0.005268848962830703
0.3 0.1 1.05 20 -6.2202500270828 -6.11006736957512 0.005509132875384015
0.3 0.1 1.05 22 -6.871855348648426 -6.7462833235090045 0.005707819324519147
0.3 0.1 1.05 24 -7.522004363495155 -7.380981018142341 0.005875972723033899
0.3 0.1 1.1 10 -2.5916698346912264 -2.553534241497785 0.0038135593193441507
0.3 0.1 1.1 12 -3.180534062380108 -3.1278375204669944 0.004391378492759464
0.3 0.1 1.1 14 -3.7680549107428987 -3.700558332637254 0.004821184150403176
0.3 0.1 1.1 16 -4.349158039120638 -4.266464835953709 0.005168325197933088
0.3 0.1 1.1 18 -4.929010512211177 -4.831024254699127 0.005443680972891694
0.3 0.1 1.1 20 -5.506030334356331 -5.392606921859773 0.005671170624827892
0.3 0.1 1.1 22 -6.082417384048938 -5.953520990979314 0.005858926957710186
0.3 0.1 1.1 24 -6.657723958075634 -6.513305880823984 0.006017419885485394
0.3 0.1 1.15 10 -2.3075068061190347 -2.2670667168970446 0.004044008922199005
0.3 0.1 1.15 12 -2.829981716307877 -2.774774222877999 0.004600624452489839
0.3 0.1 1.15 14 -3.351282505060178 -3.2811019261191783 0.005012898495785694
0.3 0.1 1.15 16 -3.8671461645154808 -3.781642138863595 0.0053440016032428594
0.3 0.1 1.15 18 -4.381980978732546 -4.281072665671857 0.005606017392260496
0.3 0.1 1.15 20 -4.894587308739778 -4.778155260017419 0.005821602436117956
0.3 0.1 1.15 22 -5.406716983129229 -5.274733026596891 0.005999270751469898
0.3 0.1 1.15 24 -5.918048599320781 -5.770474611527445 0.006148916158055684
0.3 0.1 1.2 10 -2.0622486353584897 -2.019653580337746 0.00425950550207439
0.3 0.1 1.2 12 -2.5276921542890998 -2.4701420397080582 0.004795842881753461
0.3 0.1 1.2 14 -2.9921198994921667 -2.919438269902559 0.005191544970686269
0.3 0.1 1.2 16 -3.451959963390674 -3.363838265591042 0.005507606112476998
0.3 0.1 1.2 18 -3.9109471942135428 -3.807317296520486 0.005757216538503165
0.3 0.1 1.2 20 -4.368209738709003 -4.248974120441861 0.005961780913357062
0.3 0.1 1.2 22 -4.825118394731142 -4.690255143464151 0.006130147784863205
0.3 0.1 1.2 24 -5.2814392056577155 -5.130918562986508 0.00627169344463363
0.3 0.1 1.25 10 -1.8494706925823934 -1.8048537118574082 0.004461698072498521
0.3 0.1 1.25 12 -2.2657367552149013 -2.2059974374574907 0.004978276479784216
0.3 0.1 1.25 14 -2.6810436905816744 -2.606025379855707 0.005358450766140515
0.3 0.1 1.25 16 -3.0925309203613267 -3.00196491857753 0.005660375111487287
0.3 0.1 1.25 18 -3.503358911012499 -3.397190208211245 0.005898261266736353
0.3 0.1 1.25 20 -3.912819465959313 -3.7909666574227074 0.006092640426830287
0.3 0.1 1.25 22 -4.322018697005282 -4.184464813561762 0.006252449247432714
0.3 0.1 1.25 24 -4.730786421072223 -4.5775083185542496 0.006386587604915543
0.3 0.1 1.3 10 -1.6641077517000582 -1.6175961914204016 0.004651156027965664
0.3 0.1 1.3 12 -2.037673392752874 -1.9758831929413034 0.005149183317630886
0.3 0.1 1.3 14 -2.410419466485606 -2.333216303918114 0.005514511611963702
0.3 0.1 1.3 16 -2.779969885578211 -2.6871187261339315 0.005803197465267473
0.3 0.1 1.3 18 -3.1490008490110766 -3.0404567582740083 0.00603022726317046
0.3 0.1 1.3 20 -3.516965646757323 -3.3926617220753146 0.006215196234100428
0.3 0.1 1.3 22 -3.8847371475783916 -3.7446602286395323 0.0063671326790390595
0.3 0.1 1.3 24 -4.252192526342014 -4.096324654849619 0.006494494645516473
0.3 0.1 1.35 10 -1.5019243234527977 -1.4536333372476373 0.0048290986205160365
0.3 0.1 1.35 12 -1.8383083602141213 -1.7745960026880283 0.005309363127174412
0.3 0.1 1.35 14 -2.1739718629152094 -2.0947214290385006 0.005660745276907774
0.3 0.1 1.35 16 -2.5069828193641324 -2.4119901341826315 0.005937042823843802
0.3 0.1 1.35 18 -2.8395854983625353 -2.728813916037962 0.0061539767958096216
0.3 0.1 1.35 20 -3.171358093758377 -3.0447527248649697 0.006330268444670373
0.3 0.1 1.35 22 -3.50298965333446 -3.3605404066072424 0.006474965760328083
0.3 0.1 1.35 24 -3.8343898548704507 -3.676082816401336 0.006596126602879782
0.3 0.1 1.4 10 -1.35948683500024 -1.3095240675859419 0.004996276741429817
0.3 0.1 1.4 12 -1.663334926433948 -1.5978178192952939 0.005459758928221185
0.3 0.1 1.4 14 -1.966567254793955 -1.8853955283372503 0.005797980461193191
0.3 0.1 1.4 16 -2.267604484799051 -2.1706012477161596 0.006062702317680718
0.3 0.1 1.4 18 -2.568322073369129 -2.455457512231038 0.006270253396560621
0.3 0.1 1.4 20 -2.868394896112688 -2.7396240875203355 0.006438540429617623
0.3 0.1 1.4 22 -3.168364445023276 -3.0236796286790484 0.006576582561101254
0.3 0.1 1.4 24 -3.468164735554639 -3.3075551412213398 0.006692066430554144
0.3 0.1 1.45 10 -1.2339267977448642 -1.1823909461771471 0.0051535851567717115
0.3 0.1 1.45 12 -1.5092066387105723 -1.441993020784679 0.005601134827157776
0.3 0.1 1.45 14 -1.7839716211937713 -1.7009948145644023 0.005926914759240644
0.3 0.1 1.45 16 -2.056921149637189 -1.9580279620481154 0.006180824224317094
0.3 0.1 1.45 18 -2.32962057576994 -2.214786739733775 0.006379657557564731
0.3 0.1 1.45 20 -2.6018183545729334 -2.4710070548566403 0.006540564985814656
0.3 0.1 1.45 22 -2.873940400065635 -2.7271456599660806 0.0066724881863433816
0.3 0.1 1.45 24 -3.1459382895839862 -2.9831517554132403 0.006782772257114415
0.3 0.1 1.5 10 -1.1228714981059158 -1.0698543669841385 0.00530171311217773
0.3 0.1 1.5 12 -1.3729841102358977 -1.304174858347079 0.005734104324068234
0.3 0.1 1.5 14 -1.6226543170077743 -1.537979140294631 0.006048226908081663
0.3 0.1 1.5 16 -1.8708280910336286 -1.7701547781766749 0.006292082053559606
0.3 0.1 1.5 18 -2.118807220310579 -2.002116107378157 0.006482839607356776
0.3 0.1 1.5 20 -2.366397356674178 -2.2336583870262423 0.006636948482396776
0.3 0.1 1.5 22 -2.613932157132411 -2.465140744769216 0.006763246016508856
0.3 0.1 1.5 24 -2.8613760980197958 -2.6965257832955225 0.006868763113511385
