10 25 0 0.25 -6.8433319369392215e-06 -0.15779969012960787 0.15779284679767094
12 25 0 0.25 -2.252622430934381e-06 -0.16404077759796604 0.16403852497553512
14 25 0 0.25 2.3513747191249157e-05 -0.16448699591348925 0.1645105096606805
16 25 0 0.25 -1.4443586938617223e-06 -0.1618187231241065 0.16181727876541263
18 25 0 0.25 4.019681787326573e-06 -0.15765798677543313 0.15766200645722045
20 25 0 0.25 -4.624440806916471e-06 -0.15284833477813253 0.1528437103373256
0.2 0.1 1.0 10 -3.7163359536080556 -3.7065872937414674 0.0009748659866588127
0.2 0.1 1.0 12 -4.566543353960747 -4.545853735771756 0.0017241348490826258
0.2 0.1 1.0 14 -5.415048708858418 -5.382961813669362 0.0022919210849325594
0.2 0.1 1.0 16 -6.252848948105448 -6.20855966151052 0.0027680804121829605
0.2 0.1 1.0 18 -7.088444848786469 -7.031738997574443 0.0031503250673347396
0.2 0.1 1.0 20 -7.918725615782673 -7.849272947775581 0.003472633400354619
0.2 0.1 1.0 22 -8.747595078880094 -8.665298856779378 0.0037407373682143623
0.2 0.1 1.0 24 -9.574196229519734 -9.47893146309967 0.003969365267502652
0.2 0.1 1.05 10 -3.2941536633959 -3.281243585819686 0.0012910077576214097
0.2 0.1 1.05 12 -4.0446958857310875 -4.020496300674809 0.0020166320880231994
0.2 0.1 1.05 14 -4.7934988512137 -4.75759953359421 0.002564236972820742
0.2 0.1 1.05 16 -5.533194922648046 -5.484880230994964 0.003019668228317618
0.2 0.1 1.05 18 -6.2709580486039105 -6.210040706107577 0.0033842968053518557
0.2 0.1 1.05 20 -7.004471978155768 -6.930673973090374 0.0036899002532696733
0.2 0.1 1.05 22 -7.736959513039949 -7.6502064145069255 0.003943322660591972
0.2 0.1 1.05 24 -8.467694881003505 -8.367884653472508 0.004158759480458185
0.2 0.1 1.1 10 -2.9322717803869587 -2.9163848390968425 0.0015886941290116142
0.2 0.1 1.1 12 -3.5978210993837174 -3.570332014927476 0.0022907570380201006
0.2 0.1 1.1 14 -4.261681029533201 -4.222222637171469 0.0028184565972665864
0.2 0.1 1.1 16 -4.9177263274807785 -4.865658235522541 0.003254255747389856
0.2 0.1 1.1 18 -5.572241535911004 -5.507409623057692 0.003601772936295106
0.2 0.1 1.1 20 -6.223318449829625 -6.145486112323401 0.0038916168753111878
0.2 0.1 1.1 22 -6.8736259236967525 -6.782734710543849 0.004131418779677426
0.2 0.1 1.1 24 -7.522624210239394 -7.418593348307259 0.004334619247172304
0.2 0.1 1.15 10 -2.6202809372481255 -2.6015878803513104 0.0018693056896815108
0.2 0.1 1.15 12 -3.2128399395892213 -3.1822566780710866 0.0025486051265112275
0.2 0.1 1.15 14 -3.8039153631214395 -3.7611225540284465 0.0030566292209280705
0.2 0.1 1.15 16 -4.388325154420912 -4.332752006888638 0.0034733217207670863
0.2 0.1 1.15 18 -4.9714682444108265 -4.902984271387442 0.0038046651679657867
0.2 0.1 1.15 20 -5.551887713844135 -5.470295304240131 0.004079620480200186
0.2 0.1 1.15 22 -6.131723645577608 -6.036976463381687 0.004306690099814608
0.2 0.1 1.15 24 -6.710585883748564 -6.602620272423419 0.0044985671385477195
0.2 0.1 1.2 10 -2.349901907784531 -2.328562077989739 0.002133982979479221
0.2 0.1 1.2 12 -2.879516039945957 -2.846024666410109 0.0027909477946539787
0.2 0.1 1.2 14 -3.407840415631967 -3.3619206027466833 0.0032799866346631124
0.2 0.1 1.2 16 -3.9305031730531823 -3.8716479191681543 0.0036784533678142495
0.2 0.1 1.2 18 -4.452109527248183 -4.380207780520385 0.00399454148487768
0.2 0.1 1.2 20 -4.971593750189981 -4.886482997969426 0.004255537611027727
0.2 0.1 1.2 22 -5.490641838233557 -5.392285762982908 0.004470730693211325
0.2 0.1 1.2 24 -6.008967849637896 -5.897316430544625 0.00465214246221964
0.2 0.1 1.25 10 -2.1143831015407066 -2.0905374200209828 0.0023845681519723883
0.2 0.1 1.25 12 -2.5895247448030716 -2.55329622917826 0.0030190429687343054
0.2 0.1 1.25 14 -3.063445725884687 -3.0145855668267036 0.0034900113612845412
0.2 0.1 1.25 16 -3.532622186525117 -3.4706852410329527 0.0038710590932602706
0.2 0.1 1.25 18 -4.000976713574907 -3.92587258824881 0.004172451407005395
0.2 0.1 1.25 20 -4.467637658417217 -4.379229710338178 0.004420397403951925
0.2 0.1 1.25 22 -4.9339744460928125 -4.832234340342698 0.004624550261368856
0.2 0.1 1.25 24 -5.399777691784036 -5.284666269228502 0.004796309273147226
0.2 0.1 1.3 10 -1.9084109385779904 -1.8821985775174883 0.0026212361060502067
0.2 0.1 1.3 12 -2.3360769706088895 -2.297265557245133 0.003234284446979707
0.2 0.1 1.3 14 -2.7626947286681682 -2.711068789534807 0.003687567080954381
0.2 0.1 1.3 16 -3.185318061856044 -3.120485101972193 0.004052059992740692
0.2 0.1 1.3 18 -3.6072897498276717 -3.529175316792191 0.004339690724193367
0.2 0.1 1.3 20 -4.027932533610747 -3.936423536195895 0.004575449870742631
0.2 0.1 1.3 22 -4.448334025414741 -4.343408327153031 0.004769349920986835
0.2 0.1 1.3 24 -4.868342130495272 -4.7499691488488 0.0049322075686029825
0.2 0.1 1.35 10 -1.7275101554311796 -1.699056922174794 0.0028453233256385603
0.2 0.1 1.35 12 -2.1136937641568565 -2.0724450771306664 0.0034373905855158426
0.2 0.1 1.35 14 -2.4989519174445163 -2.444718638046541 0.003873805671283957
0.2 0.1 1.35 16 -2.8808741464838477 -2.8133126710944243 0.00422259221183896
0.2 0.1 1.35 18 -3.2622811337972695 -3.1813302525323035 0.004497271181386998
0.2 0.1 1.35 20 -3.6426470516946443 -3.548213337754856 0.004721685696989409
0.2 0.1 1.35 22 -4.022835825222245 -3.9149021844151024 0.004906074582142842
0.2 0.1 1.35 24 -4.402734895015735 -4.281277479683501 0.005060725638843078
0.2 0.1 1.4 10 -1.5680505958618767 -1.537475924148492 0.0030574671713384572
0.2 0.1 1.4 12 -1.9178101932069052 -1.8742574598548607 0.003629394446003705
0.2 0.1 1.4 14 -2.266775199330763 -2.210080339379351 0.004049632853672293
0.2 0.1 1.4 16 -2.6129631423518873 -2.5428262255982705 0.004383557297101048
0.2 0.1 1.4 18 -2.9587453526452014 -2.8751161920565522 0.004646064477147179
0.2 0.1 1.4 20 -3.303714043917909 -3.2065156558252994 0.004859919404630486
0.2 0.1 1.4 22 -3.648552244200895 -3.5377713911028854 0.005035493322636803
0.2 0.1 1.4 24 -3.9931772175063975 -3.8687953220074616 0.005182578979122332
0.2 0.1 1.45 10 -1.4269845871557152 -1.3943984417457729 0.003258614540994231
0.2 0.1 1.45 12 -1.7446578596553015 -1.69892474488459 0.0038110928975592837
0.2 0.1 1.45 14 -2.0616634370668625 -2.0026423632134174 0.004215790989531795
0.2 0.1 1.45 16 -2.376359007991692 -2.3037883233706378 0.004535667788815895
0.2 0.1 1.45 18 -2.690735322133365 -2.604573865817798 0.004786747573087046
0.2 0.1 1.45 20 -3.00447500478201 -2.9046592652623033 0.00499078697598534
0.2 0.1 1.45 22 -3.3181184404947457 -3.2046381527380206 0.005158194898032961
0.2 0.1 1.45 24 -3.6316045510721127 -3.504445214730708 0.005298305680891864
0.2 0.1 1.5 10 -1.3017860123993295 -1.267291755326759 0.0034494257072570367
0.2 0.1 1.5 12 -1.5911055650633794 -1.543308604987155 0.0039830800063520395
0.2 0.1 1.5 14 -1.8798489334091988 -1.818626353531755 0.004373041419817409
0.2 0.1 1.5 16 -2.1666776223189714 -2.0918019882631325 0.0046797271284899356
0.2 0.1 1.5 18 -2.4532564884351373 -2.3646942016943058 0.004920127041157308
0.2 0.1 1.5 20 -2.7393389113191553 -2.637037777799608 0.005115056675977359
0.2 0.1 1.5 22 -3.025350615781207 -2.909302705886411 0.005274904995217999
0.2 0.1 1.5 24 -3.311246534788025 -3.1814405655043303 0.0054085820534872835
