0 0.485 1.0 10 -5.64753963489207 -6.556873651747036 -0.09093340168549666
0 0.485 1.0 12 -6.481848792802886 -7.2325938877153275 -0.06256209124270347
0 0.485 1.0 14 -7.352446333146832 -7.951875445238885 -0.04281636514943234
0 0.485 1.0 16 -8.265893827606162 -8.74365366719902 -0.029859989974553636
0 0.485 1.0 18 -9.205657373366211 -9.582750739240579 -0.020949631437464866
0 0.485 1.0 20 -10.173829801057284 -10.475896628743957 -0.015103341384333646
0 0.485 1.0 22 -11.162410554289387 -11.408619574627615 -0.011191319106283066
0 0.485 1.0 24 -12.166181148472235 -12.371119937750771 -0.008539116219939006
0 0.485 1.05 10 -4.956206784126953 -5.780796432864593 -0.082458964873764
0 0.485 1.05 12 -5.704897912439255 -6.371454668469439 -0.05554639633584868
0 0.485 1.05 14 -6.48618136706375 -7.007206886186983 -0.037216108508802366
0 0.485 1.05 16 -7.306485205294088 -7.713907266206115 -0.025463878807001683
0 0.485 1.05 18 -8.150794539623543 -8.466598344917237 -0.017544655849649655
0 0.485 1.05 20 -9.02143219576923 -9.272083207638818 -0.012532550593479463
0 0.485 1.05 22 -9.906441941597652 -10.106736068580473 -0.009104278499219102
0 0.485 1.05 24 -10.805643191875857 -10.970501562952434 -0.006869098794857346
0 0.485 1.1 10 -4.36827009419772 -5.1136588248752775 -0.07453887306775578
0 0.485 1.1 12 -5.042453277099728 -5.6316862773651675 -0.049102750022119945
0 0.485 1.1 14 -5.746553675792967 -6.196611067328583 -0.03214695653825826
0 0.485 1.1 16 -6.4861318680789415 -6.83052157026368 -0.02152435638654615
0 0.485 1.1 18 -7.247019522936937 -7.507735143710315 -0.014484201154076547
0 0.485 1.1 20 -8.030849979101726 -8.23330861467227 -0.010122931778527189
0 0.485 1.1 22 -8.827422511587596 -8.986029144538355 -0.007209392406852689
0 0.485 1.1 24 -9.634358863532213 -9.760984238286811 -0.005276057281441575
0 0.485 1.15 10 -3.864634148162968 -4.535684965009145 -0.06710508168461775
0 0.485 1.15 12 -4.474112318505079 -4.9922286630687305 -0.04317636204697095
0 0.485 1.15 14 -5.1108892219975735 -5.496320695597739 -0.027530819542868987
0 0.485 1.15 16 -5.779600272936293 -6.066555744446882 -0.01793471696941179
0 0.485 1.15 18 -6.4685113703331485 -6.6803640601336465 -0.011769593877805443
0 0.485 1.15 20 -7.175348121472673 -7.333843338587764 -0.007924760855754531
0 0.485 1.15 22 -7.892887547207634 -8.01123243334949 -0.005379313006447975
0 0.485 1.15 24 -8.619398006242061 -8.70876460873613 -0.0037236084372528713
0 0.485 1.2 10 -3.430894443104012 -4.032338075860066 -0.06014436327560539
0 0.485 1.2 12 -3.9834900461472187 -4.435745352262816 -0.03768794217629978
0 0.485 1.2 14 -4.561231321196544 -4.887329597832114 -0.023292734045397827
0 0.485 1.2 16 -5.168189539781783 -5.40332111752597 -0.014695723609011724
0 0.485 1.2 18 -5.791843882507623 -5.957323363238942 -0.009193304485073285
0 0.485 1.2 20 -6.43106123830701 -6.547528344941838 -0.005823355331741409
0 0.485 1.2 22 -7.079125946885256 -7.15846788997563 -0.003606451958653369
0 0.485 1.2 24 -7.734006286589673 -7.785431318653148 -0.0021427096693114787
0 0.485 1.25 10 -3.0552807373169983 -3.591310114629602 -0.05360293773126035
0 0.485 1.25 12 -3.557836005020261 -3.9489882582645004 -0.03259602110368661
0 0.485 1.25 14 -4.083234741225512 -4.3542976435075005 -0.019361635877284882
0 0.485 1.25 16 -4.634585427499964 -4.82030780971996 -0.011607648888749766
0 0.485 1.25 18 -5.200901212624018 -5.322333128018985 -0.006746217521942623
0 0.485 1.25 20 -5.780476200626338 -5.856791859532422 -0.003815782945304225
0 0.485 1.25 22 -6.366594939220022 -6.407346357638396 -0.0018523372008351787
0 0.485 1.25 24 -6.957631852616575 -6.970018313984506 -0.0005161025569971519
0 0.485 1.3 10 -2.728564975407892 -3.203121673742951 -0.04745566983350593
0 0.485 1.3 12 -3.186633319268999 -3.520644573842397 -0.02783427121444985
0 0.485 1.3 14 -3.6657286369943156 -3.8857065440400387 -0.015712707646123075
0 0.485 1.3 16 -4.167607878890323 -4.307271386793474 -0.008728969243946949
0 0.485 1.3 18 -4.682630232945542 -4.762245346241945 -0.004423061849800212
0 0.485 1.3 20 -5.208104186969207 -5.244104584862218 -0.001800019894650573
0 0.485 1.3 22 -5.738945024055566 -5.739826972444904 -4.008856315174114e-05
0 0.485 1.3 24 -6.273543707113854 -6.245261039148836 0.0011784444985423932
0 0.485 1.35 10 -2.443043692175533 -2.8595053716035617 -0.04164616794280285
0 0.485 1.35 12 -2.8613371614827017 -3.141386179591896 -0.023337418175766178
0 0.485 1.35 14 -3.2989942669868113 -3.470524633235242 -0.012252169017745063
0 0.485 1.35 16 -3.7567376012512783 -3.852482929495875 -0.0059840830152873
0 0.485 1.35 18 -4.225359302147808 -4.263636829613461 -0.0021265293036473545
0 0.485 1.35 20 -4.702586968614433 -4.6980894923408885 0.0002248738136772399
0 0.485 1.35 22 -5.1839655996857825 -5.143812976236518 0.0018251192476938466
0 0.485 1.35 24 -5.668106102835421 -5.59703191376867 0.0029614245444479583
0 0.485 1.4 10 -2.192641017471603 -2.554187087517643 -0.036154607004604024
0 0.485 1.4 12 -2.575536444345753 -2.805070185760062 -0.019127811784525755
0 0.485 1.4 14 -2.9756967323441943 -3.1011959422657043 -0.008964229280107856
0 0.485 1.4 16 -3.393421779975537 -3.446278238574718 -0.003303528662448818
0 0.485 1.4 18 -3.820456661109551 -3.8177563762653506 0.00015001582467781086
0 0.485 1.4 20 -4.254333216228929 -4.208745667400834 0.0022793774414047617
0 0.485 1.4 22 -4.691310743547266 -4.6085952310675 0.003759796021807568
0 0.485 1.4 24 -5.130285092635522 -5.014142701234277 0.004839266308385197
0 0.485 1.45 10 -1.9721431347732625 -2.2814164987256658 -0.030927336395240323
0 0.485 1.45 12 -2.322908920782659 -2.5037872307710223 -0.015073192499030275
0 0.485 1.45 14 -2.689384172348558 -2.770344669498072 -0.005782892653536693
0 0.485 1.45 16 -3.071174230034761 -3.0821667175445593 -0.0006870304693623874
0 0.485 1.45 18 -3.4605531780428715 -3.416731289798476 0.0024345493469108723
0 0.485 1.45 20 -3.8553407958041532 -3.7675590593559676 0.0043890868224092825
0 0.485 1.45 22 -4.252437414122539 -4.125337290235303 0.005777278358510728
0 0.485 1.45 24 -4.650988089113491 -4.487483491109929 0.006812691583481745
0 0.485 1.5 10 -1.7773222798484767 -2.0366160708166103 -0.025929379096813365
0 0.485 1.5 12 -2.0992291050527094 -2.233736403070191 -0.011208941501456793
0 0.485 1.5 14 -2.4351813131055233 -2.473179378116222 -0.002714147500764184
0 0.485 1.5 16 -2.784225953378127 -2.7536628168775303 0.0019101960312872812
0 0.485 1.5 18 -3.139434215574937 -3.053683823272763 0.004763910683454103
0 0.485 1.5 20 -3.498919571876996 -3.367279463337199 0.006582005426989834
0 0.485 1.5 22 -3.8601963069841103 -3.686561602705369 0.007892486558124608
0 0.485 1.5 24 -4.222547388539391 -4.009245140699224 0.008887593660006984
