10 25 0 0.25 -6.8433319369392215e-06 -0.15779969012960787 0.15779284679767094
12 25 0 0.25 -2.252622430934381e-06 -0.16404077759796604 0.16403852497553512
14 25 0 0.25 2.3513747191249157e-05 -0.16448699591348925 0.1645105096606805
16 25 0 0.25 -1.4443586938617223e-06 -0.1618187231241065 0.16181727876541263
18 25 0 0.25 4.019681787326573e-06 -0.15765798677543313 0.15766200645722045
20 25 0 0.25 -4.624440806916471e-06 -0.15284833477813253 0.1528437103373256
0.35 0.49 1.0 10 -3.691280340051431 -2.6356204901721276 0.10556598498793032
0.35 0.49 1.0 12 -4.257620698808999 -2.6925424788169177 0.13042318499934014
0.35 0.49 1.0 14 -4.842434008791342 -2.80237296653796 0.14571864587524155
0.35 0.49 1.0 16 -5.449877077978486 -2.9646813641179652 0.15532473211628253
0.35 0.49 1.0 18 -6.072549147695533 -3.159931287056445 0.1618121033688382
0.35 0.49 1.0 20 -6.7122674246147636 -3.3879238141919457 0.1662171805211409
0.35 0.49 1.0 22 -7.36437140746837 -3.638629331098835 0.1693519125622516
0.35 0.49 1.0 24 -8.028527790517986 -3.910492093686516 0.17158482070131123
0.35 0.49 1.05 10 -3.1910547686127697 -2.0520426267114815 0.11390121419012882
0.35 0.49 1.05 12 -3.6913437961291606 -2.054566836297538 0.13639807998596856
0.35 0.49 1.05 14 -4.208265279589568 -2.106025504659467 0.15015998392357868
0.35 0.49 1.05 16 -4.745639985003885 -2.205567823709603 0.15875451008089264
0.35 0.49 1.05 18 -5.297104337591105 -2.3357022122846622 0.1645223402948024
0.35 0.49 1.05 20 -5.863256612165505 -2.4946273376971675 0.16843146372341686
0.35 0.49 1.05 22 -6.440754989201623 -2.6747719755901906 0.1711810460732469
0.35 0.49 1.05 24 -7.026845745039217 -2.8705225165732497 0.17318013451941527
0.35 0.49 1.1 10 -2.772741063998556 -1.5603169283823217 0.12124241356162344
0.35 0.49 1.1 12 -3.2166949323930307 -1.5167879713572046 0.14165891341965217
0.35 0.49 1.1 14 -3.6758863005479325 -1.5188353069890799 0.1540750709684895
0.35 0.49 1.1 16 -4.153540910296499 -1.5649100116858627 0.16178943116316477
0.35 0.49 1.1 18 -4.643858676826747 -1.6388149547785578 0.16694687344712167
0.35 0.49 1.1 20 -5.147589882686838 -1.739527301999703 0.17040312903435675
0.35 0.49 1.1 22 -5.65959282506492 -1.856249847128996 0.17287922626981472
0.35 0.49 1.1 24 -6.179183941751131 -1.9871997908803407 0.17466600628628295
0.35 0.49 1.15 10 -2.420324807193365 -1.1424801707536254 0.12778446364397394
0.35 0.49 1.15 12 -2.8162002969303153 -1.060253589241364 0.1463288923074126
0.35 0.49 1.15 14 -3.225860693277724 -1.0199456083162488 0.15756536321153394
0.35 0.49 1.15 16 -3.6522064095511695 -1.0200425228813368 0.16451024291686456
0.35 0.49 1.15 18 -4.089648677131335 -1.0449858366770162 0.16914793558079552
0.35 0.49 1.15 20 -4.53875369770877 -1.0938810793995133 0.17224363091546283
0.35 0.49 1.15 22 -4.994897216173115 -1.1568135057103996 0.17445835047557798
0.35 0.49 1.15 24 -5.4567448473907785 -1.23084622317314 0.1760791093424016
0.35 0.49 1.2 10 -2.1219875625439997 -0.7859543152129708 0.1336033247331029
0.35 0.49 1.2 12 -2.4763042722134383 -0.6703328085401575 0.1504976219727734
0.35 0.49 1.2 14 -2.843248626580845 -0.5935477315025831 0.1606929210770187
0.35 0.49 1.2 16 -3.2249843185830724 -0.5533171494056914 0.1669791980735863
0.35 0.49 1.2 18 -3.6170469590346515 -0.5365719721532436 0.17113749927118932
0.35 0.49 1.2 20 -4.0182796340856966 -0.5393212222785099 0.17394792059035932
0.35 0.49 1.2 22 -4.425347802502756 -0.5541249498828574 0.1759646751190863
0.35 0.49 1.2 24 -4.836949210058297 -0.5780998102599102 0.17745205832493274
0.35 0.49 1.25 10 -1.8679614360798915 -0.4797850343353945 0.1388176401744497
0.35 0.49 1.25 12 -2.186198529827258 -0.3352240949659915 0.15424786957177222
0.35 0.49 1.25 14 -2.5159782436991605 -0.22658108440199937 0.1635283685212258
0.35 0.49 1.25 16 -2.859207730742071 -0.1517990729406474 0.16921304111258897
0.35 0.49 1.25 18 -3.2109028742559818 -0.09687599055182144 0.17300149353912003
0.35 0.49 1.25 20 -3.5704572852702654 -0.05923656618207059 0.17556103595440975
0.35 0.49 1.25 22 -3.934875967131866 -0.03202306996582982 0.17740240441663802
0.35 0.49 1.25 24 -4.302369047762193 -0.011300591537531574 0.1787945190093609
0.35 0.49 1.3 10 -1.6505672231950188 -0.2154243659456126 0.14351428572494063
0.35 0.49 1.3 12 -1.9373238110021305 -0.04561679161505339 0.15764225161558976
0.35 0.49 1.3 14 -2.2345137184949038 0.0912258803160268 0.1661242570579236
0.35 0.49 1.3 16 -2.5437373539322023 0.19704071793711606 0.1712986294918324
0.35 0.49 1.3 18 -2.860200216878269 0.2853638547587652 0.1747535595353908
0.35 0.49 1.3 20 -3.1833183780762813 0.358512476200926 0.17709154271386035
0.35 0.49 1.3 22 -3.5099118911941787 0.4238895158657783 0.1788091548663617
0.35 0.49 1.3 24 -3.8389468433828933 0.48388771573056266 0.18011810662972735
0.35 0.49 1.35 10 -1.4636738935977576 0.013932976496766263 0.14776068700945238
0.35 0.49 1.35 12 -1.7227709636888733 0.20606436562960806 0.16073627744320676
0.35 0.49 1.35 14 -1.9915271370881642 0.36735861164784434 0.16849183919542918
0.35 0.49 1.35 16 -2.270479640327532 0.5015117051062783 0.17324945908961314
0.35 0.49 1.35 18 -2.5560818766483044 0.6191368434644707 0.1764010400062653
0.35 0.49 1.35 20 -2.8467341975800173 0.7247609078130375 0.17857475526965275
0.35 0.49 1.35 22 -3.140141435706902 0.8239582270916364 0.18018634830902447
0.35 0.49 1.35 24 -3.4353403954001265 0.9190278094228926 0.18143200853429245
0.35 0.49 1.4 10 -1.3022888426690002 0.21389755168910274 0.15161863943581028
0.35 0.49 1.4 12 -1.5370535896758521 0.42569875614152636 0.16356269548478156
0.35 0.49 1.4 14 -1.78047943849534 0.6092992899185696 0.17069848060099352
0.35 0.49 1.4 16 -2.0329698625619606 0.7680636733363975 0.17506459599364738
0.35 0.49 1.4 18 -2.2908988913279353 0.9127928550491695 0.17798287479872807
0.35 0.49 1.4 20 -2.5529336932482867 1.0473511661440587 0.18001424296961727
0.35 0.49 1.4 22 -2.8170258115886777 1.176891700182433 0.18154170508050502
0.35 0.49 1.4 24 -3.0823927289935376 1.3033566179626421 0.18273955612317416
0.35 0.49 1.45 10 -1.1623405054703646 0.3890768344934985 0.1551417339963863
0.35 0.49 1.45 12 -1.375625185518407 0.6182611624288591 0.16615719566227216
0.35 0.49 1.45 14 -1.5965633027450252 0.8219282453266251 0.17274939629083216
0.35 0.49 1.45 16 -1.825404439327727 1.0032088777892103 0.17678833231980856
0.35 0.49 1.45 18 -2.058815323473089 1.1722378373046556 0.17950295337654135
0.35 0.49 1.45 20 -2.2954269252047936 1.3329827467604942 0.1814204835982644
0.35 0.49 1.45 22 -2.5335701913806554 1.4898168515531303 0.182881229224263
0.35 0.49 1.45 24 -2.772620343334787 1.6443574759174453 0.18404074246884303
0.35 0.49 1.5 10 -1.0405206575279173 0.5431827140259938 0.15837033715539112
0.35 0.49 1.5 12 -1.2345422841379794 0.7884483241580669 0.1685825506913372
0.35 0.49 1.5 14 -1.4355652868379083 1.0099139236368662 0.17467708646248387
0.35 0.49 1.5 16 -1.6433792255650699 1.2114500234448096 0.17842682806311747
0.35 0.49 1.5 18 -1.854845678816197 1.4027743858909414 0.18097889248372992
0.35 0.49 1.5 20 -2.068825675336932 1.5872928458215163 0.1828059260579224
0.35 0.49 1.5 22 -2.28397952147563 1.7686719448888362 0.1842114302892939
0.35 0.49 1.5 24 -2.499794071872155 1.9482991243524133 0.185337216509357
