10 25 0 0.25 -6.8433319369392215e-06 -0.15779969012960787 0.15779284679767094
12 25 0 0.25 -2.252622430934381e-06 -0.16404077759796604 0.16403852497553512
14 25 0 0.25 2.3513747191249157e-05 -0.16448699591348925 0.1645105096606805
16 25 0 0.25 -1.4443586938617223e-06 -0.1618187231241065 0.16181727876541263
18 25 0 0.25 4.019681787326573e-06 -0.15765798677543313 0.15766200645722045
20 25 0 0.25 -4.624440806916471e-06 -0.15284833477813253 0.1528437103373256
0.8 0.05 1.0 10 -2.0186648355645658 -2.0028897323832284 0.0015775103181337347
0.8 0.05 1.0 12 -2.497586327666781 -2.477267486887105 0.001693236731639643
0.8 0.05 1.0 14 -2.9752412579706373 -2.950318723791483 0.0017801810127967396
0.8 0.05 1.0 16 -3.4471060419084303 -3.4175160856153854 0.0018493722683153024
0.8 0.05 1.0 18 -3.916578609173049 -3.882293192401656 0.0019047453761884795
0.8 0.05 1.0 20 -4.382535040760786 -4.343527945345841 0.0019503547707472534
0.8 0.05 1.0 22 -4.846981356224457 -4.803241130228633 0.00198819209071925
0.8 0.05 1.0 24 -5.3095874800017455 -5.261103524333524 0.002020164819509248
0.8 0.05 1.05 10 -1.7648607574100068 -1.7486152739580172 0.0016245483451989618
0.8 0.05 1.05 12 -2.181157376835648 -2.1603284162694676 0.0017357467138483518
0.8 0.05 1.05 14 -2.5960696213466816 -2.570604446931193 0.0018189410296777706
0.8 0.05 1.05 16 -3.0058112142828426 -2.9756534083900092 0.001884862868302084
0.8 0.05 1.05 18 -3.4137174498810965 -3.3788447090970783 0.0019373744880010078
0.8 0.05 1.05 20 -3.818670128338549 -3.7790601446947183 0.001980499182191542
0.8 0.05 1.05 22 -4.222499074313658 -4.178143080842064 0.002016181521436102
0.8 0.05 1.05 24 -4.6250222914283325 -4.575912398988288 0.0020462455183351733
0.8 0.05 1.1 10 -1.550927109938769 -1.5342558292941106 0.0016671280644658282
0.8 0.05 1.1 12 -1.9147466755075726 -1.8934572835207248 0.00177411599890398
0.8 0.05 1.1 14 -2.277126466590701 -2.251172458428683 0.0018538577258584432
0.8 0.05 1.1 16 -2.635079691145227 -2.604412210238067 0.0019167175566975059
0.8 0.05 1.1 18 -2.991422396616969 -2.9560224687206613 0.001966662660905986
0.8 0.05 1.1 20 -3.345489715490872 -3.3053395370510543 0.002007508921990886
0.8 0.05 1.1 22 -3.6986787969805928 -3.6537714152035092 0.00204124462623107
0.8 0.05 1.1 24 -4.0509183408595595 -4.001247782286601 0.0020696066072066013
0.8 0.05 1.15 10 -1.3694321683914694 -1.3523746146493778 0.0017057553742091613
0.8 0.05 1.15 12 -1.6889843308846153 -1.6672783083799985 0.00180883520871807
0.8 0.05 1.15 14 -2.0070764639987715 -1.9806808010877308 0.0018854044936457623
0.8 0.05 1.15 16 -2.321473468897193 -2.290346520201675 0.0019454342934698832
0.8 0.05 1.15 18 -2.6345079921008505 -2.598633828056734 0.0019930091135620387
0.8 0.05 1.15 20 -2.9457123178699876 -2.9050762656428515 0.0020318026113568034
0.8 0.05 1.15 22 -3.256292615957513 -3.2108895277534852 0.0020637767365467245
0.8 0.05 1.15 24 -3.5661844435735306 -3.5160098059318003 0.0020906099017387603
0.8 0.05 1.2 10 -1.2145279030614269 -1.1971190940664655 0.0017408808994961334
0.8 0.05 1.2 12 -1.4965379066882762 -1.4744541493434795 0.001840313112066394
0.8 0.05 1.2 14 -1.7771495018633265 -1.7503545836094787 0.0019139227324177024
0.8 0.05 1.2 16 -2.0546346362277186 -2.0230927349135257 0.001971368832137055
0.8 0.05 1.2 18 -2.330978578060501 -2.294676401070992 0.002016787610528271
0.8 0.05 1.2 20 -2.6059477790088104 -2.564873848192038 0.0020536965408386233
0.8 0.05 1.2 22 -2.8804288346866995 -2.834579053206463 0.0020840809763743888
0.8 0.05 1.2 24 -3.1544144668068204 -3.103785448187195 0.0021095424424843836
0.8 0.05 1.25 10 -1.0815976969563992 -1.0638689175919112 0.0017728779364488024
0.8 0.05 1.25 12 -1.3315518691521007 -1.3091246212725949 0.0018689373232921487
0.8 0.05 1.25 14 -1.5802626854611788 -1.5531057585958554 0.0019397804903802385
0.8 0.05 1.25 16 -1.826291117347307 -1.7943733639961565 0.001994859584446909
0.8 0.05 1.25 18 -2.0714362406040214 -2.03474707199382 0.002038287145011185
0.8 0.05 1.25 20 -2.3155025897762602 -2.274032708884714 0.0020734940445773066
0.8 0.05 1.25 22 -2.5592090761211477 -2.512955363260384 0.002102441493671084
0.8 0.05 1.25 24 -2.8025592427007684 -2.751519158280531 0.00212667018417656
0.8 0.05 1.3 10 -0.9669486496065639 -0.9489279246713391 0.0018020724935224775
0.8 0.05 1.3 12 -1.1894348479816799 -1.1666951104996979 0.0018949781234984993
0.8 0.05 1.3 14 -1.4107785141016222 -1.3832924876766555 0.0019632876017833417
0.8 0.05 1.3 16 -1.6299064295971832 -1.5976477307415475 0.0020161686784772315
0.8 0.05 1.3 18 -1.848313833641972 -1.8112737374148367 0.0020577831237297405
0.8 0.05 1.3 20 -2.0658949960879514 -2.0240661229672128 0.002091443656036929
0.8 0.05 1.3 22 -2.283209908585067 -2.2365898759718497 0.002119092391509879
0.8 0.05 1.3 24 -2.5002702610567344 -2.4488571760354017 0.0021422118758888664
0.8 0.05 1.35 10 -0.8675737470851096 -0.849285915118577 0.0018287831966532608
0.8 0.05 1.35 12 -1.0664032952850704 -1.0433784572723113 0.00191873650106326
0.8 0.05 1.35 14 -1.2642064908575383 -1.2364209069261847 0.0019846845665252616
0.8 0.05 1.35 16 -1.4601657896708673 -1.4275969863090885 0.0020355502101111755
0.8 0.05 1.35 18 -1.6555544195561378 -1.6181953422183168 0.0020755042965456085
0.8 0.05 1.35 20 -1.8503122715334142 -1.8081570773369733 0.0021077597098220434
0.8 0.05 1.35 22 -2.044875265216002 -1.9979221473356001 0.0021342326309273492
0.8 0.05 1.35 24 -2.2392550104963105 -2.187502547810802 0.0021563526118961915
0.8 0.05 1.4 10 -0.7810829859748054 -0.7625506727671326 0.001853231320767279
0.8 0.05 1.4 12 -0.9594279852416605 -0.9361426668014445 0.0019404432033513312
0.8 0.05 1.4 14 -1.1368676457705298 -1.1088087848001025 0.0020042043550305222
0.8 0.05 1.4 16 -1.3127947001473106 -1.2799433467527483 0.0020532095871601402
0.8 0.05 1.4 18 -1.4882688813190201 -1.4506193121033417 0.0020916427342043565
0.8 0.05 1.4 20 -1.6632556841250776 -1.6208032260017715 0.0021226229061653058
0.8 0.05 1.4 22 -1.8381006070794654 -1.7908438971988219 0.0021480322673019803
0.8 0.05 1.4 24 -2.012814626234336 -1.9607526060392353 0.0021692508414625313
0.8 0.05 1.45 10 -0.7054734591526186 -0.68671677677969 0.00187566823729286
0.8 0.05 1.45 12 -0.8660156277972604 -0.842491831033982 0.0019603163969398687
0.8 0.05 1.45 14 -1.0257771801089812 -0.9974686375323369 0.0020220387554745916
0.8 0.05 1.45 16 -1.184283867128893 -1.151174457373317 0.002069338109723512
0.8 0.05 1.45 18 -1.3424365785143375 -1.3045217114449519 0.002106381503854757
0.8 0.05 1.45 20 -1.500216600708061 -1.457492572280491 0.002136201421378503
0.8 0.05 1.45 22 -1.6578932865245262 -1.6103590682468756 0.002160646285347754
0.8 0.05 1.45 24 -1.8154763715495614 -1.7631311744025429 0.002181049881125774
0.8 0.05 1.5 10 -0.6391242144008127 -0.6201613784534885 0.0018962835947324175
0.8 0.05 1.5 12 -0.7841339676407273 -0.7603915799370782 0.0019785323086374262
0.8 0.05 1.5 14 -0.9284599503115155 -0.8999227363932278 0.002038372422734834
0.8 0.05 1.5 16 -1.071759477680148 -1.0384138737314912 0.0020841002467910513
0.8 0.05 1.5 18 -1.214781058835198 -1.1766233697207003 0.0021198716174720936
0.8 0.05 1.5 20 -1.3575187282214334 -1.3145460277558088 0.0021486350232812314
0.8 0.05 1.5 22 -1.5001810968599407 -1.4523926083399294 0.002172204023636876
0.8 0.05 1.5 24 -1.6427764102943743 -1.5901715447006457 0.0021918693997386904
