10 25 0 0.25 -6.8433319369392215e-06 -0.15779969012960787 0.15779284679767094
12 25 0 0.25 -2.252622430934381e-06 -0.16404077759796604 0.16403852497553512
14 25 0 0.25 2.3513747191249157e-05 -0.16448699591348925 0.1645105096606805
16 25 0 0.25 -1.4443586938617223e-06 -0.1618187231241065 0.16181727876541263
18 25 0 0.25 4.019681787326573e-06 -0.15765798677543313 0.15766200645722045
20 25 0 0.25 -4.624440806916471e-06 -0.15284833477813253 0.1528437103373256
0.35 0.4 1.0 10 -3.240383009316968 -2.2618499760034965 0.09785330333134716
0.35 0.4 1.0 12 -3.908873799623372 -2.663944105244019 0.10374414119827939
0.35 0.4 1.0 14 -4.5793627609172916 -3.0699257696722975 0.107816927946071
0.35 0.4 1.0 16 -5.258378925078794 -3.4885063975482598 0.11061703297065836
0.35 0.4 1.0 18 -5.939145532028771 -3.9097648161036673 0.1127433731069502
0.35 0.4 1.0 20 -6.623941484011151 -4.336775748384507 0.1143582867813322
0.35 0.4 1.0 22 -7.309778671474817 -4.765288943130925 0.11565862401563143
0.35 0.4 1.0 24 -7.997393886656574 -5.196300417211947 0.11671222789352613
0.35 0.4 1.05 10 -2.831599489398428 -1.8326277446716084 0.09989717447268198
0.35 0.4 1.05 12 -3.4195970333528223 -2.1545957942506435 0.10541676992518156
0.35 0.4 1.05 14 -4.009429992114911 -2.4800947995729543 0.1092382280387112
0.35 0.4 1.05 16 -4.6062968034534 -2.8162358806235357 0.11187880767686653
0.35 0.4 1.05 18 -5.204601413896126 -3.1546201920302734 0.113887845659214
0.35 0.4 1.05 20 -5.806123630972697 -3.497713432662628 0.11542050991550343
0.35 0.4 1.05 22 -6.408414234672989 -3.841943445385941 0.11665776314941127
0.35 0.4 1.05 24 -7.012051251666717 -4.188113965949078 0.11766405357156833
0.35 0.4 1.1 10 -2.4859531916821234 -1.468089257236751 0.10178639344453724
0.35 0.4 1.1 12 -3.0053571987663403 -1.72157782185307 0.10698161474277253
0.35 0.4 1.1 14 -3.5263783914366065 -1.9781862179985137 0.11058515524557806
0.35 0.4 1.1 16 -4.053230919374769 -2.243838796110677 0.11308700770400576
0.35 0.4 1.1 18 -4.5813171682353655 -2.511450942370951 0.11499256810357858
0.35 0.4 1.1 20 -5.11187597419263 -2.7827784864854834 0.11645487438535733
0.35 0.4 1.1 22 -5.643005717816948 -3.0549728876324744 0.11763785591747605
0.35 0.4 1.1 24 -6.175074657274331 -3.328558504354536 0.11860483970499147
0.35 0.4 1.15 10 -2.1918256600583312 -1.156371512684089 0.10354541473742422
0.35 0.4 1.15 12 -2.652462549402319 -1.351015475467557 0.10845392282789684
0.35 0.4 1.15 14 -3.114350476241512 -1.5481538309052802 0.11187118895258798
0.35 0.4 1.15 16 -3.5812056456240953 -1.7531930292834679 0.11425078852128921
0.35 0.4 1.15 18 -4.04896017825526 -1.9597042690651019 0.11606977273278653
0.35 0.4 1.15 20 -4.518680802155254 -2.169251049750712 0.1174714876202271
0.35 0.4 1.15 22 -4.988822534228177 -2.379454805304703 0.1186076240419761
0.35 0.4 1.15 24 -5.459663450679784 -2.590723180340702 0.11953917793079509
0.35 0.4 1.2 10 -1.9400343256338128 -0.8880679343092837 0.10519663913245292
0.35 0.4 1.2 12 -2.3499321374606126 -1.0316669384742376 0.10985543324886458
0.35 0.4 1.2 14 -2.7609023985226173 -1.1774293798750344 0.1131052156176845
0.35 0.4 1.2 16 -3.1759285924396585 -1.3298236495769638 0.11538155892891842
0.35 0.4 1.2 18 -3.5917024872679764 -1.4834701370945154 0.11712401945408117
0.35 0.4 1.2 20 -4.008995448107294 -1.639529527492953 0.11847329603071706
0.35 0.4 1.2 22 -4.426597073506395 -1.7960842794050127 0.11956876336824465
0.35 0.4 1.2 24 -4.844741400977902 -1.9534888480425951 0.12046885637230446
0.35 0.4 1.25 10 -1.7234057136689955 -0.6558984644945935 0.1067507249174402
0.35 0.4 1.25 12 -2.0892510184660935 -0.7549207096522395 0.11119419240115451
0.35 0.4 1.25 14 -2.456032230880696 -0.8558527609309032 0.11429853356784234
0.35 0.4 1.25 16 -2.8261728004904967 -0.9624345568834514 0.11648364022544033
0.35 0.4 1.25 18 -3.196886806849478 -1.0700047408473292 0.11816011477789716
0.35 0.4 1.25 20 -3.568781806643284 -1.1795064935070343 0.11946376565681249
0.35 0.4 1.25 22 -3.9409018874729593 -1.2893801999071632 0.12052371307117254
0.35 0.4 1.25 24 -4.313430499210609 -1.399912582583501 0.12139657985946284
0.35 0.4 1.3 10 -1.5360049046558224 -0.4537192737058362 0.10822856309499862
0.35 0.4 1.3 12 -1.8635112532084008 -0.5137470499243051 0.11248035027367465
0.35 0.4 1.3 14 -2.191842617306122 -0.5754769580611618 0.11545468994606858
0.35 0.4 1.3 16 -2.522902171535241 -0.6419324050233826 0.11756061040699115
0.35 0.4 1.3 18 -2.854408993609224 -0.7091811920368065 0.11917932230957876
0.35 0.4 1.3 20 -3.1868289360557225 -0.7779690652104682 0.1204429935422627
0.35 0.4 1.3 22 -3.5194094878653233 -0.847030606696648 0.12147176732584887
0.35 0.4 1.3 24 -3.852251863593949 -0.9165278724360858 0.12232183296491096
0.35 0.4 1.35 10 -1.3731838615628824 -0.2768063142566639 0.10963775473062184
0.35 0.4 1.35 12 -1.6671859141268186 -0.3025622067610243 0.11371864228048285
0.35 0.4 1.35 14 -1.961832348420777 -0.32969322606448204 0.11658136588259249
0.35 0.4 1.35 16 -2.258731497014092 -0.36084512787162754 0.11861789807140403
0.35 0.4 1.35 18 -2.5559802498247786 -0.39263550922560475 0.12018581892217634
0.35 0.4 1.35 20 -2.85392387532587 -0.4256339938769553 0.12141449407244573
0.35 0.4 1.35 22 -3.1519859102105507 -0.45884049341943095 0.12241570076323272
0.35 0.4 1.35 24 -3.450251291380531 -0.49239580073817596 0.1232439787767648
0.35 0.4 1.4 10 -1.2311553790486833 -0.12131529798121399 0.11098400810674694
0.35 0.4 1.4 12 -1.4957017280540796 -0.11669928544574526 0.11491687021736119
0.35 0.4 1.4 14 -1.7608021031508294 -0.11328757526768982 0.11767960913450996
0.35 0.4 1.4 16 -2.0277351457658064 -0.11324992489228691 0.11965532630459497
0.35 0.4 1.4 18 -2.2949345109262405 -0.11371417407233206 0.12117890760299492
0.35 0.4 1.4 20 -2.5626681244254064 -0.11513702409463693 0.12237655501653848
0.35 0.4 1.4 22 -2.830487188606355 -0.11671481741451357 0.12335328959962917
0.35 0.4 1.4 24 -3.098465675613802 -0.11857464744262752 0.12416212617379892
0.35 0.4 1.45 10 -1.1067612169214833 0.01599958235827259 0.11227607992797559
0.35 0.4 1.45 12 -1.345374767929475 0.04754742196123374 0.11607684915755906
0.35 0.4 1.45 14 -1.5844426848702966 0.07808060366319049 0.11875166346667765
0.35 0.4 1.45 16 -1.8250006584413967 0.10578234430570414 0.1206739376716938
0.35 0.4 1.45 18 -2.0657620754241637 0.13308829628911445 0.122158353984071
0.35 0.4 1.45 20 -2.3069323806894073 0.1596366236798231 0.12332845021846153
0.35 0.4 1.45 22 -2.5481642146324206 0.18606972638692795 0.12428336095542493
0.35 0.4 1.45 24 -2.7895025922599452 0.21230802861193368 0.1250754425363283
0.35 0.4 1.5 10 -0.9974387175581921 0.13773541756006172 0.11351741351182539
0.35 0.4 1.5 12 -1.2131320929247877 0.19328629996667354 0.11720153274095511
0.35 0.4 1.5 14 -1.4291959238169625 0.24798592935648636 0.11979870379810349
0.35 0.4 1.5 16 -1.6464681954070386 0.3003140761329544 0.12167389197124956
0.35 0.4 1.5 18 -1.8638967411632894 0.35232831487299615 0.12312361422423808
0.35 0.4 1.5 20 -2.081636862602444 0.4037460818745003 0.12426914722384723
0.35 0.4 1.5 22 -2.29942124088841 0.45507820781408975 0.12520452039556818
0.35 0.4 1.5 24 -2.5172737772884615 0.506281416564812 0.12598146641055305
