0.3 0.1 1.0 10 -0.31975944654507776 -0.327741 -0.00798167
0.3 0.1 1.0 12 -0.33231222585675013 -0.3351 -0.00278812
0.3 0.1 1.0 14 -0.34084671558812824 -0.340239 0.000608124
0.3 0.1 1.0 16 -0.34620724721582746 -0.343503 0.00270395
0.3 0.1 1.0 18 -0.35000979442456615 -0.345934 0.00407629
0.3 0.1 1.0 20 -0.35255938730226655 -0.347645 0.004914
0.3 0.1 1.0 22 -0.35447372854762 -0.34899 0.00548396
0.3 0.1 1.0 24 -0.35588140219385705 -0.350028 0.00585362
0.3 0.1 1.05 10 -0.2835352014291555 -0.288699 -0.00516332
0.3 0.1 1.05 12 -0.2940707537695009 -0.294928 -0.000857191
0.3 0.1 1.05 14 -0.3012447023728941 -0.299259 0.00198538
0.3 0.1 1.05 16 -0.3056687678790907 -0.302009 0.00365955
0.3 0.1 1.05 18 -0.3088009787430367 -0.304053 0.0047479
0.3 0.1 1.05 20 -0.3109101358270337 -0.305503 0.00540677
0.3 0.1 1.05 22 -0.31249165435655457 -0.306649 0.00584241
0.3 0.1 1.05 24 -0.3136800214160463 -0.307541 0.00613915
0.3 0.1 1.1 10 -0.2524549128665548 -0.255353 -0.00289851
0.3 0.1 1.1 12 -0.2613630334329695 -0.260653 0.000709907
0.3 0.1 1.1 14 -0.2673758844543756 -0.264326 0.00305029
0.3 0.1 1.1 16 -0.2710440323198542 -0.266654 0.00438998
0.3 0.1 1.1 18 -0.2736493780820539 -0.26839 0.00525914
0.3 0.1 1.1 20 -0.27541710323780066 -0.26963 0.00578676
0.3 0.1 1.1 22 -0.2767630611255818 -0.270615 0.00614847
0.3 0.1 1.1 24 -0.27778127355598525 -0.271388 0.00639353
0.3 0.1 1.15 10 -0.225589968418603 -0.226707 -0.0011167
0.3 0.1 1.15 12 -0.23318755051924991 -0.231231 0.00195637
0.3 0.1 1.15 14 -0.23824267934204255 -0.234364 0.00387826
0.3 0.1 1.15 16 -0.24132668784962577 -0.236353 0.00497405
0.3 0.1 1.15 18 -0.24351543897119532 -0.237837 0.00567807
0.3 0.1 1.15 20 -0.2450158796972844 -0.238908 0.00610812
0.3 0.1 1.15 22 -0.24616785633418203 -0.239761 0.00640726
0.3 0.1 1.15 24 -0.24705173836385627 -0.240436 0.0066153
0.3 0.1 1.2 10 -0.20232649173236544 -0.201965 0.000361134
0.3 0.1 1.2 12 -0.20878711434067596 -0.205845 0.00294194
0.3 0.1 1.2 14 -0.2130761777896275 -0.208531 0.00454487
0.3 0.1 1.2 16 -0.21568343737877224 -0.21024 0.00544355
0.3 0.1 1.2 18 -0.21754099120862994 -0.211518 0.00602336
0.3 0.1 1.2 20 -0.21883002276322308 -0.212449 0.00638132
0.3 0.1 1.2 22 -0.21982801383488182 -0.213193 0.0066346
0.3 0.1 1.2 24 -0.22060395530260424 -0.213788 0.00681568
0.3 0.1 1.25 10 -0.1820460351512086 -0.180485 0.00156066
0.3 0.1 1.25 12 -0.18757730832900243 -0.183833 0.00374419
0.3 0.1 1.25 14 -0.19122891141133438 -0.186145 0.00508424
0.3 0.1 1.25 16 -0.1934521763317214 -0.187623 0.00582937
0.3 0.1 1.25 18 -0.19504456027005673 -0.188733 0.00631177
0.3 0.1 1.25 20 -0.19616516825662444 -0.189548 0.00661684
0.3 0.1 1.25 22 -0.19702343963127766 -0.190203 0.00682049
0.3 0.1 1.25 24 -0.19771083304052683 -0.19073 0.00698132
0.3 0.1 1.3 10 -0.16430664270857492 -0.16176 0.00254702
0.3 0.1 1.3 12 -0.16905740295384972 -0.164657 0.00440047
0.3 0.1 1.3 14 -0.17217146674028086 -0.166658 0.00551316
0.3 0.1 1.3 16 -0.1740846376243782 -0.167945 0.00613972
0.3 0.1 1.3 18 -0.17546324166945715 -0.168914 0.00654898
0.3 0.1 1.3 20 -0.17644604431705074 -0.169633 0.00681296
0.3 0.1 1.3 22 -0.1772187986554095 -0.170212 0.00700697
0.3 0.1 1.3 24 -0.17783318769035208 -0.17068 0.00715299
0.3 0.1 1.35 10 -0.14871171316723195 -0.145363 0.00334838
0.3 0.1 1.35 12 -0.15281192860849954 -0.147883 0.00492893
0.3 0.1 1.35 14 -0.15550810863912456 -0.149623 0.00588515
0.3 0.1 1.35 16 -0.15716841004199278 -0.150749 0.00641903
0.3 0.1 1.35 18 -0.15837247571897997 -0.151601 0.0067717
0.3 0.1 1.35 20 -0.15924277881065813 -0.152238 0.00700514
0.3 0.1 1.35 22 -0.15993163407514316 -0.152752 0.0071798
0.3 0.1 1.35 24 -0.16048422905366097 -0.15317 0.00731411
0.3 0.1 1.4 10 -0.13497770776061557 -0.130952 0.0040253
0.3 0.1 1.4 12 -0.1385336421800544 -0.133151 0.00538216
0.3 0.1 1.4 14 -0.14087205115095536 -0.134671 0.00620094
0.3 0.1 1.4 16 -0.1423248517376079 -0.135663 0.00666227
0.3 0.1 1.4 18 -0.14338595348567018 -0.136414 0.00697165
0.3 0.1 1.4 20 -0.1441627807523151 -0.136981 0.00718158
0.3 0.1 1.4 22 -0.14478122260023787 -0.13744 0.00734124
0.3 0.1 1.4 24 -0.14528105472752734 -0.137815 0.00746626
0.3 0.1 1.45 10 -0.12283146295577722 -0.118239 0.00459237
0.3 0.1 1.45 12 -0.1259296043842261 -0.120166 0.00576352
0.3 0.1 1.45 14 -0.12797085105566655 -0.1215 0.00647122
0.3 0.1 1.45 16 -0.12925216544347512 -0.122377 0.00687542
0.3 0.1 1.45 18 -0.13019446204904972 -0.123044 0.00715075
0.3 0.1 1.45 20 -0.13089266483764478 -0.12355 0.00734231
0.3 0.1 1.45 22 -0.13145127548412464 -0.123961 0.00749011
0.3 0.1 1.45 24 -0.1319055425234025 -0.124298 0.00760755
0.3 0.1 1.5 10 -0.11205538775959986 -0.106985 0.00506995
0.3 0.1 1.5 12 -0.11477213117554753 -0.108681 0.00609089
0.3 0.1 1.5 14 -0.11656512213695615 -0.109856 0.00670947
0.3 0.1 1.5 16 -0.11770354420412359 -0.110635 0.00706887
0.3 0.1 1.5 18 -0.11854632685463799 -0.111229 0.00731765
0.3 0.1 1.5 20 -0.11917765189791174 -0.111683 0.00749473
0.3 0.1 1.5 22 -0.11968486765689529 -0.112052 0.00763302
0.3 0.1 1.5 24 -0.12009941551348663 -0.112355 0.00774417
