0.05 0.4 1.0 10 -0.4305738948810173 -0.473633 -0.043059
0.05 0.4 1.0 12 -0.44835635365172005 -0.464785 -0.0164288
0.05 0.4 1.0 14 -0.46033239480976756 -0.458985 0.00134703
0.05 0.4 1.0 16 -0.4676533483470726 -0.456386 0.0112676
0.05 0.4 1.0 18 -0.4727593704237239 -0.454688 0.0180719
0.05 0.4 1.0 20 -0.47606552991741846 -0.453983 0.0220823
0.05 0.4 1.0 22 -0.4784986658170746 -0.453561 0.0249373
0.05 0.4 1.0 24 -0.48023118478187515 -0.453449 0.026782
0.05 0.4 1.05 10 -0.38631169206358534 -0.416217 -0.0299053
0.05 0.4 1.05 12 -0.4013706421893808 -0.40852 -0.00714909
0.05 0.4 1.05 14 -0.4115230053598417 -0.403527 0.00799607
0.05 0.4 1.05 16 -0.4175825073990347 -0.401321 0.0162619
0.05 0.4 1.05 18 -0.4217914260638705 -0.399888 0.0219037
0.05 0.4 1.05 20 -0.42451954680331516 -0.399298 0.0252216
0.05 0.4 1.05 22 -0.426519278644565 -0.398937 0.0275826
0.05 0.4 1.05 24 -0.42797799838208866 -0.398829 0.0291494
0.05 0.4 1.1 10 -0.34790132141784513 -0.366758 -0.0188564
0.05 0.4 1.1 12 -0.36074010244309046 -0.360018 0.000722262
0.05 0.4 1.1 14 -0.36930326988265777 -0.355677 0.0136267
0.05 0.4 1.1 16 -0.37433254667070875 -0.35378 0.0205524
0.05 0.4 1.1 18 -0.37783232481743284 -0.352564 0.0252687
0.05 0.4 1.1 20 -0.38011256266851917 -0.352046 0.0280665
0.05 0.4 1.1 22 -0.3818132685999038 -0.351719 0.0300946
0.05 0.4 1.1 24 -0.383061645481865 -0.351589 0.0314723
0.05 0.4 1.15 10 -0.31430344779090075 -0.32386 -0.00955676
0.05 0.4 1.15 12 -0.3253407041943276 -0.317935 0.00740534
0.05 0.4 1.15 14 -0.332574712332463 -0.314097 0.0184775
0.05 0.4 1.15 16 -0.33680740157483335 -0.312453 0.0243541
0.05 0.4 1.15 18 -0.33974426876446484 -0.311376 0.0283682
0.05 0.4 1.15 20 -0.34167487466158847 -0.310901 0.0307742
0.05 0.4 1.15 22 -0.3431278317940076 -0.310587 0.0325406
0.05 0.4 1.15 24 -0.34421205570904095 -0.31044 0.0337722
0.05 0.4 1.2 10 -0.2848958802385349 -0.286398 -0.00150226
0.05 0.4 1.2 12 -0.2943362255054081 -0.281138 0.0131987
0.05 0.4 1.2 14 -0.300500562337131 -0.27774 0.022761
0.05 0.4 1.2 16 -0.30407738419190083 -0.276267 0.0278104
0.05 0.4 1.2 18 -0.3065660082916539 -0.2753 0.0312658
0.05 0.4 1.2 20 -0.30822152041084927 -0.274845 0.0333764
0.05 0.4 1.2 22 -0.30947945294494805 -0.274532 0.0349476
0.05 0.4 1.2 24 -0.31043335623232143 -0.274365 0.0360683
0.05 0.4 1.25 10 -0.25896850260375914 -0.253518 0.00545078
0.05 0.4 1.25 12 -0.2670926293307335 -0.248781 0.0183118
0.05 0.4 1.25 14 -0.2723559827641731 -0.245731 0.0266248
0.05 0.4 1.25 16 -0.27540278221292414 -0.244395 0.0310076
0.05 0.4 1.25 18 -0.2775326900337938 -0.243502 0.0340303
0.05 0.4 1.25 20 -0.27897093169961307 -0.243052 0.0359187
0.05 0.4 1.25 22 -0.2800463118802368 -0.24273 0.0373163
0.05 0.4 1.25 24 -0.2808944137372611 -0.242537 0.0383574
0.05 0.4 1.3 10 -0.23604315744780763 -0.224447 0.0115965
0.05 0.4 1.3 12 -0.24304807619025728 -0.220157 0.0228915
0.05 0.4 1.3 14 -0.24754112920832524 -0.217405 0.0301363
0.05 0.4 1.3 16 -0.2501596832394347 -0.216166 0.0339935
0.05 0.4 1.3 18 -0.25200121009537907 -0.215325 0.0366766
0.05 0.4 1.3 20 -0.2532626384538467 -0.214869 0.0383932
0.05 0.4 1.3 22 -0.25423936084399784 -0.214532 0.0397073
0.05 0.4 1.3 24 -0.25500139452347054 -0.214303 0.0406987
0.05 0.4 1.35 10 -0.21566547955274626 -0.198617 0.017048
0.05 0.4 1.35 12 -0.22172902122338958 -0.194709 0.0270195
0.05 0.4 1.35 14 -0.22562768723075927 -0.192181 0.0334471
0.05 0.4 1.35 16 -0.22789709418134296 -0.191012 0.0368854
0.05 0.4 1.35 18 -0.22950388198227106 -0.190204 0.0392995
0.05 0.4 1.35 20 -0.2306225122960031 -0.189736 0.0408868
0.05 0.4 1.35 22 -0.23149606919182963 -0.18938 0.0421162
0.05 0.4 1.35 24 -0.23218572741972607 -0.189126 0.0430595
0.05 0.4 1.4 10 -0.1975364079370042 -0.175566 0.02197
0.05 0.4 1.4 12 -0.20280575083469657 -0.171956 0.0308502
0.05 0.4 1.4 14 -0.20618889597787718 -0.169617 0.0365721
0.05 0.4 1.4 16 -0.20817243170351563 -0.168495 0.039677
0.05 0.4 1.4 18 -0.20958818471536753 -0.167706 0.0418819
0.05 0.4 1.4 20 -0.21058927150240714 -0.16722 0.0433688
0.05 0.4 1.4 22 -0.21137702732772345 -0.166844 0.0445328
0.05 0.4 1.4 24 -0.2120052707754955 -0.166567 0.0454386
0.05 0.4 1.45 10 -0.18133867478393348 -0.154883 0.026456
0.05 0.4 1.45 12 -0.1859348615792206 -0.151524 0.0344106
0.05 0.4 1.45 14 -0.18888838566017727 -0.149336 0.0395521
0.05 0.4 1.45 16 -0.19063657879554097 -0.148245 0.0423913
0.05 0.4 1.45 18 -0.1918945099802705 -0.147465 0.04443
0.05 0.4 1.45 20 -0.19279760379674019 -0.146959 0.0458387
0.05 0.4 1.45 22 -0.1935130130990932 -0.146562 0.0469514
0.05 0.4 1.45 24 -0.19408842382598931 -0.146256 0.0478322
0.05 0.4 1.5 10 -0.16682434777861363 -0.136248 0.0305761
0.05 0.4 1.5 12 -0.17085800320757016 -0.133096 0.0377623
0.05 0.4 1.5 14 -0.17345177557171226 -0.131028 0.0424238
0.05 0.4 1.5 16 -0.17500483185833104 -0.129954 0.0450507
0.05 0.4 1.5 18 -0.1761314867483959 -0.129175 0.046957
0.05 0.4 1.5 20 -0.17695188067634487 -0.128648 0.0483041
0.05 0.4 1.5 22 -0.17760551432403368 -0.128229 0.0493761
0.05 0.4 1.5 24 -0.17813494122789017 -0.127898 0.0502366
