0.3 0.49 1.0 10 -0.31975944654507776 -0.311613 0.00814613
0.3 0.49 1.0 12 -0.33231222585675013 -0.267272 0.0650404
0.3 0.49 1.0 14 -0.34084671558812824 -0.239397 0.10145
0.3 0.49 1.0 16 -0.34620724721582746 -0.222117 0.12409
0.3 0.49 1.0 18 -0.35000979442456615 -0.210762 0.139248
0.3 0.49 1.0 20 -0.35255938730226655 -0.203597 0.148962
0.3 0.49 1.0 22 -0.35447372854762 -0.198955 0.155518
0.3 0.49 1.0 24 -0.35588140219385705 -0.196137 0.159745
0.3 0.49 1.05 10 -0.2835352014291555 -0.249569 0.0339664
0.3 0.49 1.05 12 -0.2940707537695009 -0.210755 0.0833156
0.3 0.49 1.05 14 -0.3012447023728941 -0.186641 0.114604
0.3 0.49 1.05 16 -0.3056687678790907 -0.17195 0.133719
0.3 0.49 1.05 18 -0.3088009787430367 -0.162496 0.146305
0.3 0.49 1.05 20 -0.3109101358270337 -0.156641 0.154269
0.3 0.49 1.05 22 -0.31249165435655457 -0.153004 0.159488
0.3 0.49 1.05 24 -0.3136800214160463 -0.150754 0.162926
0.3 0.49 1.1 10 -0.2524549128665548 -0.19708 0.0553747
0.3 0.49 1.1 12 -0.2613630334329695 -0.162957 0.0984055
0.3 0.49 1.1 14 -0.2673758844543756 -0.142042 0.125334
0.3 0.49 1.1 16 -0.2710440323198542 -0.129524 0.14152
0.3 0.49 1.1 18 -0.2736493780820539 -0.121611 0.152038
0.3 0.49 1.1 20 -0.27541710323780066 -0.116891 0.158526
0.3 0.49 1.1 22 -0.2767630611255818 -0.113906 0.162857
0.3 0.49 1.1 24 -0.27778127355598525 -0.112139 0.165643
0.3 0.49 1.15 10 -0.225589968418603 -0.152296 0.0732944
0.3 0.49 1.15 12 -0.23318755051924991 -0.122253 0.110935
0.3 0.49 1.15 14 -0.23824267934204255 -0.104057 0.134186
0.3 0.49 1.15 16 -0.24132668784962577 -0.0933702 0.147956
0.3 0.49 1.15 18 -0.24351543897119532 -0.0867079 0.156808
0.3 0.49 1.15 20 -0.2450158796972844 -0.0828321 0.162184
0.3 0.49 1.15 22 -0.24616785633418203 -0.0804385 0.165729
0.3 0.49 1.15 24 -0.24705173836385627 -0.0790101 0.168042
0.3 0.49 1.2 10 -0.20232649173236544 -0.113936 0.0883908
0.3 0.49 1.2 12 -0.20878711434067596 -0.0873842 0.121403
0.3 0.49 1.2 14 -0.2130761777896275 -0.0715192 0.141557
0.3 0.49 1.2 16 -0.21568343737877224 -0.0623399 0.153344
0.3 0.49 1.2 18 -0.21754099120862994 -0.0567812 0.16076
0.3 0.49 1.2 20 -0.21883002276322308 -0.0535285 0.165302
0.3 0.49 1.2 22 -0.21982801383488182 -0.0515413 0.168287
0.3 0.49 1.2 24 -0.22060395530260424 -0.0503576 0.170246
0.3 0.49 1.25 10 -0.1820460351512086 -0.0808695 0.101177
0.3 0.49 1.25 12 -0.18757730832900243 -0.0573328 0.130244
0.3 0.49 1.25 14 -0.19122891141133438 -0.0434546 0.147774
0.3 0.49 1.25 16 -0.1934521763317214 -0.0356028 0.157849
0.3 0.49 1.25 18 -0.19504456027005673 -0.0308462 0.164198
0.3 0.49 1.25 20 -0.19616516825662444 -0.0281102 0.168055
0.3 0.49 1.25 22 -0.19702343963127766 -0.0264602 0.170563
0.3 0.49 1.25 24 -0.19771083304052683 -0.0254224 0.172288
0.3 0.49 1.3 10 -0.16430664270857492 -0.0522148 0.112092
0.3 0.49 1.3 12 -0.16905740295384972 -0.0312926 0.137765
0.3 0.49 1.3 14 -0.17217146674028086 -0.0190963 0.153075
0.3 0.49 1.3 16 -0.1740846376243782 -0.0123227 0.161762
0.3 0.49 1.3 18 -0.17546324166945715 -0.00825634 0.167207
0.3 0.49 1.3 20 -0.17644604431705074 -0.00595086 0.170495
0.3 0.49 1.3 22 -0.1772187986554095 -0.00450707 0.172712
0.3 0.49 1.3 24 -0.17783318769035208 -0.00358593 0.174247
0.3 0.49 1.35 10 -0.14871171316723195 -0.0272684 0.121443
0.3 0.49 1.35 12 -0.15281192860849954 -0.00860428 0.144208
0.3 0.49 1.35 14 -0.15550810863912456 0.0021052 0.157613
0.3 0.49 1.35 16 -0.15716841004199278 0.00803794 0.165206
0.3 0.49 1.35 18 -0.15837247571897997 0.0115041 0.169877
0.3 0.49 1.35 20 -0.15924277881065813 0.0135213 0.172764
0.3 0.49 1.35 22 -0.15993163407514316 0.0148024 0.174734
0.3 0.49 1.35 24 -0.16048422905366097 0.0156517 0.176136
0.3 0.49 1.4 10 -0.13497770776061557 -0.00544704 0.129531
0.3 0.49 1.4 12 -0.1385336421800544 0.0112411 0.149775
0.3 0.49 1.4 14 -0.14087205115095536 0.0207233 0.161595
0.3 0.49 1.4 16 -0.1423248517376079 0.0258923 0.168217
0.3 0.49 1.4 18 -0.14338595348567018 0.0289287 0.172315
0.3 0.49 1.4 20 -0.1441627807523151 0.0307116 0.174874
0.3 0.49 1.4 22 -0.14478122260023787 0.0318796 0.176661
0.3 0.49 1.4 24 -0.14528105472752734 0.0326888 0.17797
0.3 0.49 1.45 10 -0.12283146295577722 0.0137305 0.136562
0.3 0.49 1.45 12 -0.1259296043842261 0.0286787 0.154608
0.3 0.49 1.45 14 -0.12797085105566655 0.0371172 0.165088
0.3 0.49 1.45 16 -0.12925216544347512 0.0416771 0.170929
0.3 0.49 1.45 18 -0.13019446204904972 0.0443571 0.174552
0.3 0.49 1.45 20 -0.13089266483764478 0.0459702 0.176863
0.3 0.49 1.45 22 -0.13145127548412464 0.0470615 0.178513
0.3 0.49 1.45 24 -0.1319055425234025 0.0478475 0.179753
0.3 0.49 1.5 10 -0.11205538775959986 0.0306521 0.142707
0.3 0.49 1.5 12 -0.11477213117554753 0.0441324 0.158905
0.3 0.49 1.5 14 -0.11656512213695615 0.0516425 0.168208
0.3 0.49 1.5 16 -0.11770354420412359 0.0556851 0.173389
0.3 0.49 1.5 18 -0.11854632685463799 0.0581009 0.176647
0.3 0.49 1.5 20 -0.11917765189791174 0.0595938 0.178771
0.3 0.49 1.5 22 -0.11968486765689529 0.0606302 0.180315
0.3 0.49 1.5 24 -0.12009941551348663 0.0613988 0.181498
