10 0.8 0.40 0.47 -0.5429665326066 -0.4604111414191 0.0825553911875
12 0.8 0.40 0.47 -0.5590718050711 -0.4392878945077 0.1197839105634
14 0.8 0.40 0.47 -0.5699634040487 -0.4247406884297 0.1452227156190
16 0.8 0.40 0.47 -0.5768803370964 -0.4168721617256 0.1600081753707
18 0.8 0.40 0.47 -0.5816386435550 -0.4113838923894 0.1702547511657
20 0.8 0.40 0.47 -0.5845577808705 -0.4082619992935 0.1762957815770
22 0.8 0.40 0.47 -0.5858055350905 -0.4067802529917 0.1790252820988
24 0.8 0.40 0.47 -0.5870186464446 -0.4055127872819 0.1815058591627
10 0.85 0.40 0.47 -0.4677716032769 -0.3621842683446 0.1055873349323
12 0.85 0.40 0.47 -0.4812292975343 -0.3452450537782 0.1359842437561
14 0.85 0.40 0.47 -0.4901951629822 -0.3338150582713 0.1563801047109
16 0.85 0.40 0.47 -0.4957282428501 -0.3277803873660 0.1679478554842
18 0.85 0.40 0.47 -0.4992934773538 -0.3240887269257 0.1752047504282
20 0.85 0.40 0.47 -0.5015198952946 -0.3218028308262 0.1797170644684
22 0.85 0.40 0.47 -0.5030162238681 -0.3202292084907 0.1827870153774
24 0.85 0.40 0.47 -0.5038392923083 -0.3193610526843 0.1844782396240
10 0.9 0.40 0.47 -0.4072293399381 -0.2822636329993 0.1249657069388
12 0.9 0.40 0.47 -0.4181311962177 -0.2685417473532 0.1495894488645
14 0.9 0.40 0.47 -0.4252822367050 -0.2594324699093 0.1658497667957
16 0.9 0.40 0.47 -0.4295072813826 -0.2547929680898 0.1747143132928
18 0.9 0.40 0.47 -0.4320823646655 -0.2522469245155 0.1798354401500
20 0.9 0.40 0.47 -0.4336777683871 -0.2505841020648 0.1830936663222
22 0.9 0.40 0.47 -0.4347263978169 -0.2494584836060 0.1852679142109
24 0.9 0.40 0.47 -0.4351790735027 -0.2488634300670 0.1863156434358
10 0.95 0.40 0.47 -0.3577705726481 -0.2164093884860 0.1413611841621
12 0.95 0.40 0.47 -0.3661972492797 -0.2053849050069 0.1608123442727
14 0.95 0.40 0.47 -0.3716422502743 -0.1981453912245 0.1734968590498
16 0.95 0.40 0.47 -0.3743302230827 -0.1949443918364 0.1793858312463
18 0.95 0.40 0.47 -0.3763143806744 -0.1925598650834 0.1837545155910
20 0.95 0.40 0.47 -0.3773825445578 -0.1913544268790 0.1860281176788
22 0.95 0.40 0.47 -0.3780728718413 -0.1905520329176 0.1875208389236
24 0.95 0.40 0.47 -0.3784385259074 -0.1901455088504 0.1882930170570
10 1.0 0.40 0.47 -0.3138337167089 -0.1839043084172 0.1299294082917
12 1.0 0.40 0.47 -0.3209272334092 -0.1667735370050 0.1541536964042
14 1.0 0.40 0.47 -0.3253774202759 -0.1558003640803 0.1695770561956
16 1.0 0.40 0.47 -0.3278181699297 -0.1497712322167 0.1780469377130
18 1.0 0.40 0.47 -0.3293675931480 -0.1458634193187 0.1835041738293
20 1.0 0.40 0.47 -0.3301773995637 -0.1437067718613 0.1864706277024
22 1.0 0.40 0.47 -0.3306871030931 -0.1423011128058 0.1883859902873
24 1.0 0.40 0.47 -0.3309487693876 -0.1415348722558 0.1894138971318
10 1.05 0.40 0.47 -0.2775046622256 -0.1341222021581 0.1433824600675
12 1.05 0.40 0.47 -0.2831857380441 -0.1198523571777 0.1633333808664
14 1.05 0.40 0.47 -0.2867553945830 -0.1108848153665 0.1758705792165
16 1.05 0.40 0.47 -0.2886053056615 -0.1060571196778 0.1825481859837
18 1.05 0.40 0.47 -0.2897557910694 -0.1030203247777 0.1867354662918
20 1.05 0.40 0.47 -0.2903314313096 -0.1014101612469 0.1889212700627
22 1.05 0.40 0.47 -0.2906754666594 -0.1003935215569 0.1902819451025
24 1.05 0.40 0.47 -0.2908501038645 -0.0998643284230 0.1909857754416
10 1.1 0.40 0.47 -0.2464363069379 -0.0921865907685 0.1542497161694
12 1.1 0.40 0.47 -0.2510116661359 -0.0802770414238 0.1707346247121
14 1.1 0.40 0.47 -0.2538365284295 -0.0729419936381 0.1808945347914
16 1.1 0.40 0.47 -0.2552269987927 -0.0690902900031 0.1861367087896
18 1.1 0.40 0.47 -0.2560801969483 -0.0667686777520 0.1893115191964
20 1.1 0.40 0.47 -0.2564887735797 -0.0655205963838 0.1909681771959
22 1.1 0.40 0.47 -0.2567351657724 -0.0648058439867 0.1919293217856
24 1.1 0.40 0.47 -0.2568515588935 -0.0644320478277 0.1924195110658
10 1.15 0.40 0.47 -0.2196723221222 -0.0566147587742 0.1630575633480
12 1.15 0.40 0.47 -0.2233881004831 -0.0466611508650 0.1767269496181
14 1.15 0.40 0.47 -0.2256135514821 -0.0406471598168 0.1849663916653
16 1.15 0.40 0.47 -0.2266711138915 -0.0376060470009 0.1890650668906
18 1.15 0.40 0.47 -0.2273029727699 -0.0357922839507 0.1915106888192
20 1.15 0.40 0.47 -0.2275925646104 -0.0348677350193 0.1927248295911
22 1.15 0.40 0.47 -0.2277637051327 -0.0343448118851 0.1934188932476
24 1.15 0.40 0.47 -0.2278412296188 -0.0340937287000 0.1937475009188
10 1.2 0.40 0.47 -0.1965631330993 -0.0262396918596 0.1703234412397
12 1.2 0.40 0.47 -0.1995428285679 -0.0179016685095 0.1816411600584
14 1.2 0.40 0.47 -0.2013082466404 -0.0129667456924 0.1883415009480
16 1.2 0.40 0.47 -0.2021062642951 -0.0105526469888 0.1915536173063
18 1.2 0.40 0.47 -0.2025738875383 -0.0091587082348 0.1934151793035
20 1.2 0.40 0.47 -0.2027790030894 -0.0084782434730 0.1943007596164
22 1.2 0.40 0.47 -0.2028978538021 -0.0081016432075 0.1947962105946
24 1.2 0.40 0.47 -0.2029494837359 -0.0079328102586 0.1950166734773
10 1.25 0.40 0.47 -0.1764778559157 -0.0001372189833 0.1763406369323
12 1.25 0.40 0.47 -0.1788775750168 0.0068455578114 0.1857231328282
14 1.25 0.40 0.47 -0.1802712223572 0.0108687602495 0.1911399826067
16 1.25 0.40 0.47 -0.1808727000184 0.0127947011077 0.1936674011261
18 1.25 0.40 0.47 -0.1812186901063 0.0138761733088 0.1950948634152
20 1.25 0.40 0.47 -0.1813645819168 0.0143656853203 0.1957302672371
22 1.25 0.40 0.47 -0.1814339141956 0.0146358782466 0.1960697924423
24 1.25 0.40 0.47 -0.1814680809106 0.0147582169807 0.1962262978912
10 1.3 0.40 0.47 -0.1589581691430 0.0224092303840 0.1813673995269
12 1.3 0.40 0.47 -0.1608851455796 0.0282701397828 0.1891552853624
14 1.3 0.40 0.47 -0.1619736367102 0.0315643010605 0.1935379377707
16 1.3 0.40 0.47 -0.1624273601022 0.0330774245740 0.1955047846762
18 1.3 0.40 0.47 -0.1626836270151 0.0339069571220 0.1965905841372
20 1.3 0.40 0.47 -0.1627865710315 0.0342751970466 0.1970617680780
22 1.3 0.40 0.47 -0.1628440114264 0.0344687479418 0.1973127593682
24 1.3 0.40 0.47 -0.1628669627405 0.0345501182210 0.1974170809615
10 1.35 0.40 0.47 -0.1435995390422 0.0419994431693 0.1855989822115
12 1.35 0.40 0.47 -0.1451468443641 0.0469034211877 0.1920502655519
14 1.35 0.40 0.47 -0.1460158433649 0.0496042213884 0.1956200647533
16 1.35 0.40 0.47 -0.1463578847801 0.0508074237935 0.1971653085736
18 1.35 0.40 0.47 -0.1465474117863 0.0514397653501 0.1979871771363
20 1.35 0.40 0.47 -0.1466203722600 0.0517110331433 0.1983314054033
22 1.35 0.40 0.47 -0.1466603428365 0.0518492654070 0.1985096082435
24 1.35 0.40 0.47 -0.1466756640418 0.0519050583374 0.1985807223792
