10 0.8 0.80 0.25 -0.3992921387525 -0.3669495930889 0.0323425456636
12 0.8 0.80 0.25 -0.4086804190705 -0.3670347465703 0.0416456725003
14 0.8 0.80 0.25 -0.4152760259376 -0.3670298828609 0.0482461430767
16 0.8 0.80 0.25 -0.4193463118214 -0.3670342528787 0.0523120589427
18 0.8 0.80 0.25 -0.4221872192329 -0.3670341219996 0.0551530972333
20 0.8 0.80 0.25 -0.4239117374510 -0.3670343505198 0.0568773869311
22 0.8 0.80 0.25 -0.4246535096679 -0.3670343463587 0.0576191633091
24 0.8 0.80 0.25 -0.4253712805574 -0.3670343583775 0.0583369221799
10 0.85 0.80 0.25 -0.3399510679305 -0.3015901764985 0.0383608914320
12 0.85 0.80 0.25 -0.3476334775722 -0.3016451197030 0.0459883578692
14 0.85 0.80 0.25 -0.3529213332400 -0.3016425303228 0.0512788029172
16 0.85 0.80 0.25 -0.3561054034601 -0.3016449318477 0.0544604716124
18 0.85 0.80 0.25 -0.3581808737185 -0.3016448742356 0.0565359994829
20 0.85 0.80 0.25 -0.3594659456497 -0.3016449809208 0.0578209647289
22 0.85 0.80 0.25 -0.3603326369454 -0.3016449793795 0.0586876575659
24 0.85 0.80 0.25 -0.3608080664800 -0.3016449841424 0.0591630823376
10 0.9 0.80 0.25 -0.2924864804607 -0.2486261409062 0.0438603395545
12 0.9 0.80 0.25 -0.2985740373719 -0.2486618564986 0.0499121808733
14 0.9 0.80 0.25 -0.3026877894974 -0.2486604616621 0.0540273278353
16 0.9 0.80 0.25 -0.3050653113440 -0.2486617941826 0.0564035171614
18 0.9 0.80 0.25 -0.3065287495299 -0.2486617684437 0.0578669810862
20 0.9 0.80 0.25 -0.3074288902680 -0.2486618188658 0.0587670714022
22 0.9 0.80 0.25 -0.3080221316574 -0.2486618182844 0.0593603133730
24 0.9 0.80 0.25 -0.3082776487152 -0.2486618202006 0.0596158285146
10 0.95 0.80 0.25 -0.2539662216082 -0.2052714913363 0.0486947302719
12 0.95 0.80 0.25 -0.2585636675699 -0.2052948837221 0.0532687838478
14 0.95 0.80 0.25 -0.2616234214031 -0.2052941234287 0.0563292979744
16 0.95 0.80 0.25 -0.2631016922734 -0.2052948701644 0.0578068221090
18 0.95 0.80 0.25 -0.2642035354889 -0.2052948584933 0.0589086769955
20 0.95 0.80 0.25 -0.2647931291963 -0.2052948826277 0.0594982465686
22 0.95 0.80 0.25 -0.2651750433666 -0.2052948824043 0.0598801609623
