10 1.0 0.00 0.47 -0.4907800362944 -0.6185010489397 -0.1277210126453
12 1.0 0.00 0.47 -0.5076068910338 -0.5808144412781 -0.0732075502443
14 1.0 0.00 0.47 -0.5148562677835 -0.5533485123114 -0.0384922445279
16 1.0 0.00 0.47 -0.5207560932193 -0.5388030597599 -0.0180469665407
18 1.0 0.00 0.47 -0.5232533079354 -0.5282818299996 -0.0050285220642
20 1.0 0.00 0.47 -0.5252238244458 -0.5228908840137 0.0023329404321
22 1.0 0.00 0.47 -0.5260406016144 -0.5190223057217 0.0070182958928
24 1.0 0.00 0.47 -0.5266787055778 -0.5170770877125 0.0096016178653
10 1.05 0.00 0.47 -0.4417763055909 -0.5437160054931 -0.1019396999022
12 1.05 0.00 0.47 -0.4558360394095 -0.5107916034043 -0.0549555639948
14 1.05 0.00 0.47 -0.4617672309331 -0.4872028546106 -0.0254356236775
16 1.05 0.00 0.47 -0.4664241563700 -0.4750419591426 -0.0086178027726
18 1.05 0.00 0.47 -0.4683106475753 -0.4665147362138 0.0017959113615
20 1.05 0.00 0.47 -0.4697683381622 -0.4623286502029 0.0074396879592
22 1.05 0.00 0.47 -0.4703250387839 -0.4594207567926 0.0109042819913
24 1.05 0.00 0.47 -0.4707679824221 -0.4580269777574 0.0127410046646
10 1.1 0.00 0.47 -0.3991626506928 -0.4793769690970 -0.0802143184041
12 1.1 0.00 0.47 -0.4109606936503 -0.4505897162456 -0.0396290225953
14 1.1 0.00 0.47 -0.4157327480674 -0.4303583402499 -0.0146255921826
16 1.1 0.00 0.47 -0.4193811233436 -0.4202434041880 -0.0008622808444
18 1.1 0.00 0.47 -0.4208043678751 -0.4134540363088 0.0073503315663
20 1.1 0.00 0.47 -0.4218805252165 -0.4100765689494 0.0118039562671
22 1.1 0.00 0.47 -0.4222895471322 -0.4079525955736 0.0143369515586
24 1.1 0.00 0.47 -0.4225965364010 -0.4069309452330 0.0156655911679
10 1.15 0.00 0.47 -0.3618062398348 -0.4236655385879 -0.0618592987531
12 1.15 0.00 0.47 -0.3717667929010 -0.3984904685173 -0.0267236756163
14 1.15 0.00 0.47 -0.3755841482751 -0.3811343115878 -0.0055501633127
16 1.15 0.00 0.47 -0.3784676913441 -0.3728238048954 0.0056438864487
18 1.15 0.00 0.47 -0.3795394584810 -0.3673128378524 0.0122266206286
20 1.15 0.00 0.47 -0.3803326351136 -0.3647171779824 0.0156154571312
22 1.15 0.00 0.47 -0.3806216504356 -0.3631072816094 0.0175143688262
24 1.15 0.00 0.47 -0.3808342061256 -0.3623974761566 0.0184367299690
10 1.2 0.00 0.47 -0.3290335042816 -0.3751182492406 -0.0460847449589
12 1.2 0.00 0.47 -0.3373532303391 -0.3530759852995 -0.0157227549605
14 1.2 0.00 0.47 -0.3404332810030 -0.3382012183164 0.0022320626866
16 1.2 0.00 0.47 -0.3426965224938 -0.3313414608462 0.0113550616476
18 1.2 0.00 0.47 -0.3435027681926 -0.3269436504496 0.0165591177430
20 1.2 0.00 0.47 -0.3440867566444 -0.3249640558842 0.0191227007602
22 1.2 0.00 0.47 -0.3442908467970 -0.3237633803675 0.0205274664295
24 1.2 0.00 0.47 -0.3444379533574 -0.3232700674835 0.0211678858739
10 1.25 0.00 0.47 -0.3000697934356 -0.3325511496205 -0.0324813561849
12 1.25 0.00 0.47 -0.3070392677624 -0.3132809570328 -0.0062416892705
14 1.25 0.00 0.47 -0.3095082058457 -0.3006364581732 0.0088717476724
16 1.25 0.00 0.47 -0.3112819796907 -0.2949510952510 0.0163308844397
18 1.25 0.00 0.47 -0.3118880776117 -0.2914142624006 0.0204738152112
20 1.25 0.00 0.47 -0.3123192787459 -0.2899416328486 0.0223776458973
22 1.25 0.00 0.47 -0.3124328908876 -0.2890503400055 0.0233825508821
24 1.25 0.00 0.47 -0.3125341434009 -0.2886796828677 0.0238544605332
10 1.3 0.00 0.47 -0.2743960209755 -0.2950609385775 -0.0206649176021
12 1.3 0.00 0.47 -0.2802182130265 -0.2781947596929 0.0020234533336
14 1.3 0.00 0.47 -0.2821690076805 -0.2674161929454 0.0147528147351
16 1.3 0.00 0.47 -0.2835591759592 -0.2627840205124 0.0207751554468
18 1.3 0.00 0.47 -0.2840153173864 -0.2599739275097 0.0240413898767
20 1.3 0.00 0.47 -0.2843315677844 -0.2588264882777 0.0255050795067
22 1.3 0.00 0.47 -0.2844334458065 -0.2581662663344 0.0262671794721
24 1.3 0.00 0.47 -0.2845039690730 -0.2579119208564 0.0265920482166
10 1.35 0.00 0.47 -0.2515164038546 -0.2618402130134 -0.0103238091589
12 1.35 0.00 0.47 -0.2563771729229 -0.2471440003565 0.0092331725664
14 1.35 0.00 0.47 -0.2579629620881 -0.2379582810827 0.0200046810054
16 1.35 0.00 0.47 -0.2590517476811 -0.2341392975475 0.0249124501336
18 1.35 0.00 0.47 -0.2593939873117 -0.2319217459998 0.0274722413119
20 1.35 0.00 0.47 -0.2596267511814 -0.2310477643433 0.0285789868381
22 1.35 0.00 0.47 -0.2596986982210 -0.2305604323628 0.0291382658582
24 1.35 0.00 0.47 -0.2597475805218 -0.2303803285236 0.0293672519982
