10 0.8 0.80 0.40 -0.3992921387525 -0.2875923457148 0.1116997930377
12 0.8 0.80 0.40 -0.4086804190705 -0.2828383170231 0.1258421020474
14 0.8 0.80 0.40 -0.4152760259376 -0.2795520350124 0.1357239909252
16 0.8 0.80 0.40 -0.4193463118214 -0.2776999643489 0.1416463474725
18 0.8 0.80 0.40 -0.4221872192329 -0.2763930467663 0.1457941724666
20 0.8 0.80 0.40 -0.4239117374510 -0.2756397346788 0.1482720027721
22 0.8 0.80 0.40 -0.4246535096679 -0.2751047649976 0.1495487446702
24 0.8 0.80 0.40 -0.4253712805574 -0.2748221167031 0.1505491638542
10 0.85 0.80 0.40 -0.3399510679305 -0.2185807680584 0.1213702998721
12 0.85 0.80 0.40 -0.3476334775722 -0.2149036899864 0.1327297875858
14 0.85 0.80 0.40 -0.3529213332400 -0.2123897035263 0.1405316297137
16 0.85 0.80 0.40 -0.3561054034601 -0.2110226395309 0.1450827639291
18 0.85 0.80 0.40 -0.3581808737185 -0.2100727674663 0.1481081062522
20 0.85 0.80 0.40 -0.3594659456497 -0.2095499266084 0.1499160190413
22 0.85 0.80 0.40 -0.3603326369454 -0.2091855141734 0.1511471227720
24 0.85 0.80 0.40 -0.3608080664800 -0.2089852514670 0.1518228150130
10 0.9 0.80 0.40 -0.2924864804607 -0.1628812506647 0.1296052297960
12 0.9 0.80 0.40 -0.2985740373719 -0.1600262536599 0.1385477837121
14 0.9 0.80 0.40 -0.3026877894974 -0.1580962969100 0.1445914925874
16 0.9 0.80 0.40 -0.3050653113440 -0.1570872174476 0.1479780938965
18 0.9 0.80 0.40 -0.3065287495299 -0.1563941924564 0.1501345570735
20 0.9 0.80 0.40 -0.3074288902680 -0.1560290837750 0.1513998064930
22 0.9 0.80 0.40 -0.3080221316574 -0.1557785760970 0.1522435555604
24 0.9 0.80 0.40 -0.3082776487152 -0.1556468337428 0.1526308149724
10 0.95 0.80 0.40 -0.2539662216082 -0.1170990150455 0.1368672065628
12 0.95 0.80 0.40 -0.2585636675699 -0.1150013644060 0.1435623031639
14 0.95 0.80 0.40 -0.2616234214031 -0.1135896430816 0.1480337783215
16 0.95 0.80 0.40 -0.2631016922734 -0.1129275771057 0.1501741151677
18 0.95 0.80 0.40 -0.2642035354889 -0.1124531752210 0.1517503602678
20 0.95 0.80 0.40 -0.2647931291963 -0.1122184512441 0.1525746779523
22 0.95 0.80 0.40 -0.2651750433666 -0.1120580884317 0.1531169549349
