10 0.8 0.20 0.25 -0.6484884935783 -0.6686539037780 -0.0201654101997
12 0.8 0.20 0.25 -0.6707795337343 -0.6695444387145 0.0012350950198
14 0.8 0.20 0.25 -0.6845895878033 -0.6692077045958 0.0153818832075
16 0.8 0.20 0.25 -0.6940822348567 -0.6694291062820 0.0246531285747
18 0.8 0.20 0.25 -0.7001976201180 -0.6693779353083 0.0308196848096
20 0.8 0.20 0.25 -0.7041600926601 -0.6694384187481 0.0347216739121
22 0.8 0.20 0.25 -0.7057632663602 -0.6694282007079 0.0363350656523
24 0.8 0.20 0.25 -0.7073944517408 -0.6694452580103 0.0379491937305
10 0.85 0.20 0.25 -0.5634979225658 -0.5720420921126 -0.0085441695467
12 0.85 0.20 0.25 -0.5823807586261 -0.5727517565526 0.0096290020735
14 0.85 0.20 0.25 -0.5939453363649 -0.5725204935473 0.0214248428176
16 0.85 0.20 0.25 -0.6016319754254 -0.5726873139954 0.0289446614300
18 0.85 0.20 0.25 -0.6062918635618 -0.5726542344535 0.0336376291083
20 0.85 0.20 0.25 -0.6093494882098 -0.5726967916139 0.0366526965959
22 0.85 0.20 0.25 -0.6113294055539 -0.5726904470414 0.0386389585125
24 0.85 0.20 0.25 -0.6124510274185 -0.5727015905604 0.0397494368581
10 0.9 0.20 0.25 -0.4948398693359 -0.4920338947556 0.0028059745803
12 0.9 0.20 0.25 -0.5103816005733 -0.4926020440212 0.0177795565521
14 0.9 0.20 0.25 -0.5197467711828 -0.4924423657633 0.0273044054196
16 0.9 0.20 0.25 -0.5256996273681 -0.4925682315221 0.0331313958459
18 0.9 0.20 0.25 -0.5291175780556 -0.4925466252677 0.0365709527879
20 0.9 0.20 0.25 -0.5313378929437 -0.4925765503101 0.0387613426336
22 0.9 0.20 0.25 -0.5327483044932 -0.4925725716373 0.0401757328559
24 0.9 0.20 0.25 -0.5333750397305 -0.4925798392967 0.0407952004339
10 0.95 0.20 0.25 -0.4385661284087 -0.4251323431411 0.0134337852676
12 0.95 0.20 0.25 -0.4508088977125 -0.4255889058107 0.0252199919018
14 0.95 0.20 0.25 -0.4580322702589 -0.4254780350123 0.0325542352466
16 0.95 0.20 0.25 -0.4618974762558 -0.4255730878709 0.0363243883850
18 0.95 0.20 0.25 -0.4645762074680 -0.4255588373400 0.0390173701280
20 0.95 0.20 0.25 -0.4660843037099 -0.4255798659730 0.0405044377369
22 0.95 0.20 0.25 -0.4670270075949 -0.4255773507105 0.0414496568844
