10 1.0 0.35 0.47 -0.3300846355620 -0.2183948302505 0.1116898053115
12 1.0 0.35 0.47 -0.3378442198696 -0.1985579448688 0.1392862750007
14 1.0 0.35 0.47 -0.3426546252343 -0.1850486320660 0.1576059931683
16 1.0 0.35 0.47 -0.3453153812323 -0.1780709445436 0.1672444366887
18 1.0 0.35 0.47 -0.3469957362961 -0.1733064995864 0.1736892367097
20 1.0 0.35 0.47 -0.3478768807179 -0.1708239617012 0.1770529190167
22 1.0 0.35 0.47 -0.3484304151635 -0.1691139445456 0.1793164706178
24 1.0 0.35 0.47 -0.3487149132986 -0.1682369174918 0.1804779958069
10 1.05 0.35 0.47 -0.2923745189077 -0.1655539608404 0.1268205580673
12 1.05 0.35 0.47 -0.2986086720180 -0.1488998846026 0.1497087874154
14 1.05 0.35 0.47 -0.3024814084505 -0.1377823915566 0.1646990168938
16 1.05 0.35 0.47 -0.3045040900360 -0.1321612437748 0.1723428462612
18 1.05 0.35 0.47 -0.3057561850877 -0.1284311144512 0.1773250706365
20 1.05 0.35 0.47 -0.3063844621869 -0.1265680374989 0.1798164246880
22 1.05 0.35 0.47 -0.3067593405559 -0.1253185755979 0.1814407649580
24 1.05 0.35 0.47 -0.3069498170505 -0.1247105917859 0.1822392252646
10 1.1 0.35 0.47 -0.2600636489419 -0.1209385089580 0.1391251399839
12 1.1 0.35 0.47 -0.2650994948636 -0.1069367542481 0.1581627406154
14 1.1 0.35 0.47 -0.2681749093255 -0.0977825149504 0.1703923943751
16 1.1 0.35 0.47 -0.2696996793916 -0.0932716080342 0.1764280713575
18 1.1 0.35 0.47 -0.2706313754344 -0.0903961990108 0.1802351764236
20 1.1 0.35 0.47 -0.2710786495746 -0.0889435389834 0.1821351105912
22 1.1 0.35 0.47 -0.2713480107223 -0.0880546001689 0.1832934105534
24 1.1 0.35 0.47 -0.2714753518186 -0.0876234332448 0.1838519185738
10 1.15 0.35 0.47 -0.2321751756294 -0.0830117719503 0.1491634036792
12 1.15 0.35 0.47 -0.2362764167601 -0.0712285259047 0.1650478908554
14 1.15 0.35 0.47 -0.2387074068526 -0.0636749778654 0.1750324289872
16 1.15 0.35 0.47 -0.2398703559850 -0.0600939395908 0.1797764163942
18 1.15 0.35 0.47 -0.2405625925459 -0.0578300742360 0.1827325183099
20 1.15 0.35 0.47 -0.2408805371925 -0.0567489115570 0.1841316256355
22 1.15 0.35 0.47 -0.2410682179225 -0.0560915445827 0.1849766733397
24 1.15 0.35 0.47 -0.2411532880310 -0.0558013599567 0.1853519280743
10 1.2 0.35 0.47 -0.2080527773572 -0.0505590652848 0.1574937120724
12 1.2 0.35 0.47 -0.2113507488697 -0.0406232119237 0.1707275369460
14 1.2 0.35 0.47 -0.2132855281734 -0.0343863480099 0.1788991801635
16 1.2 0.35 0.47 -0.2141654623877 -0.0315280302806 0.1826374321071
18 1.2 0.35 0.47 -0.2146793669796 -0.0297734200746 0.1849059469050
20 1.2 0.35 0.47 -0.2149052015345 -0.0289742268615 0.1859309746730
22 1.2 0.35 0.47 -0.2150359309632 -0.0284951752840 0.1865407556793
24 1.2 0.35 0.47 -0.2150927500701 -0.0282998100194 0.1867929400507
10 1.25 0.35 0.47 -0.1870492744113 -0.0226150059559 0.1644342684554
12 1.25 0.35 0.47 -0.1897123425023 -0.0142419336026 0.1754704088998
14 1.25 0.35 0.47 -0.1912444637603 -0.0091244760506 0.1821199877097
16 1.25 0.35 0.47 -0.1919094331438 -0.0068315904366 0.1850778427072
18 1.25 0.35 0.47 -0.1922908011636 -0.0054589691168 0.1868318320468
20 1.25 0.35 0.47 -0.1924518687059 -0.0048820710936 0.1875697976123
22 1.25 0.35 0.47 -0.1925283467318 -0.0045340395679 0.1879943071639
24 1.25 0.35 0.47 -0.1925660523679 -0.0043919397300 0.1881741126379
10 1.3 0.35 0.47 -0.1686975812878 0.0015673639087 0.1702649451965
12 1.3 0.35 0.47 -0.1708414917670 0.0086378494554 0.1794793412225
14 1.3 0.35 0.47 -0.1720416858208 0.0128541586588 0.1848958444796
16 1.3 0.35 0.47 -0.1725445786606 0.0146646612585 0.1872092399190
18 1.3 0.35 0.47 -0.1728278548373 0.0157269726861 0.1885548275234
20 1.3 0.35 0.47 -0.1729418070795 0.0161629179262 0.1891047250056
22 1.3 0.35 0.47 -0.1730053457586 0.0164154876237 0.1894208333823
24 1.3 0.35 0.47 -0.1730307424183 0.0165099539724 0.1895406963907
10 1.35 0.35 0.47 -0.1525824168465 0.0226193414483 0.1752017582948
12 1.35 0.35 0.47 -0.1543081174639 0.0285695137180 0.1828776311819
14 1.35 0.35 0.47 -0.1552690778888 0.0320479437816 0.1873170216703
16 1.35 0.35 0.47 -0.1556491168283 0.0334951805762 0.1891442974044
18 1.35 0.35 0.47 -0.1558591897466 0.0343125511560 0.1901717409026
20 1.35 0.35 0.47 -0.1559401575629 0.0346348835315 0.1905750410944
22 1.35 0.35 0.47 -0.1559844886828 0.0348177400029 0.1908022286857
24 1.35 0.35 0.47 -0.1560014861196 0.0348825288475 0.1908840149671
