10 0.8 0.20 0.15 -0.6484884935783 -0.6791725813600 -0.0306840877817
12 0.8 0.20 0.15 -0.6707795337343 -0.6862945469338 -0.0155150131996
14 0.8 0.20 0.15 -0.6845895878033 -0.6894452081440 -0.0048556203407
16 0.8 0.20 0.15 -0.6940822348567 -0.6919258799328 0.0021563549239
18 0.8 0.20 0.15 -0.7001976201180 -0.6932693253402 0.0069282947778
20 0.8 0.20 0.15 -0.7041600926601 -0.6941902884017 0.0099698042584
22 0.8 0.20 0.15 -0.7057632663602 -0.6947511278303 0.0110121385299
24 0.8 0.20 0.15 -0.7073944517408 -0.6951041761840 0.0122902755568
10 0.85 0.20 0.15 -0.5634979225658 -0.5864666097904 -0.0229686872245
12 0.85 0.20 0.15 -0.5823807586261 -0.5921462235390 -0.0097654649129
14 0.85 0.20 0.15 -0.5939453363649 -0.5946742386281 -0.0007289022632
16 0.85 0.20 0.15 -0.6016319754254 -0.5965485902372 0.0050833851882
18 0.85 0.20 0.15 -0.6062918635618 -0.5975697158593 0.0087221477024
20 0.85 0.20 0.15 -0.6093494882098 -0.5982279019548 0.0111215862550
22 0.85 0.20 0.15 -0.6113294055539 -0.5986303055348 0.0126991000191
24 0.85 0.20 0.15 -0.6124510274185 -0.5988688330064 0.0135821944121
10 0.9 0.20 0.15 -0.4948398693359 -0.5095135227840 -0.0146736534481
12 0.9 0.20 0.15 -0.5103816005733 -0.5140495191994 -0.0036679186261
14 0.9 0.20 0.15 -0.5197467711828 -0.5160820149268 0.0036647562560
16 0.9 0.20 0.15 -0.5256996273681 -0.5174988506659 0.0082007767022
18 0.9 0.20 0.15 -0.5291175780556 -0.5182755437464 0.0108420343092
20 0.9 0.20 0.15 -0.5313378929437 -0.5187459268231 0.0125919661206
22 0.9 0.20 0.15 -0.5327483044932 -0.5190346409703 0.0137136635229
24 0.9 0.20 0.15 -0.5333750397305 -0.5191957453499 0.0141792943806
10 0.95 0.20 0.15 -0.4385661284087 -0.4450371087144 -0.0064709803057
12 0.95 0.20 0.15 -0.4508088977125 -0.4486637937541 0.0021451039584
14 0.95 0.20 0.15 -0.4580322702589 -0.4503004688441 0.0077318014147
16 0.95 0.20 0.15 -0.4618974762558 -0.4513718010358 0.0105256752201
18 0.95 0.20 0.15 -0.4645762074680 -0.4519628635321 0.0126133439359
20 0.95 0.20 0.15 -0.4660843037099 -0.4522990530600 0.0137852506499
22 0.95 0.20 0.15 -0.4670270075949 -0.4525061912833 0.0145208163116
