10 1.0 0.30 0.25 -0.3477150682796 -0.3175201629574 0.0301949053222
12 1.0 0.30 0.25 -0.3562362915993 -0.3178184994024 0.0384177921968
14 1.0 0.30 0.25 -0.3614304284341 -0.3177806218607 0.0436498065734
16 1.0 0.30 0.25 -0.3643404960840 -0.3178229204204 0.0465175756636
18 1.0 0.30 0.25 -0.3661623694427 -0.3178193929984 0.0483429764443
20 1.0 0.30 0.25 -0.3671234024373 -0.3178255740379 0.0492978283995
22 1.0 0.30 0.25 -0.3677247993035 -0.3178251448038 0.0498996544997
24 1.0 0.30 0.25 -0.3680346621874 -0.3178260569981 0.0502086051892
10 1.05 0.30 0.25 -0.3085623562432 -0.2734594413788 0.0351029148643
12 1.05 0.30 0.25 -0.3154319805366 -0.2736911261730 0.0417408543636
14 1.05 0.30 0.25 -0.3196298320406 -0.2736655790146 0.0459642530260
16 1.05 0.30 0.25 -0.3218488757723 -0.2736956482737 0.0481532274985
18 1.05 0.30 0.25 -0.3232115576960 -0.2736934287000 0.0495181289960
20 1.05 0.30 0.25 -0.3238989453946 -0.2736974338396 0.0502015115550
22 1.05 0.30 0.25 -0.3243077074726 -0.2736971820348 0.0506105254378
24 1.05 0.30 0.25 -0.3245158400888 -0.2736977198529 0.0508181202358
10 1.1 0.30 0.25 -0.2749487983405 -0.2359043709655 0.0390444273751
12 1.1 0.30 0.25 -0.2805160591932 -0.2360845062062 0.0444315529870
14 1.1 0.30 0.25 -0.2838619939158 -0.2360671930920 0.0477948008237
16 1.1 0.30 0.25 -0.2855398727883 -0.2360885816201 0.0494512911682
18 1.1 0.30 0.25 -0.2865575774137 -0.2360871789538 0.0504703984599
20 1.1 0.30 0.25 -0.2870484375111 -0.2360897761598 0.0509586613512
22 1.1 0.30 0.25 -0.2873431911086 -0.2360896286076 0.0512535625010
24 1.1 0.30 0.25 -0.2874827799671 -0.2360899462098 0.0513928337573
10 1.15 0.30 0.25 -0.2458767067621 -0.2036902142412 0.0421864925209
12 1.15 0.30 0.25 -0.2504245119682 -0.2038304058305 0.0465941061377
14 1.15 0.30 0.25 -0.2530788404225 -0.2038186003987 0.0492602400237
16 1.15 0.30 0.25 -0.2543622708282 -0.2038338176235 0.0505284532047
18 1.15 0.30 0.25 -0.2551210911338 -0.2038329216953 0.0512881694385
20 1.15 0.30 0.25 -0.2554710706774 -0.2038346048927 0.0516364657847
22 1.15 0.30 0.25 -0.2556771426659 -0.2038345165053 0.0518426261606
24 1.15 0.30 0.25 -0.2557706860335 -0.2038347035362 0.0519359824974
10 1.2 0.30 0.25 -0.2206839513450 -0.1758971149670 0.0447868363780
12 1.2 0.30 0.25 -0.2243521729971 -0.1760063347029 0.0483458382942
14 1.2 0.30 0.25 -0.2264721857416 -0.1759982380383 0.0504739477032
16 1.2 0.30 0.25 -0.2274460475869 -0.1760090712633 0.0514369763236
18 1.2 0.30 0.25 -0.2280113091300 -0.1760084938130 0.0520028153170
20 1.2 0.30 0.25 -0.2282606302693 -0.1760095849006 0.0522510453688
22 1.2 0.30 0.25 -0.2284046411033 -0.1760095309881 0.0523951101151
24 1.2 0.30 0.25 -0.2284673099270 -0.1760096409852 0.0524576689418
10 1.25 0.30 0.25 -0.1987066941198 -0.1517910074739 0.0469156866459
12 1.25 0.30 0.25 -0.2016772856906 -0.1518758588834 0.0498014268072
14 1.25 0.30 0.25 -0.2033618108153 -0.1518706305481 0.0514911802672
16 1.25 0.30 0.25 -0.2040998001956 -0.1518779904027 0.0522218097929
18 1.25 0.30 0.25 -0.2045206611075 -0.1518776143492 0.0526430467583
20 1.25 0.30 0.25 -0.2046989892788 -0.1518783218233 0.0528206674555
22 1.25 0.30 0.25 -0.2047834931539 -0.1518786583558 0.0529048347981
24 1.25 0.30 0.25 -0.2048252040022 -0.1518783527143 0.0529468512879
10 1.3 0.30 0.25 -0.1794693842894 -0.1307804516648 0.0486889326246
12 1.3 0.30 0.25 -0.1818675723365 -0.1308470038591 0.0510205684773
14 1.3 0.30 0.25 -0.1831914289418 -0.1308431583294 0.0523482706124
16 1.3 0.30 0.25 -0.1837510395836 -0.1308486755015 0.0529023640821
18 1.3 0.30 0.25 -0.1840646401218 -0.1308484380450 0.0532162020769
20 1.3 0.30 0.25 -0.1841911566798 -0.1308489008094 0.0533422558705
22 1.3 0.30 0.25 -0.1842615851728 -0.1308488821587 0.0534127030140
24 1.3 0.30 0.25 -0.1842897603455 -0.1308489210284 0.0534408393171
10 1.35 0.30 0.25 -0.1625458569642 -0.1123845907083 0.0501612662559
12 1.35 0.30 0.25 -0.1644814187513 -0.1124366413043 0.0520447774470
14 1.35 0.30 0.25 -0.1655448222581 -0.1124339766993 0.0531108455588
16 1.35 0.30 0.25 -0.1659688255226 -0.1124379231953 0.0535309023274
18 1.35 0.30 0.25 -0.1662020925419 -0.1124377712860 0.0537643212560
20 1.35 0.30 0.25 -0.1662922317850 -0.1124380738575 0.0538541579275
22 1.35 0.30 0.25 -0.1663415136259 -0.1124380632063 0.0539034504197
24 1.35 0.30 0.25 -0.1663604232626 -0.1124380865061 0.0539223367565
