10 0.8 1.60 0.10 -0.2516738065505 -0.2484625247453 0.0032112818051
12 0.8 1.60 0.10 -0.2557213218417 -0.2502593098314 0.0054620120103
14 0.8 1.60 0.10 -0.2585584630926 -0.2515124720790 0.0070459910136
16 0.8 1.60 0.10 -0.2602960485891 -0.2522313266456 0.0080647219435
18 0.8 1.60 0.10 -0.2615054782983 -0.2527429360556 0.0087625422427
20 0.8 1.60 0.10 -0.2622377623159 -0.2530398162433 0.0091979460726
22 0.8 1.60 0.10 -0.2625523845376 -0.2532515168663 0.0093008676714
24 0.8 1.60 0.10 -0.2628565914477 -0.2533636741304 0.0094929173172
10 0.85 1.60 0.10 -0.2119330456656 -0.2073752229652 0.0045578227005
12 0.85 1.60 0.10 -0.2151629856508 -0.2087293152545 0.0064336703962
14 0.85 1.60 0.10 -0.2173779732981 -0.2096642975891 0.0077136757090
16 0.85 1.60 0.10 -0.2187023888671 -0.2101802655376 0.0085221233295
18 0.85 1.60 0.10 -0.2195632431933 -0.2105415441934 0.0090216989999
20 0.85 1.60 0.10 -0.2200950350562 -0.2107414643326 0.0093535707235
22 0.85 1.60 0.10 -0.2204532244395 -0.2108813925697 0.0095718318698
24 0.85 1.60 0.10 -0.2206495426401 -0.2109584593122 0.0096910833279
10 0.9 1.60 0.10 -0.1803918830546 -0.1744365895087 0.0059552935460
12 0.9 1.60 0.10 -0.1828897273507 -0.1754623253617 0.0074274019890
14 0.9 1.60 0.10 -0.1845705864807 -0.1761634224823 0.0084071639983
16 0.9 1.60 0.10 -0.1855358531861 -0.1765347706628 0.0090010825233
18 0.9 1.60 0.10 -0.1861284429111 -0.1767912402721 0.0093372026390
20 0.9 1.60 0.10 -0.1864922182351 -0.1769271496510 0.0095650685840
22 0.9 1.60 0.10 -0.1867316949969 -0.1770207254248 0.0097109695721
24 0.9 1.60 0.10 -0.1868347715720 -0.1770700747467 0.0097646968253
10 0.95 1.60 0.10 -0.1549936977135 -0.1478596434563 0.0071340542572
12 0.95 1.60 0.10 -0.1568362671575 -0.1485998157154 0.0082364514421
14 0.95 1.60 0.10 -0.1580578136091 -0.1491020466935 0.0089557669155
16 0.95 1.60 0.10 -0.1586447828355 -0.1493401342778 0.0093046485577
18 0.95 1.60 0.10 -0.1590813528942 -0.1495116019098 0.0095697509844
20 0.95 1.60 0.10 -0.1593145633022 -0.1495967544620 0.0097178088402
22 0.95 1.60 0.10 -0.1594654912053 -0.1496550500071 0.0098104411982
24 0.95 1.60 0.10 -0.1595452542721 -0.1496839090243 0.0098613452478
10 1.0 1.60 0.10 -0.1336271050719 -0.1258844710269 0.0077426340451
12 1.0 1.60 0.10 -0.1351219099167 -0.1264807906482 0.0086411192685
14 1.0 1.60 0.10 -0.1360791156931 -0.1268805010823 0.0091986146107
16 1.0 1.60 0.10 -0.1365922196314 -0.1270739971191 0.0095182225122
18 1.0 1.60 0.10 -0.1369193891408 -0.1272045693798 0.0097148197610
20 1.0 1.60 0.10 -0.1370892962236 -0.1272678716996 0.0098214245239
22 1.0 1.60 0.10 -0.1371963254969 -0.1273096727337 0.0098866527632
24 1.0 1.60 0.10 -0.1372511742433 -0.1273300228363 0.0099211514070
10 1.05 1.60 0.10 -0.1161385615367 -0.1078329279968 0.0083056335399
12 1.05 1.60 0.10 -0.1172916256422 -0.1082902927727 0.0090013328695
14 1.05 1.60 0.10 -0.1180295858025 -0.1085929641109 0.0094366216916
16 1.05 1.60 0.10 -0.1184043018136 -0.1087340514347 0.0096702503788
18 1.05 1.60 0.10 -0.1186381863846 -0.1088272666876 0.0098109196970
20 1.05 1.60 0.10 -0.1187545850372 -0.1088705391373 0.0098840458999
22 1.05 1.60 0.10 -0.1188241947266 -0.1088990245236 0.0099251702030
24 1.05 1.60 0.10 -0.1188594804165 -0.1089121160372 0.0099473643793
10 1.1 1.60 0.10 -0.1015270288824 -0.0927996310711 0.0087273978114
12 1.1 1.60 0.10 -0.1024239517269 -0.0931519231471 0.0092720285798
14 1.1 1.60 0.10 -0.1029869800189 -0.0933821562707 0.0096048237482
16 1.1 1.60 0.10 -0.1032591182034 -0.0934845614835 0.0097745567199
18 1.1 1.60 0.10 -0.1034266085046 -0.0935517391410 0.0098748693636
20 1.1 1.60 0.10 -0.1035064574024 -0.0935813115658 0.0099251458367
22 1.1 1.60 0.10 -0.1035546314002 -0.0936005559830 0.0099540754173
24 1.1 1.60 0.10 -0.1035773634244 -0.0936089981741 0.0099683652502
10 1.15 1.60 0.10 -0.0892225044101 -0.0801854954874 0.0090370089227
12 1.15 1.60 0.10 -0.0899280096227 -0.0804569483677 0.0094710612550
14 1.15 1.60 0.10 -0.0903568762466 -0.0806331306401 0.0097237456064
16 1.15 1.60 0.10 -0.0905574020591 -0.0807079430176 0.0098494590415
18 1.15 1.60 0.10 -0.0906775082707 -0.0807562738259 0.0099212344448
20 1.15 1.60 0.10 -0.0907323492916 -0.0807766073687 0.0099557419229
22 1.15 1.60 0.10 -0.0907647695471 -0.0807896494679 0.0099751200792
24 1.15 1.60 0.10 -0.0907794428781 -0.0807951084609 0.0099843344172
10 1.2 1.60 0.10 -0.0788045676526 -0.0695278641463 0.0092767035062
12 1.2 1.60 0.10 -0.0793536775806 -0.0697375200863 0.0096161574943
14 1.2 1.60 0.10 -0.0796834722706 -0.0698726803447 0.0098107919259
16 1.2 1.60 0.10 -0.0798304155609 -0.0699273419783 0.0099030735826
18 1.2 1.60 0.10 -0.0799167036315 -0.0699619880511 0.0099547155804
20 1.2 1.60 0.10 -0.0799544342305 -0.0699759889112 0.0099784453193
22 1.2 1.60 0.10 -0.0799763022694 -0.0699848644172 0.0099914378522
24 1.2 1.60 0.10 -0.0799857955312 -0.0699884079345 0.0099973875967
10 1.25 1.60 0.10 -0.0699224602284 -0.0604644397112 0.0094580205171
12 1.25 1.60 0.10 -0.0703526811026 -0.0606276361242 0.0097250449784
14 1.25 1.60 0.10 -0.0706056741030 -0.0607312412303 0.0098744328726
16 1.25 1.60 0.10 -0.0707134713501 -0.0607712822466 0.0099421891035
18 1.25 1.60 0.10 -0.0707755930451 -0.0607965297618 0.0099790632833
20 1.25 1.60 0.10 -0.0708017191206 -0.0608061890292 0.0099955300914
22 1.25 1.60 0.10 -0.0708141384022 -0.0608122457372 0.0100018926650
24 1.25 1.60 0.10 -0.0708202552757 -0.0608145515693 0.0100057037064
10 1.3 1.60 0.10 -0.0623089028620 -0.0527119104842 0.0095969923779
12 1.3 1.60 0.10 -0.0626456674622 -0.0528387705519 0.0098068969103
14 1.3 1.60 0.10 -0.0628381319570 -0.0529187301900 0.0099194017671
16 1.3 1.60 0.10 -0.0629174471503 -0.0529481113472 0.0099693358030
18 1.3 1.60 0.10 -0.0629623162864 -0.0529664547841 0.0099958615022
20 1.3 1.60 0.10 -0.0629803010947 -0.0529731466752 0.0100071544195
22 1.3 1.60 0.10 -0.0629903379584 -0.0529772951235 0.0100130428349
24 1.3 1.60 0.10 -0.0629943466779 -0.0529788007755 0.0100155459024
10 1.35 1.60 0.10 -0.0557452525775 -0.0460434521919 0.0097018003856
12 1.35 1.60 0.10 -0.0560093780826 -0.0461425118630 0.0098668662197
14 1.35 1.60 0.10 -0.0561593339406 -0.0462042738759 0.0099550600647
16 1.35 1.60 0.10 -0.0562177618855 -0.0462258883486 0.0099918735369
18 1.35 1.60 0.10 -0.0562501829176 -0.0462392522513 0.0100109306662
20 1.35 1.60 0.10 -0.0562626408841 -0.0462438918778 0.0100187490063
22 1.35 1.60 0.10 -0.0562694668707 -0.0462467452046 0.0100227216660
24 1.35 1.60 0.10 -0.0562720824857 -0.0462477323158 0.0100243501699
