10 0.8 0.10 0.50 -0.7130484961170 -0.8510476300304 -0.1379991339134
12 0.8 0.10 0.50 -0.7398223460902 -0.8078570302065 -0.0680346841163
14 0.8 0.10 0.50 -0.7550463934200 -0.7690536749916 -0.0140072815716
16 0.8 0.10 0.50 -0.7665186448083 -0.7531165059054 0.0134021389029
18 0.8 0.10 0.50 -0.7732526906880 -0.7367030527335 0.0365496379546
20 0.8 0.10 0.50 -0.7780399125814 -0.7308242868500 0.0472156257314
22 0.8 0.10 0.50 -0.7797636025357 -0.7257922121798 0.0539713903559
24 0.8 0.10 0.50 -0.7817236693968 -0.7236709763764 0.0580526930205
10 0.85 0.10 0.50 -0.6227208432188 -0.7267012936235 -0.1039804504047
12 0.85 0.10 0.50 -0.6456142233421 -0.6888103862015 -0.0431961628594
14 0.85 0.10 0.50 -0.6584529522847 -0.6550806784851 0.0033722737996
16 0.85 0.10 0.50 -0.6678176140955 -0.6417532080629 0.0260644060326
18 0.85 0.10 0.50 -0.6729829676728 -0.6285247599872 0.0444582076856
20 0.85 0.10 0.50 -0.6766996688381 -0.6238549337344 0.0528447351037
22 0.85 0.10 0.50 -0.6789119026693 -0.6181370889648 0.0607748137045
24 0.85 0.10 0.50 -0.6802704512435 -0.6167349388542 0.0635355123893
10 0.9 0.10 0.50 -0.5496506773285 -0.6177933457791 -0.0681426684506
12 0.9 0.10 0.50 -0.5687062346524 -0.5862110177277 -0.0175047830753
14 0.9 0.10 0.50 -0.5791553509154 -0.5577375032169 0.0214178476985
16 0.9 0.10 0.50 -0.5864837165264 -0.5473398858133 0.0391438307131
18 0.9 0.10 0.50 -0.5902891474182 -0.5369783476098 0.0533107998084
20 0.9 0.10 0.50 -0.5930121726553 -0.5336188488078 0.0593933238475
22 0.9 0.10 0.50 -0.5946005150545 -0.5292424952171 0.0653580198374
24 0.9 0.10 0.50 -0.5953719314787 -0.5286531971875 0.0667187342912
10 0.95 0.10 0.50 -0.4896822169946 -0.5222554752248 -0.0325732582302
12 0.95 0.10 0.50 -0.5049081082683 -0.4977555266477 0.0071525816206
14 0.95 0.10 0.50 -0.5129823592867 -0.4746415134817 0.0383408458050
16 0.95 0.10 0.50 -0.5178371242772 -0.4684181909259 0.0494189333513
18 0.95 0.10 0.50 -0.5208442875843 -0.4598577193979 0.0609865681864
20 0.95 0.10 0.50 -0.5227155595852 -0.4577121218732 0.0650034377120
22 0.95 0.10 0.50 -0.5237829979654 -0.4545021588675 0.0692808390979
24 0.95 0.10 0.50 -0.5244124922863 -0.4539673071893 0.0704451850970
10 1.0 0.10 0.50 -0.4348838081383 -0.4504807768933 -0.0155969687550
12 1.0 0.10 0.50 -0.4479569327882 -0.4287443955668 0.0192125372214
14 1.0 0.10 0.50 -0.4547212914382 -0.4086841048637 0.0460371865745
16 1.0 0.10 0.50 -0.4591570080743 -0.4024419654957 0.0567150425786
18 1.0 0.10 0.50 -0.4615690377025 -0.3952895201265 0.0662795175760
20 1.0 0.10 0.50 -0.4630120363213 -0.3936236400194 0.0693883963019
22 1.0 0.10 0.50 -0.4638218470899 -0.3910631087287 0.0727587383612
24 1.0 0.10 0.50 -0.4642800843002 -0.3906915542353 0.0735885300649
10 1.05 0.10 0.50 -0.3893754252099 -0.3856524061645 0.0037230190454
12 1.05 0.10 0.50 -0.4001218459040 -0.3677787922586 0.0323430536454
14 1.05 0.10 0.50 -0.4056671059069 -0.3506603463577 0.0550067595493
16 1.05 0.10 0.50 -0.4091051014553 -0.3458626644515 0.0632424370037
18 1.05 0.10 0.50 -0.4109373997263 -0.3401095137413 0.0708278859850
20 1.05 0.10 0.50 -0.4119843991205 -0.3389586096067 0.0730257895138
22 1.05 0.10 0.50 -0.4125432305445 -0.3370371388492 0.0755060916954
24 1.05 0.10 0.50 -0.4128551614486 -0.3368262824008 0.0760288790478
10 1.1 0.10 0.50 -0.3499723858826 -0.3302190313843 0.0197533544983
12 1.1 0.10 0.50 -0.3588448484464 -0.3154269500787 0.0434178983676
14 1.1 0.10 0.50 -0.3633241154347 -0.3009616981641 0.0623624172706
16 1.1 0.10 0.50 -0.3659663325530 -0.2973328675331 0.0686334650200
18 1.1 0.10 0.50 -0.3673563824287 -0.2927038819598 0.0746525004689
20 1.1 0.10 0.50 -0.3681144988395 -0.2919233667665 0.0761911320730
22 1.1 0.10 0.50 -0.3685248212352 -0.2904208444298 0.0781039768054
24 1.1 0.10 0.50 -0.3687367949846 -0.2903135588896 0.0784232360949
10 1.15 0.10 0.50 -0.3155892429791 -0.2826698324058 0.0329194105732
12 1.15 0.10 0.50 -0.3229632078363 -0.2702885402705 0.0526746675657
14 1.15 0.10 0.50 -0.3265638851112 -0.2580935263596 0.0684703587515
16 1.15 0.10 0.50 -0.3286150906620 -0.2553109294812 0.0733041611807
18 1.15 0.10 0.50 -0.3296678974630 -0.2515861377385 0.0780817597245
20 1.15 0.10 0.50 -0.3302158238141 -0.2510707695112 0.0791450543030
22 1.15 0.10 0.50 -0.3305074464717 -0.2499176914262 0.0805897550455
24 1.15 0.10 0.50 -0.3306513475544 -0.2498751131971 0.0807762343572
10 1.2 0.10 0.50 -0.2855513394517 -0.2413060329568 0.0442453064949
12 1.2 0.10 0.50 -0.2916067873637 -0.2311305866833 0.0604762006804
14 1.2 0.10 0.50 -0.2945233023094 -0.2207822248635 0.0737410774459
16 1.2 0.10 0.50 -0.2961030831508 -0.2186877911161 0.0774152920347
18 1.2 0.10 0.50 -0.2968996856712 -0.2156891150481 0.0812105706231
20 1.2 0.10 0.50 -0.2972952350166 -0.2153609218096 0.0819343132070
22 1.2 0.10 0.50 -0.2975023640700 -0.2144746533445 0.0830277107255
24 1.2 0.10 0.50 -0.2976000054967 -0.2144709678548 0.0831290376419
10 1.25 0.10 0.50 -0.2591235304313 -0.2052723747972 0.0538511556340
12 1.25 0.10 0.50 -0.2641116973536 -0.1968682788091 0.0672434185445
14 1.25 0.10 0.50 -0.2664610586429 -0.1881160374679 0.0783450211750
16 1.25 0.10 0.50 -0.2676756762704 -0.1865529466439 0.0811227296265
18 1.25 0.10 0.50 -0.2682780508037 -0.1841370879717 0.0841409628320
20 1.25 0.10 0.50 -0.2685645943109 -0.1839362824527 0.0846283118582
22 1.25 0.10 0.50 -0.2686871253239 -0.1833185281163 0.0853685972076
24 1.25 0.10 0.50 -0.2687529451595 -0.1833354039372 0.0854175412223
10 1.3 0.10 0.50 -0.2357998694806 -0.1736304844090 0.0621693850716
12 1.3 0.10 0.50 -0.2398954408045 -0.1667345701266 0.0731608706778
14 1.3 0.10 0.50 -0.2417655072628 -0.1593833623401 0.0823821449227
16 1.3 0.10 0.50 -0.2426994535271 -0.1582292665432 0.0844701869839
18 1.3 0.10 0.50 -0.2431552917611 -0.1562802240863 0.0868750676748
20 1.3 0.10 0.50 -0.2433612071696 -0.1561711397698 0.0871900673998
22 1.3 0.10 0.50 -0.2434657647098 -0.1556443962207 0.0878213684891
24 1.3 0.10 0.50 -0.2435107657928 -0.1556737330249 0.0878370327679
10 1.35 0.10 0.50 -0.2151089371767 -0.1457715511325 0.0693373860442
12 1.35 0.10 0.50 -0.2184690368791 -0.1401219547471 0.0783470821320
14 1.35 0.10 0.50 -0.2199934834464 -0.1338421004774 0.0861513829690
16 1.35 0.10 0.50 -0.2207108500786 -0.1330021922359 0.0877086578427
18 1.35 0.10 0.50 -0.2210550567903 -0.1314296882730 0.0896253685173
20 1.35 0.10 0.50 -0.2212035997451 -0.1313809980655 0.0898226016796
22 1.35 0.10 0.50 -0.2212778923205 -0.1309734660617 0.0903044262588
24 1.35 0.10 0.50 -0.2213084640423 -0.1310074455545 0.0903010184878
