10 0.8 1.60 0.20 -0.2516738065505 -0.2225401235062 0.0291336830443
12 0.8 1.60 0.20 -0.2557213218417 -0.2229914010506 0.0327299207911
14 0.8 1.60 0.20 -0.2585584630926 -0.2233053416008 0.0352531214917
16 0.8 1.60 0.20 -0.2602960485891 -0.2234694979898 0.0368265505993
18 0.8 1.60 0.20 -0.2615054782983 -0.2235893105925 0.0379161677059
20 0.8 1.60 0.20 -0.2622377623159 -0.2236528768430 0.0385848854728
22 0.8 1.60 0.20 -0.2625523845376 -0.2237103591997 0.0388420253379
24 0.8 1.60 0.20 -0.2628565914475 -0.2237354197895 0.0391211716580
10 0.85 1.60 0.20 -0.2119330456656 -0.1803601078900 0.0315729377756
12 0.85 1.60 0.20 -0.2151629856508 -0.1806928097603 0.0344701758904
14 0.85 1.60 0.20 -0.2173779732981 -0.1809248063771 0.0364531669209
16 0.85 1.60 0.20 -0.2187023888671 -0.1810403599561 0.0376620289110
18 0.85 1.60 0.20 -0.2195632431933 -0.1811304160875 0.0384328271058
20 0.85 1.60 0.20 -0.2200950350562 -0.1811727489365 0.0389222861196
22 0.85 1.60 0.20 -0.2204532244395 -0.1812039915490 0.0392492328906
