10 1.0 1.60 0.05 -0.1336271050719 -0.1317336496200 0.0018934554519
12 1.0 1.60 0.05 -0.1351219099167 -0.1329457396529 0.0021761702638
14 1.0 1.60 0.05 -0.1360791156931 -0.1337489948609 0.0023301208322
16 1.0 1.60 0.05 -0.1365922196314 -0.1341914485853 0.0024007710461
18 1.0 1.60 0.05 -0.1369193891408 -0.1344766896862 0.0024426994546
20 1.0 1.60 0.05 -0.1370892962236 -0.1346315032213 0.0024577930023
22 1.0 1.60 0.05 -0.1371963254969 -0.1347295360222 0.0024667894747
24 1.0 1.60 0.05 -0.1372511742433 -0.1347799978347 0.0024711764086
10 1.05 1.60 0.05 -0.1161385615367 -0.1140755642526 0.0020629972841
12 1.05 1.60 0.05 -0.1172916256422 -0.1150265483291 0.0022650773131
14 1.05 1.60 0.05 -0.1180295858025 -0.1156458733102 0.0023837124923
16 1.05 1.60 0.05 -0.1184043018136 -0.1159711279292 0.0024331738844
18 1.05 1.60 0.05 -0.1186381863846 -0.1161797501558 0.0024584362289
20 1.05 1.60 0.05 -0.1187545850372 -0.1162862381331 0.0024683469041
22 1.05 1.60 0.05 -0.1188241947266 -0.1163524454690 0.0024717492576
24 1.05 1.60 0.05 -0.1188594804165 -0.1163858232770 0.0024736571395
10 1.1 1.60 0.05 -0.1015270288824 -0.0993409080264 0.0021861208560
12 1.1 1.60 0.05 -0.1024239517269 -0.1000892766775 0.0023346750494
14 1.1 1.60 0.05 -0.1029869800189 -0.1005670934751 0.0024198865438
16 1.1 1.60 0.05 -0.1032591182034 -0.1008086775528 0.0024504406505
18 1.1 1.60 0.05 -0.1034266085046 -0.1009586711374 0.0024679373672
20 1.1 1.60 0.05 -0.1035064574024 -0.1010328721921 0.0024735852104
22 1.1 1.60 0.05 -0.1035546314002 -0.1010775210723 0.0024771103279
24 1.1 1.60 0.05 -0.1035773634244 -0.1010991217539 0.0024782416704
10 1.15 1.60 0.05 -0.0892225044101 -0.0869547276705 0.0022677767395
12 1.15 1.60 0.05 -0.0899280096227 -0.0875447438815 0.0023832657412
14 1.15 1.60 0.05 -0.0903568762466 -0.0879127345283 0.0024441417183
16 1.15 1.60 0.05 -0.0905574020591 -0.0880929190319 0.0024644830272
18 1.15 1.60 0.05 -0.0906775082707 -0.0882016555736 0.0024758526971
20 1.15 1.60 0.05 -0.0907323492916 -0.0882523777584 0.0024799715332
22 1.15 1.60 0.05 -0.0907647695471 -0.0882826205963 0.0024821489508
24 1.15 1.60 0.05 -0.0907794428781 -0.0882966619935 0.0024827808846
10 1.2 1.60 0.05 -0.0788045676526 -0.0764713186308 0.0023332490218
12 1.2 1.60 0.05 -0.0793536775806 -0.0769378459154 0.0024158316652
14 1.2 1.60 0.05 -0.0796834722706 -0.0772224210850 0.0024610511856
16 1.2 1.60 0.05 -0.0798304155609 -0.0773560989253 0.0024743166356
18 1.2 1.60 0.05 -0.0799167036315 -0.0774342470558 0.0024824565756
20 1.2 1.60 0.05 -0.0799544342305 -0.0774698611794 0.0024845730511
22 1.2 1.60 0.05 -0.0799763022694 -0.0774903201779 0.0024859820915
24 1.2 1.60 0.05 -0.0799857955312 -0.0774994362646 0.0024863592666
10 1.25 1.60 0.05 -0.0699224602284 -0.0675428217671 0.0023796384613
12 1.25 1.60 0.05 -0.0703526811026 -0.0679113830811 0.0024412980215
14 1.25 1.60 0.05 -0.0706056741030 -0.0681327235836 0.0024729505194
16 1.25 1.60 0.05 -0.0707134713501 -0.0682313356309 0.0024821357192
18 1.25 1.60 0.05 -0.0707755930451 -0.0682882968473 0.0024872961979
20 1.25 1.60 0.05 -0.0708017191206 -0.0683130048153 0.0024887143053
22 1.25 1.60 0.05 -0.0708141384022 -0.0683268961188 0.0024872422834
24 1.25 1.60 0.05 -0.0708202552757 -0.0683328292269 0.0024874260489
10 1.3 1.60 0.05 -0.0623089028620 -0.0598945168731 0.0024143859890
12 1.3 1.60 0.05 -0.0626456674622 -0.0601864341724 0.0024592332898
14 1.3 1.60 0.05 -0.0628381319570 -0.0603577149758 0.0024804169812
16 1.3 1.60 0.05 -0.0629174471503 -0.0604311840267 0.0024862631236
18 1.3 1.60 0.05 -0.0629623162864 -0.0604724475096 0.0024898687768
20 1.3 1.60 0.05 -0.0629803010947 -0.0604896459351 0.0024906551595
22 1.3 1.60 0.05 -0.0629903379584 -0.0604990876206 0.0024912503378
24 1.3 1.60 0.05 -0.0629943466779 -0.0605029637977 0.0024913828802
10 1.35 1.60 0.05 -0.0557452525775 -0.0533064168672 0.0024388357104
12 1.35 1.60 0.05 -0.0560093780826 -0.0535382840014 0.0024710940812
14 1.35 1.60 0.05 -0.0561593339406 -0.0536713382733 0.0024879956673
16 1.35 1.60 0.05 -0.0562177618855 -0.0537258807783 0.0024918811072
18 1.35 1.60 0.05 -0.0562501829176 -0.0537558664663 0.0024943164512
20 1.35 1.60 0.05 -0.0562626408841 -0.0537678945935 0.0024947462907
22 1.35 1.60 0.05 -0.0562694668707 -0.0537743785123 0.0024950883584
24 1.35 1.60 0.05 -0.0562720824857 -0.0537769335092 0.0024951489765
