10 1.0 1.60 0.45 -0.1336271050719 0.0606500829982 0.1942771880701
12 1.0 1.60 0.45 -0.1351219099167 0.0619944068395 0.1971163167563
14 1.0 1.60 0.45 -0.1360791156931 0.0628601174199 0.1989392331130
16 1.0 1.60 0.45 -0.1365922196314 0.0633282237369 0.1999204433683
18 1.0 1.60 0.45 -0.1369193891408 0.0636261303411 0.2005455194819
20 1.0 1.60 0.45 -0.1370892962236 0.0637867812924 0.2008760775160
22 1.0 1.60 0.45 -0.1371963254969 0.0638893670184 0.2010856925153
24 1.0 1.60 0.45 -0.1372511742433 0.0639421012246 0.2011932754678
10 1.05 1.60 0.45 -0.1161385615367 0.0800432894830 0.1961818510197
12 1.05 1.60 0.45 -0.1172916256422 0.0810900096326 0.1983816352748
14 1.05 1.60 0.45 -0.1180295858025 0.0817537324643 0.1997833182667
16 1.05 1.60 0.45 -0.1184043018136 0.0820960472865 0.2005003491000
18 1.05 1.60 0.45 -0.1186381863846 0.0823145349584 0.2009527213430
20 1.05 1.60 0.45 -0.1187545850372 0.0824269028679 0.2011814879052
22 1.05 1.60 0.45 -0.1188241947266 0.0824937362009 0.2013179309274
24 1.05 1.60 0.45 -0.1188594804165 0.0825296273432 0.2013891077597
10 1.1 1.60 0.45 -0.1015270288824 0.0960924542626 0.1976194831450
12 1.1 1.60 0.45 -0.1024239517269 0.0969098431857 0.1993337949126
14 1.1 1.60 0.45 -0.1029869800189 0.0974208514465 0.2004078314654
16 1.1 1.60 0.45 -0.1032591182034 0.0976737884345 0.2009329066378
18 1.1 1.60 0.45 -0.1034266085046 0.0978322987525 0.2012589072571
20 1.1 1.60 0.45 -0.1035064574024 0.0979083150141 0.2014147724165
22 1.1 1.60 0.45 -0.1035546314002 0.0979548172327 0.2015094486330
24 1.1 1.60 0.45 -0.1035773634244 0.0979775734691 0.2015549368935
10 1.15 1.60 0.45 -0.0892225044101 0.1094831294577 0.1987056338678
12 1.15 1.60 0.45 -0.0899280096227 0.1101242609705 0.2000522705931
14 1.15 1.60 0.45 -0.0903568762466 0.1105159828194 0.2008728590660
16 1.15 1.60 0.45 -0.0905574020591 0.1107043929826 0.2012617950416
18 1.15 1.60 0.45 -0.0906775082707 0.1108188535729 0.2014963618436
20 1.15 1.60 0.45 -0.0907323492916 0.1108723473253 0.2016046966169
22 1.15 1.60 0.45 -0.0907647695471 0.1109038976610 0.2016686672081
24 1.15 1.60 0.45 -0.0907794428781 0.1109178912483 0.2016973341263
10 1.2 1.60 0.45 -0.0788045676526 0.1207411001082 0.1995456677608
12 1.2 1.60 0.45 -0.0793536775806 0.1212462630594 0.2005999406400
14 1.2 1.60 0.45 -0.0796834722706 0.1215482468659 0.2012317191365
16 1.2 1.60 0.45 -0.0798304155609 0.1216880641737 0.2015184797346
18 1.2 1.60 0.45 -0.0799167036315 0.1217702582684 0.2016869618999
20 1.2 1.60 0.45 -0.0799544342305 0.1218074890487 0.2017619232792
22 1.2 1.60 0.45 -0.0799763022694 0.1218288097282 0.2018051119976
24 1.2 1.60 0.45 -0.0799857955312 0.1218375300777 0.2018233256089
10 1.25 1.60 0.45 -0.0699224602284 0.1302735766486 0.2001960368770
12 1.25 1.60 0.45 -0.0703526811026 0.1306689392949 0.2010216203976
14 1.25 1.60 0.45 -0.0706056741030 0.1309038602890 0.2015095343919
16 1.25 1.60 0.45 -0.0707134713501 0.1310078862927 0.2017213576428
18 1.25 1.60 0.45 -0.0707755930451 0.1310664614858 0.2018420545310
20 1.25 1.60 0.45 -0.0708017191206 0.1310923630813 0.2018940822019
22 1.25 1.60 0.45 -0.0708141384022 0.1311068104500 0.2019209488522
24 1.25 1.60 0.45 -0.0708202552757 0.1311130763003 0.2019333315760
10 1.3 1.60 0.45 -0.0623089028620 0.1383953974160 0.2007043002780
12 1.3 1.60 0.45 -0.0626456674622 0.1387076577801 0.2013533252423
14 1.3 1.60 0.45 -0.0628381319570 0.1388894507759 0.2017275827330
16 1.3 1.60 0.45 -0.0629174471503 0.1389657686569 0.2018832158072
18 1.3 1.60 0.45 -0.0629623162864 0.1390089778816 0.2019712941680
20 1.3 1.60 0.45 -0.0629803010947 0.1390269373948 0.2020072384894
22 1.3 1.60 0.45 -0.0629903379584 0.1390368049825 0.2020271429409
24 1.3 1.60 0.45 -0.0629943466779 0.1390406522906 0.2020349989685
10 1.35 1.60 0.45 -0.0557452525775 0.1453563770420 0.2011016296195
12 1.35 1.60 0.45 -0.0560093780826 0.1456048195836 0.2016141976662
14 1.35 1.60 0.45 -0.0561593339406 0.1457446749774 0.2019040089180
16 1.35 1.60 0.45 -0.0562177618855 0.1458019573130 0.2020197191985
18 1.35 1.60 0.45 -0.0562501829176 0.1458333338650 0.2020835167826
20 1.35 1.60 0.45 -0.0562626408841 0.1458458524409 0.2021084933250
22 1.35 1.60 0.45 -0.0562694668707 0.1458525731639 0.2021220400345
24 1.35 1.60 0.45 -0.0562720824857 0.1458549379797 0.2021270204655
