10 0.8 0.20 0.10 -0.6484884935783 -0.6753466391366 -0.0268581455583
12 0.8 0.20 0.10 -0.6707795337343 -0.6867254024494 -0.0159458687152
14 0.8 0.20 0.10 -0.6845895878033 -0.6926336046858 -0.0080440168825
16 0.8 0.20 0.10 -0.6940822348567 -0.6969382067874 -0.0028559719307
18 0.8 0.20 0.10 -0.7001976201180 -0.6995014725099 0.0006961476081
20 0.8 0.20 0.10 -0.7041600926601 -0.7012095565648 0.0029505360954
22 0.8 0.20 0.10 -0.7057632663602 -0.7023059977782 0.0034572685820
24 0.8 0.20 0.10 -0.7073944517411 -0.7029371709470 0.0044572807941
10 0.85 0.20 0.10 -0.5634979225658 -0.5854210806792 -0.0219231581133
12 0.85 0.20 0.10 -0.5823807586261 -0.5945866653781 -0.0122059067520
14 0.85 0.20 0.10 -0.5939453363649 -0.5993331390725 -0.0053878027076
16 0.85 0.20 0.10 -0.6016319754254 -0.6026231779873 -0.0009912025619
18 0.85 0.20 0.10 -0.6062918635618 -0.6045703696830 0.0017214938787
20 0.85 0.20 0.10 -0.6093494882098 -0.6057947305773 0.0035547576325
22 0.85 0.20 0.10 -0.6113294055539 -0.6065729431748 0.0047564623791
24 0.85 0.20 0.10 -0.6124510274187 -0.6070332906010 0.0054177368178
10 0.9 0.20 0.10 -0.4948398693359 -0.5106459554881 -0.0158060861523
12 0.9 0.20 0.10 -0.5103816005733 -0.5180361836680 -0.0076545830947
14 0.9 0.20 0.10 -0.5197467711828 -0.5218546527599 -0.0021078815771
16 0.9 0.20 0.10 -0.5256996273681 -0.5243664529747 0.0013331743933
18 0.9 0.20 0.10 -0.5291175780556 -0.5258476784782 0.0032698995774
20 0.9 0.20 0.10 -0.5313378929437 -0.5267301335364 0.0046077594073
22 0.9 0.20 0.10 -0.5327483044932 -0.5272868496813 0.0054614548119
24 0.9 0.20 0.10 -0.5333750397305 -0.5275996106342 0.0057754290963
10 0.95 0.20 0.10 -0.4385661284087 -0.4486556743058 -0.0100895458971
12 0.95 0.20 0.10 -0.4508088977125 -0.4543711924633 -0.0035622947508
14 0.95 0.20 0.10 -0.4580322702589 -0.4572786343051 0.0007536359537
16 0.95 0.20 0.10 -0.4618974762558 -0.4590020818839 0.0028953943720
18 0.95 0.20 0.10 -0.4645762074680 -0.4600553671406 0.0045208403274
20 0.95 0.20 0.10 -0.4660843037099 -0.4606423179739 0.0054419857360
22 0.95 0.20 0.10 -0.4670270075949 -0.4610110626189 0.0060159449760
24 0.95 0.20 0.10 -0.4675386880288 -0.4612050183876 0.0063336696412
10 1.0 0.20 0.10 -0.3876631900283 -0.3947865222903 -0.0071233322620
12 1.0 0.20 0.10 -0.3980894354195 -0.3995985056154 -0.0015090701959
14 1.0 0.20 0.10 -0.4040936040406 -0.4020779611437 0.0020156428969
16 1.0 0.20 0.10 -0.4076258996499 -0.4035354918653 0.0040904077846
18 1.0 0.20 0.10 -0.4097537092651 -0.4043914540793 0.0053622551858
20 1.0 0.20 0.10 -0.4109103678855 -0.4048489525598 0.0060614153257
22 1.0 0.20 0.10 -0.4116178991760 -0.4051301389805 0.0064877601955
24 1.0 0.20 0.10 -0.4119886252341 -0.4052739725726 0.0067146526616
10 1.05 0.20 0.10 -0.3454453798391 -0.3495239689395 -0.0040785891003
12 1.05 0.20 0.10 -0.3539198720026 -0.3534091464406 0.0005107255620
14 1.05 0.20 0.10 -0.3588111242177 -0.3554019734623 0.0034091507553
16 1.05 0.20 0.10 -0.3615229488293 -0.3565174861263 0.0050054627030
18 1.05 0.20 0.10 -0.3631275976351 -0.3571648333267 0.0059627643084
20 1.05 0.20 0.10 -0.3639601873571 -0.3574933378449 0.0064668495122
22 1.05 0.20 0.10 -0.3644449106281 -0.3576960486116 0.0067488620165
24 1.05 0.20 0.10 -0.3646955364352 -0.3577933438496 0.0069021925856
10 1.1 0.20 0.10 -0.3090490355877 -0.3106910195584 -0.0016419839707
12 1.1 0.20 0.10 -0.3159703526729 -0.3138308077452 0.0021395449277
14 1.1 0.20 0.10 -0.3198987371615 -0.3154347304933 0.0044640066682
16 1.1 0.20 0.10 -0.3219630045350 -0.3162826438736 0.0056803606613
18 1.1 0.20 0.10 -0.3231711838384 -0.3167753234668 0.0063958603716
20 1.1 0.20 0.10 -0.3237694569998 -0.3170105245479 0.0067589324520
22 1.1 0.20 0.10 -0.3241218786308 -0.3171548757179 0.0069670029129
24 1.1 0.20 0.10 -0.3242910468808 -0.3172206705630 0.0070703763179
10 1.15 0.20 0.10 -0.2774336170492 -0.2771790395132 0.0002545775360
12 1.15 0.20 0.10 -0.2831282130483 -0.2797108059006 0.0034174071477
14 1.15 0.20 0.10 -0.2862680287860 -0.2810056920821 0.0052623367039
16 1.15 0.20 0.10 -0.2878568735659 -0.2816524352270 0.0062044383389
18 1.15 0.20 0.10 -0.2887649113574 -0.2820254828550 0.0067394285024
20 1.15 0.20 0.10 -0.2891941096208 -0.2821944540900 0.0069996555309
22 1.15 0.20 0.10 -0.2894424229557 -0.2822972446515 0.0071451783041
24 1.15 0.20 0.10 -0.2895565099758 -0.2823417463552 0.0072147636205
10 1.2 0.20 0.10 -0.2499284864433 -0.2481065189086 0.0018219675347
12 1.2 0.20 0.10 -0.2545554906601 -0.2501473422067 0.0044081484534
14 1.2 0.20 0.10 -0.2570824466304 -0.2511921534081 0.0058902932223
16 1.2 0.20 0.10 -0.2582955470985 -0.2516843773627 0.0066111697358
18 1.2 0.20 0.10 -0.2589772486823 -0.2519649092883 0.0070123393940
20 1.2 0.20 0.10 -0.2592848616698 -0.2520861865523 0.0071986751175
22 1.2 0.20 0.10 -0.2594597092345 -0.2521594708832 0.0073002383513
24 1.2 0.20 0.10 -0.2595366218518 -0.2521896129088 0.0073470089430
10 1.25 0.20 0.10 -0.2258352290731 -0.2227545038743 0.0030807251987
12 1.25 0.20 0.10 -0.2296083023067 -0.2244069748608 0.0052013274459
14 1.25 0.20 0.10 -0.2316311133534 -0.2252466714350 0.0063844419183
16 1.25 0.20 0.10 -0.2325559579789 -0.2256213772468 0.0069345807321
18 1.25 0.20 0.10 -0.2330673801710 -0.2258353189412 0.0072320612298
20 1.25 0.20 0.10 -0.2332887068754 -0.2259223425220 0.0073663643534
22 1.25 0.20 0.10 -0.2333919536176 -0.2259745904871 0.0074173631305
24 1.25 0.20 0.10 -0.2334434631974 -0.2259950109213 0.0074484522761
10 1.3 0.20 0.10 -0.2046623950504 -0.2005576247852 0.0041047702652
12 1.3 0.20 0.10 -0.2077291595924 -0.2018914696491 0.0058376899433
14 1.3 0.20 0.10 -0.2093301220344 -0.2025692974244 0.0067608246100
16 1.3 0.20 0.10 -0.2100355219252 -0.2028544331605 0.0071810887646
18 1.3 0.20 0.10 -0.2104194327343 -0.2030166377745 0.0074027949598
20 1.3 0.20 0.10 -0.2105773797236 -0.2030792102923 0.0074981694313
22 1.3 0.20 0.10 -0.2106641338118 -0.2031165028301 0.0075476309818
24 1.3 0.20 0.10 -0.2106991392186 -0.2031303555998 0.0075687836188
10 1.35 0.20 0.10 -0.1859616124381 -0.1810394102755 0.0049222021626
12 1.35 0.20 0.10 -0.1884529715247 -0.1821182715180 0.0063347000066
14 1.35 0.20 0.10 -0.1897485355428 -0.1826644217314 0.0070841138113
16 1.35 0.20 0.10 -0.1902860580391 -0.1828815199402 0.0074045380989
18 1.35 0.20 0.10 -0.1905736733688 -0.1830045298716 0.0075691434972
20 1.35 0.20 0.10 -0.1906868538837 -0.1830494702465 0.0076373836372
22 1.35 0.20 0.10 -0.1907479787036 -0.1830761363513 0.0076718423523
24 1.35 0.20 0.10 -0.1907716132577 -0.1830855526975 0.0076860605602
