10 1.0 0.20 0.50 -0.3876631900283 -0.3298877008352 0.0577754891931
12 1.0 0.20 0.50 -0.3980894354195 -0.3130338271893 0.0850556082302
14 1.0 0.20 0.50 -0.4040936040406 -0.2939324368441 0.1101611671965
16 1.0 0.20 0.50 -0.4076258996499 -0.2904352734632 0.1171906261867
18 1.0 0.20 0.50 -0.4097537092651 -0.2827974419625 0.1269562673025
20 1.0 0.20 0.50 -0.4109103678855 -0.2829256279531 0.1279847399323
22 1.0 0.20 0.50 -0.4116178991760 -0.2794999158144 0.1321179833617
24 1.0 0.20 0.50 -0.4119886252341 -0.2803581755369 0.1316304496972
10 1.05 0.20 0.50 -0.3454453798391 -0.2707373512070 0.0747080286321
12 1.05 0.20 0.50 -0.3539198720026 -0.2573863956357 0.0965334763669
14 1.05 0.20 0.50 -0.3588111242177 -0.2408999512142 0.1179111730034
16 1.05 0.20 0.50 -0.3615229488293 -0.2386749460968 0.1228480027325
18 1.05 0.20 0.50 -0.3631275976351 -0.2322716062681 0.1308559913670
20 1.05 0.20 0.50 -0.3639601873571 -0.2327973256600 0.1311628616971
22 1.05 0.20 0.50 -0.3644449106281 -0.2299749170202 0.1344699936079
24 1.05 0.20 0.50 -0.3646955364352 -0.2308933022599 0.1338022341752
10 1.1 0.20 0.50 -0.3090490355877 -0.2203903644917 0.0886586710960
12 1.1 0.20 0.50 -0.3159703526729 -0.2098179366408 0.1061524160322
14 1.1 0.20 0.50 -0.3198987371615 -0.1956758087943 0.1242229283673
16 1.1 0.20 0.50 -0.3219630045350 -0.1944604643166 0.1275025402184
18 1.1 0.20 0.50 -0.3231711838384 -0.1890563123349 0.1341148715035
20 1.1 0.20 0.50 -0.3237694569998 -0.1898410784909 0.1339283785089
22 1.1 0.20 0.50 -0.3241218786308 -0.1874378095281 0.1366840691027
24 1.1 0.20 0.50 -0.3242910468808 -0.1883640349073 0.1359270119735
10 1.15 0.20 0.50 -0.2774336170492 -0.1773949846263 0.1000386324229
12 1.15 0.20 0.50 -0.2831282130483 -0.1689852755902 0.1141429374581
14 1.15 0.20 0.50 -0.2862680287860 -0.1568395563572 0.1294284724288
16 1.15 0.20 0.50 -0.2878568735659 -0.1563349741580 0.1315218994079
18 1.15 0.20 0.50 -0.2887649113574 -0.1517450675203 0.1370198438370
20 1.15 0.20 0.50 -0.2891941096208 -0.1526887756022 0.1365053340186
22 1.15 0.20 0.50 -0.2894424229557 -0.1506490554480 0.1387933675077
24 1.15 0.20 0.50 -0.2895565099758 -0.1515493428012 0.1380071671745
10 1.2 0.20 0.50 -0.2499284864433 -0.1401684563934 0.1097600300499
12 1.2 0.20 0.50 -0.2545554906601 -0.1337174730010 0.1208380176591
14 1.2 0.20 0.50 -0.2570824466304 -0.1231920591134 0.1338903875170
16 1.2 0.20 0.50 -0.2582955470985 -0.1232457373132 0.1350498097853
18 1.2 0.20 0.50 -0.2589772486823 -0.1193218520599 0.1396553966224
20 1.2 0.20 0.50 -0.2592848616698 -0.1203513374245 0.1389335242453
22 1.2 0.20 0.50 -0.2594597092345 -0.1186065436375 0.1408531655970
24 1.2 0.20 0.50 -0.2595366218518 -0.1194605285286 0.1400760933232
10 1.25 0.20 0.50 -0.2258352290731 -0.1078865040434 0.1179487250296
12 1.25 0.20 0.50 -0.2296083023067 -0.1029947226814 0.1266135796253
14 1.25 0.20 0.50 -0.2316311133534 -0.0938691262619 0.1377619870914
16 1.25 0.20 0.50 -0.2325559579789 -0.0943330370313 0.1382229209476
18 1.25 0.20 0.50 -0.2330673801710 -0.0909568462178 0.1421105339532
20 1.25 0.20 0.50 -0.2332887068754 -0.0920175080499 0.1412711988255
22 1.25 0.20 0.50 -0.2333919536176 -0.0905696843898 0.1428222692278
24 1.25 0.20 0.50 -0.2334434631974 -0.0913644343538 0.1420790288437
10 1.3 0.20 0.50 -0.2046623950504 -0.0796709594110 0.1249914356394
12 1.3 0.20 0.50 -0.2077291595924 -0.0760916138211 0.1316375457713
14 1.3 0.20 0.50 -0.2093301220344 -0.0681957555109 0.1411343665234
16 1.3 0.20 0.50 -0.2100355219252 -0.0689544693148 0.1410810526103
18 1.3 0.20 0.50 -0.2104194327343 -0.0660306274299 0.1443888053044
20 1.3 0.20 0.50 -0.2105773797236 -0.0670903719305 0.1434870077931
22 1.3 0.20 0.50 -0.2106641338118 -0.0657873493016 0.1448767845102
24 1.3 0.20 0.50 -0.2106991392186 -0.0665208151043 0.1441783241143
10 1.35 0.20 0.50 -0.1859616124381 -0.0549426842849 0.1310189281531
12 1.35 0.20 0.50 -0.1884529715247 -0.0524338206915 0.1360191508331
14 1.35 0.20 0.50 -0.1897485355428 -0.0454846655230 0.1442638700198
16 1.35 0.20 0.50 -0.1902860580391 -0.0464494694462 0.1438365885929
18 1.35 0.20 0.50 -0.1905736733688 -0.0439035832207 0.1466700901480
20 1.35 0.20 0.50 -0.1906868538837 -0.0449369084160 0.1457499454677
22 1.35 0.20 0.50 -0.1907479787036 -0.0438005129368 0.1469474657667
24 1.35 0.20 0.50 -0.1907716132577 -0.0444709943641 0.1463006188936
