10 0.8 0.40 0.05 -0.5429665326066 -0.5472490835252 -0.0042825509186
12 0.8 0.40 0.05 -0.5590718050711 -0.5606530968468 -0.0015812917757
14 0.8 0.40 0.05 -0.5699634040487 -0.5696777492142 0.0002856548345
16 0.8 0.40 0.05 -0.5768803370964 -0.5756047764537 0.0012755606426
18 0.8 0.40 0.05 -0.5816386435550 -0.5797518611780 0.0018867823770
20 0.8 0.40 0.05 -0.5845577808705 -0.5824175836081 0.0021401972624
22 0.8 0.40 0.05 -0.5858055350905 -0.5842715913419 0.0015339437486
24 0.8 0.40 0.05 -0.5870186464446 -0.5854403864959 0.0015782599486
10 0.85 0.40 0.05 -0.4677716032769 -0.4720761066739 -0.0043045033970
12 0.85 0.40 0.05 -0.4812292975343 -0.4829394563034 -0.0017101587691
14 0.85 0.40 0.05 -0.4901951629822 -0.4901911051294 0.0000040578528
16 0.85 0.40 0.05 -0.4957282428501 -0.4947827157512 0.0009455270989
18 0.85 0.40 0.05 -0.4992934773538 -0.4979415100005 0.0013519673533
20 0.85 0.40 0.05 -0.5015198952946 -0.4998784929974 0.0016414022973
22 0.85 0.40 0.05 -0.5030162238681 -0.5011976484249 0.0018185754432
24 0.85 0.40 0.05 -0.5038392923083 -0.5019864116089 0.0018528806994
10 0.9 0.40 0.05 -0.4072293399381 -0.4099108514383 -0.0026815115001
12 0.9 0.40 0.05 -0.4181311962177 -0.4187314386034 -0.0006002423857
14 0.9 0.40 0.05 -0.4252822367050 -0.4245571819584 0.0007250547466
16 0.9 0.40 0.05 -0.4295072813826 -0.4281087042531 0.0013985771295
18 0.9 0.40 0.05 -0.4320823646655 -0.4305031663520 0.0015791983135
20 0.9 0.40 0.05 -0.4336777683871 -0.4319123943527 0.0017653740343
22 0.9 0.40 0.05 -0.4347263978169 -0.4328482699125 0.0018781279044
24 0.9 0.40 0.05 -0.4351790735027 -0.4333850195993 0.0017940539035
10 0.95 0.40 0.05 -0.3577705726481 -0.3628840032748 -0.0051134306267
12 0.95 0.40 0.05 -0.3661972492797 -0.3685639948167 -0.0023667455370
14 0.95 0.40 0.05 -0.3716422502743 -0.3721660221203 -0.0005237718460
16 0.95 0.40 0.05 -0.3743302230827 -0.3739476895469 0.0003825335359
18 0.95 0.40 0.05 -0.3763143806744 -0.3752323846812 0.0010819959931
20 0.95 0.40 0.05 -0.3773825445578 -0.3759029552852 0.0014795892726
22 0.95 0.40 0.05 -0.3780728718413 -0.3763461906224 0.0017266812189
24 0.95 0.40 0.05 -0.3784385259074 -0.3765743248042 0.0018642011032
10 1.0 0.40 0.05 -0.3138337167089 -0.3143486754263 -0.0005149587174
12 1.0 0.40 0.05 -0.3209272334092 -0.3201813076818 0.0007459257274
14 1.0 0.40 0.05 -0.3253774202759 -0.3239318270731 0.0014455932028
16 1.0 0.40 0.05 -0.3278181699297 -0.3260482609732 0.0017699089565
18 1.0 0.40 0.05 -0.3293675931480 -0.3274042028417 0.0019633903063
20 1.0 0.40 0.05 -0.3301773995637 -0.3281449105117 0.0020324890520
22 1.0 0.40 0.05 -0.3306871030931 -0.3286134219420 0.0020736811511
24 1.0 0.40 0.05 -0.3309487693876 -0.3288550101343 0.0020937592532
10 1.05 0.40 0.05 -0.2775046622256 -0.2773214291100 0.0001832331156
12 1.05 0.40 0.05 -0.2831857380441 -0.2820670805685 0.0011186574755
14 1.05 0.40 0.05 -0.2867553945830 -0.2850764651307 0.0016789294523
16 1.05 0.40 0.05 -0.2886053056615 -0.2866910071472 0.0019142985144
18 1.05 0.40 0.05 -0.2897557910694 -0.2877213788072 0.0020344122622
20 1.05 0.40 0.05 -0.2903314313096 -0.2882501503062 0.0020812810034
22 1.05 0.40 0.05 -0.2906754666594 -0.2885786318081 0.0020968348512
24 1.05 0.40 0.05 -0.2908501038645 -0.2887444613304 0.0021056425341
10 1.1 0.40 0.05 -0.2464363069379 -0.2457201406722 0.0007161662658
12 1.1 0.40 0.05 -0.2510116661359 -0.2495830741335 0.0014285920023
14 1.1 0.40 0.05 -0.2538365284295 -0.2519919694943 0.0018445589352
16 1.1 0.40 0.05 -0.2552269987927 -0.2532330303135 0.0019939684792
18 1.1 0.40 0.05 -0.2560801969483 -0.2540004165259 0.0020797804224
20 1.1 0.40 0.05 -0.2564887735797 -0.2543817414293 0.0021070321505
22 1.1 0.40 0.05 -0.2567351657724 -0.2546110553748 0.0021241103976
24 1.1 0.40 0.05 -0.2568515588935 -0.2547221155828 0.0021294433107
10 1.15 0.40 0.05 -0.2196723221222 -0.2185902781409 0.0010820439813
12 1.15 0.40 0.05 -0.2233881004831 -0.2217330038821 0.0016550966011
14 1.15 0.40 0.05 -0.2256135514821 -0.2236523134017 0.0019612380804
16 1.15 0.40 0.05 -0.2266711138915 -0.2246078115458 0.0020633023456
18 1.15 0.40 0.05 -0.2273029727699 -0.2251825115444 0.0021204612255
20 1.15 0.40 0.05 -0.2275925646104 -0.2254515936777 0.0021409709327
22 1.15 0.40 0.05 -0.2277637051327 -0.2256119558105 0.0021517493222
24 1.15 0.40 0.05 -0.2278412296188 -0.2256864735931 0.0021547560257
10 1.2 0.40 0.05 -0.1965631330993 -0.1951713213057 0.0013918117936
12 1.2 0.40 0.05 -0.1995428285679 -0.1977297583085 0.0018130702594
14 1.2 0.40 0.05 -0.2013082466404 -0.1992613045511 0.0020469420892
16 1.2 0.40 0.05 -0.2021062642951 -0.1999913548226 0.0021149094725
18 1.2 0.40 0.05 -0.2025738875383 -0.2004169568022 0.0021569307361
20 1.2 0.40 0.05 -0.2027790030894 -0.2006115187837 0.0021674843058
22 1.2 0.40 0.05 -0.2028978538021 -0.2007232474849 0.0021746063172
24 1.2 0.40 0.05 -0.2029494837359 -0.2007730647840 0.0021764189519
10 1.25 0.40 0.05 -0.1764778559157 -0.1748576623009 0.0016201936148
12 1.25 0.40 0.05 -0.1788775750168 -0.1769343288230 0.0019432461938
14 1.25 0.40 0.05 -0.1802712223572 -0.1781605473651 0.0021106749921
16 1.25 0.40 0.05 -0.1808727000184 -0.1787139682676 0.0021587317508
18 1.25 0.40 0.05 -0.1812186901063 -0.1790328863898 0.0021858037165
20 1.25 0.40 0.05 -0.1813645819168 -0.1791715820713 0.0021929998455
22 1.25 0.40 0.05 -0.1814339141956 -0.1792495372964 0.0021843768993
24 1.25 0.40 0.05 -0.1814680809106 -0.1792828503064 0.0021852306042
10 1.3 0.40 0.05 -0.1589581691430 -0.1571593525955 0.0017988165474
12 1.3 0.40 0.05 -0.1608851455796 -0.1588459949336 0.0020391506461
14 1.3 0.40 0.05 -0.1619736367102 -0.1598205296664 0.0021531070438
16 1.3 0.40 0.05 -0.1624273601022 -0.1602433555376 0.0021840045646
18 1.3 0.40 0.05 -0.1626836270151 -0.1604803564912 0.0022032705239
20 1.3 0.40 0.05 -0.1627865710315 -0.1605793514995 0.0022072195320
22 1.3 0.40 0.05 -0.1628440114264 -0.1606336857053 0.0022103257210
24 1.3 0.40 0.05 -0.1628669627405 -0.1606560012866 0.0022109614539
10 1.35 0.40 0.05 -0.1435995390422 -0.1416701596335 0.0019293794087
12 1.35 0.40 0.05 -0.1451468443641 -0.1430413588439 0.0021054855203
14 1.35 0.40 0.05 -0.1460158433649 -0.1438172608978 0.0021985824671
16 1.35 0.40 0.05 -0.1463578847801 -0.1441385619661 0.0022193228140
18 1.35 0.40 0.05 -0.1465474117863 -0.1443148941040 0.0022325176823
20 1.35 0.40 0.05 -0.1466203722600 -0.1443857541692 0.0022346180908
22 1.35 0.40 0.05 -0.1466603428365 -0.1444239449251 0.0022363979114
24 1.35 0.40 0.05 -0.1466756640418 -0.1444389989887 0.0022366650531
