10 0.8 0.30 0.30 -0.5921710001206 -0.5819167449795 0.0102542551411
12 0.8 0.30 0.30 -0.6109977360895 -0.5801047261825 0.0308930099070
14 0.8 0.30 0.30 -0.6233185066574 -0.5783370221857 0.0449814844717
16 0.8 0.30 0.30 -0.6313605822111 -0.5775932763095 0.0537673059016
18 0.8 0.30 0.30 -0.6367805287073 -0.5769682338127 0.0598122948946
20 0.8 0.30 0.30 -0.6401578093447 -0.5766628220962 0.0634949872485
22 0.8 0.30 0.30 -0.6415815737299 -0.5763658821407 0.0652156915892
24 0.8 0.30 0.30 -0.6429804809709 -0.5762415395314 0.0667389414395
10 0.85 0.30 0.30 -0.5122300808407 -0.4899329549607 0.0222971258800
12 0.85 0.30 0.30 -0.5280613547311 -0.4884981767743 0.0395631779568
14 0.85 0.30 0.30 -0.5382902990456 -0.4871249552447 0.0511653438008
16 0.85 0.30 0.30 -0.5447618210202 -0.4865581470019 0.0582036740183
18 0.85 0.30 0.30 -0.5488563796989 -0.4860889437572 0.0627674359417
20 0.85 0.30 0.30 -0.5514479741029 -0.4858677108170 0.0655802632859
22 0.85 0.30 0.30 -0.5531742139042 -0.4856936274069 0.0674805864972
24 0.85 0.30 0.30 -0.5541297945116 -0.4856079896233 0.0685218048883
10 0.9 0.30 0.30 -0.4477552695812 -0.4141544862233 0.0336007833579
12 0.9 0.30 0.30 -0.4606725766710 -0.4130103934285 0.0476621832425
14 0.9 0.30 0.30 -0.4688946459736 -0.4119439353604 0.0569507106131
16 0.9 0.30 0.30 -0.4738689646745 -0.4115136037592 0.0623553609154
18 0.9 0.30 0.30 -0.4768492829700 -0.4111616273447 0.0656876556253
20 0.9 0.30 0.30 -0.4787185415495 -0.4110023154562 0.0677162260933
22 0.9 0.30 0.30 -0.4799376873959 -0.4108781072934 0.0690595801025
24 0.9 0.30 0.30 -0.4804670372149 -0.4108197424742 0.0696472947407
10 0.95 0.30 0.30 -0.3949934194621 -0.3511049461869 0.0438884732752
12 0.95 0.30 0.30 -0.4050614965581 -0.3501957221420 0.0548657744161
14 0.95 0.30 0.30 -0.4113656773533 -0.3493601282179 0.0620055491354
16 0.95 0.30 0.30 -0.4145571682403 -0.3490327736441 0.0655243945963
18 0.95 0.30 0.30 -0.4168720183651 -0.3487677580392 0.0681042603259
20 0.95 0.30 0.30 -0.4181320172200 -0.3486527840613 0.0694792331587
22 0.95 0.30 0.30 -0.4189405141197 -0.3485639936857 0.0703765204340
