10 0.8 0.30 0.05 -0.5921710001206 -0.5975070205272 -0.0053360204066
12 0.8 0.30 0.05 -0.6109977360895 -0.6132523433640 -0.0022546072745
14 0.8 0.30 0.05 -0.6233185066574 -0.6234514374709 -0.0001329308134
16 0.8 0.30 0.05 -0.6313605822111 -0.6303622438672 0.0009983383439
18 0.8 0.30 0.05 -0.6367805287073 -0.6350890471436 0.0016914815637
20 0.8 0.30 0.05 -0.6401578093447 -0.6381778725767 0.0019799367680
22 0.8 0.30 0.05 -0.6415815737299 -0.6403015844848 0.0012799892450
24 0.8 0.30 0.05 -0.6429804809712 -0.6416510386984 0.0013294422728
10 0.85 0.30 0.05 -0.5122300808407 -0.5176491263154 -0.0054190454747
12 0.85 0.30 0.05 -0.5280613547311 -0.5305051633872 -0.0024438086561
14 0.85 0.30 0.05 -0.5382902990456 -0.5387688686423 -0.0004785695967
16 0.85 0.30 0.05 -0.5447618210202 -0.5441576832626 0.0006041377577
18 0.85 0.30 0.05 -0.5488563796989 -0.5477886242921 0.0010677554068
20 0.85 0.30 0.05 -0.5514479741029 -0.5500478452133 0.0014001288896
22 0.85 0.30 0.05 -0.5531742139042 -0.5515712458325 0.0016029680717
24 0.85 0.30 0.05 -0.5541297945119 -0.5524881918749 0.0016416026371
10 0.9 0.30 0.05 -0.4477552695812 -0.4513487813811 -0.0035935118000
12 0.9 0.30 0.05 -0.4606725766710 -0.4618618223331 -0.0011892456621
14 0.9 0.30 0.05 -0.4688946459736 -0.4685555256560 0.0003391203176
16 0.9 0.30 0.05 -0.4738689646745 -0.4727502842507 0.0011186804238
18 0.9 0.30 0.05 -0.4768492829700 -0.4755254096276 0.0013238733424
20 0.9 0.30 0.05 -0.4787185415495 -0.4771797542602 0.0015387872893
22 0.9 0.30 0.05 -0.4799376873959 -0.4782691037889 0.0016685836070
24 0.9 0.30 0.05 -0.4804670372149 -0.4788973192191 0.0015697179957
10 0.95 0.30 0.05 -0.3949934194621 -0.4014830719256 -0.0064896524636
12 0.95 0.30 0.05 -0.4050614965581 -0.4083590414578 -0.0032975448997
14 0.95 0.30 0.05 -0.4113656773533 -0.4125099711736 -0.0011442938203
16 0.95 0.30 0.05 -0.4145571682403 -0.4146427808202 -0.0000856125798
18 0.95 0.30 0.05 -0.4168720183651 -0.4161395666728 0.0007324516924
20 0.95 0.30 0.05 -0.4181320172200 -0.4169340526404 0.0011979645796
22 0.95 0.30 0.05 -0.4189405141197 -0.4174532790382 0.0014872350815
24 0.95 0.30 0.05 -0.4193707452156 -0.4177224088228 0.0016483363929
10 1.0 0.30 0.05 -0.3477150682796 -0.3488452803296 -0.0011302120500
12 1.0 0.30 0.05 -0.3562362915993 -0.3558904839359 0.0003458076633
14 1.0 0.30 0.05 -0.3614304284341 -0.3602696559259 0.0011607725082
16 1.0 0.30 0.05 -0.3643404960840 -0.3628003144615 0.0015401816225
18 1.0 0.30 0.05 -0.3661623694427 -0.3643967365781 0.0017656328646
20 1.0 0.30 0.05 -0.3671234024373 -0.3652774144569 0.0018459879804
22 1.0 0.30 0.05 -0.3677247993035 -0.3658310370299 0.0018937622736
24 1.0 0.30 0.05 -0.3680346621874 -0.3661175915902 0.0019170705972
10 1.05 0.30 0.05 -0.3085623562432 -0.3088898257493 -0.0003274695061
12 1.05 0.30 0.05 -0.3154319805366 -0.3146582059940 0.0007737745426
14 1.05 0.30 0.05 -0.3196298320406 -0.3181995195620 0.0014303124786
16 1.05 0.30 0.05 -0.3218488757723 -0.3201417429336 0.0017071328386
18 1.05 0.30 0.05 -0.3232115576960 -0.3213640550494 0.0018475026466
20 1.05 0.30 0.05 -0.3238989453946 -0.3219967042664 0.0019022411282
22 1.05 0.30 0.05 -0.3243077074726 -0.3223876443007 0.0019200631719
24 1.05 0.30 0.05 -0.3245158400888 -0.3225856166310 0.0019302234578
10 1.1 0.30 0.05 -0.2749487983405 -0.2746589790578 0.0002898192827
12 1.1 0.30 0.05 -0.2805160591932 -0.2793828440839 0.0011332151093
14 1.1 0.30 0.05 -0.2838619939158 -0.2822390567581 0.0016229371576
16 1.1 0.30 0.05 -0.2855398727883 -0.2837407056244 0.0017991671639
18 1.1 0.30 0.05 -0.2865575774137 -0.2846576232706 0.0018999541431
20 1.1 0.30 0.05 -0.2870484375111 -0.2851166588896 0.0019317786214
22 1.1 0.30 0.05 -0.2873431911086 -0.2853914658398 0.0019517252688
24 1.1 0.30 0.05 -0.2874827799671 -0.2855249009961 0.0019578789710
10 1.15 0.30 0.05 -0.2458767067621 -0.2451613629287 0.0007153438334
12 1.15 0.30 0.05 -0.2504245119682 -0.2490269519403 0.0013975600279
14 1.15 0.30 0.05 -0.2530788404225 -0.2513193291796 0.0017595112429
16 1.15 0.30 0.05 -0.2543622708282 -0.2524820150783 0.0018802557499
18 1.15 0.30 0.05 -0.2551210911338 -0.2531735037543 0.0019475873794
20 1.15 0.30 0.05 -0.2554710706774 -0.2534993878443 0.0019716828331
22 1.15 0.30 0.05 -0.2556771426659 -0.2536928488319 0.0019842938340
24 1.15 0.30 0.05 -0.2557706860335 -0.2537829383612 0.0019877476723
10 1.2 0.30 0.05 -0.2206839513450 -0.2196048384276 0.0010791129173
12 1.2 0.30 0.05 -0.2243521729971 -0.2227694004768 0.0015827725202
14 1.2 0.30 0.05 -0.2264721857416 -0.2246116346709 0.0018605510707
16 1.2 0.30 0.05 -0.2274460475869 -0.2255049561143 0.0019410914726
18 1.2 0.30 0.05 -0.2280113091300 -0.2260204759688 0.0019908331612
20 1.2 0.30 0.05 -0.2282606302693 -0.2262574887410 0.0020031415283
22 1.2 0.30 0.05 -0.2284046411033 -0.2263931466257 0.0020114944776
24 1.2 0.30 0.05 -0.2284673099270 -0.2264537404519 0.0020135694751
10 1.25 0.30 0.05 -0.1987066941198 -0.1973577527101 0.0013489414096
12 1.25 0.30 0.05 -0.2016772856906 -0.1999404216387 0.0017368640518
14 1.25 0.30 0.05 -0.2033618108153 -0.2014255420889 0.0019362687264
16 1.25 0.30 0.05 -0.2040998001956 -0.2021064524798 0.0019933477158
18 1.25 0.30 0.05 -0.2045206611075 -0.2024952497623 0.0020254113452
20 1.25 0.30 0.05 -0.2046989892788 -0.2026651766172 0.0020338126616
22 1.25 0.30 0.05 -0.2047834931539 -0.2027604149889 0.0020230781650
24 1.25 0.30 0.05 -0.2048252040022 -0.2028011737012 0.0020240303010
10 1.3 0.30 0.05 -0.1794693842894 -0.1779078249745 0.0015615593148
12 1.3 0.30 0.05 -0.1818675723365 -0.1800164438331 0.0018511285034
14 1.3 0.30 0.05 -0.1831914289418 -0.1812044819220 0.0019869470198
16 1.3 0.30 0.05 -0.1837510395836 -0.1817274618140 0.0020235777696
18 1.3 0.30 0.05 -0.1840646401218 -0.1820181812815 0.0020464588403
20 1.3 0.30 0.05 -0.1841911566798 -0.1821401437174 0.0020510129624
22 1.3 0.30 0.05 -0.1842615851728 -0.1822069203517 0.0020546648211
24 1.3 0.30 0.05 -0.1842897603455 -0.1822343799492 0.0020553803964
10 1.35 0.30 0.05 -0.1625458569642 -0.1608279814517 0.0017178755124
12 1.35 0.30 0.05 -0.1644814187513 -0.1625508680262 0.0019305507251
14 1.35 0.30 0.05 -0.1655448222581 -0.1635027308360 0.0020420914221
16 1.35 0.30 0.05 -0.1659688255226 -0.1639021891513 0.0020666363714
18 1.35 0.30 0.05 -0.1662020925419 -0.1641197733941 0.0020823191478
20 1.35 0.30 0.05 -0.1662922317850 -0.1642075448340 0.0020846869509
22 1.35 0.30 0.05 -0.1663415136259 -0.1642547507503 0.0020867628757
24 1.35 0.30 0.05 -0.1663604232626 -0.1642733775083 0.0020870457544
