10 0.8 0.10 0.05 -0.7130484961170 -0.7214099425851 -0.0083614464681
12 0.8 0.10 0.05 -0.7398223460902 -0.7439798294485 -0.0041574833583
14 0.8 0.10 0.05 -0.7550463934200 -0.7565810297832 -0.0015346363632
16 0.8 0.10 0.05 -0.7665186448083 -0.7664980929465 0.0000205518618
18 0.8 0.10 0.05 -0.7732526906880 -0.7724092454698 0.0008434452182
20 0.8 0.10 0.05 -0.7780399125814 -0.7767976412413 0.0012422713401
22 0.8 0.10 0.05 -0.7797636025357 -0.7794920227255 0.0002715798101
24 0.8 0.10 0.05 -0.7817236693966 -0.7813860816369 0.0003375877597
10 0.85 0.10 0.05 -0.6227208432188 -0.6313431347065 -0.0086222914877
12 0.85 0.10 0.05 -0.6456142233421 -0.6501582724575 -0.0045440491154
14 0.85 0.10 0.05 -0.6584529522847 -0.6605083849316 -0.0020554326468
16 0.85 0.10 0.05 -0.6678176140955 -0.6683826981203 -0.0005650840248
18 0.85 0.10 0.05 -0.6729829676728 -0.6729976361312 -0.0000146684584
20 0.85 0.10 0.05 -0.6766996688381 -0.6762599359805 0.0004397328576
22 0.85 0.10 0.05 -0.6789119026693 -0.6782265076389 0.0006853950303
24 0.85 0.10 0.05 -0.6802704512431 -0.6795334055683 0.0007370456748
10 0.9 0.10 0.05 -0.5496506773285 -0.5559548474148 -0.0063041700863
12 0.9 0.10 0.05 -0.5687062346524 -0.5716560226857 -0.0029497880333
14 0.9 0.10 0.05 -0.5791553509154 -0.5801588682519 -0.0010035173365
16 0.9 0.10 0.05 -0.5864837165264 -0.5863965459629 0.0000871705635
18 0.9 0.10 0.05 -0.5902891474182 -0.5899823055930 0.0003068418252
20 0.9 0.10 0.05 -0.5930121726553 -0.5924083632416 0.0006038094138
22 0.9 0.10 0.05 -0.5946005150545 -0.5938395388863 0.0007609761683
24 0.9 0.10 0.05 -0.5953719314787 -0.5947479429617 0.0006239885169
10 0.95 0.10 0.05 -0.4896822169946 -0.5001628181169 -0.0104806011223
12 0.95 0.10 0.05 -0.5049081082683 -0.5109366286628 -0.0060285203945
14 0.95 0.10 0.05 -0.5129823592867 -0.5161153594787 -0.0031330001920
16 0.95 0.10 0.05 -0.5178371242772 -0.5194849104238 -0.0016477861467
18 0.95 0.10 0.05 -0.5208442875843 -0.5213918089957 -0.0005475214113
20 0.95 0.10 0.05 -0.5227155595852 -0.5226127096144 0.0001028499707
22 0.95 0.10 0.05 -0.5237829979654 -0.5232895358687 0.0004934620967
