10 0.8 0.35 0.20 -0.5667445023798 -0.5775423782674 -0.0107978758875
12 0.8 0.35 0.20 -0.5841323717804 -0.5803733491889 0.0037590225916
14 0.8 0.35 0.20 -0.5957251834346 -0.5815736124284 0.0141515710062
16 0.8 0.35 0.20 -0.6031726055401 -0.5824451185527 0.0207274869873
18 0.8 0.35 0.20 -0.6082539850667 -0.5829518418829 0.0253021431838
20 0.8 0.35 0.20 -0.6113901221535 -0.5832594969652 0.0281306251883
22 0.8 0.35 0.20 -0.6127238881063 -0.5835118469727 0.0292120411336
24 0.8 0.35 0.20 -0.6140254672366 -0.5836278873542 0.0303975798825
10 0.85 0.35 0.20 -0.4892154083884 -0.4917441608322 -0.0025287524437
12 0.85 0.35 0.20 -0.5037894123875 -0.4939335643061 0.0098558480814
14 0.85 0.35 0.20 -0.5133725144651 -0.4948939819159 0.0184785325491
16 0.85 0.35 0.20 -0.5193476953708 -0.4955347362073 0.0238129591635
18 0.85 0.35 0.20 -0.5231703439719 -0.4959432759360 0.0272270680358
20 0.85 0.35 0.20 -0.5255696973436 -0.4961580813640 0.0294116159796
22 0.85 0.35 0.20 -0.5271771027437 -0.4963034625302 0.0308736402136
24 0.85 0.35 0.20 -0.5280632022192 -0.4963808441923 0.0316823580269
10 0.9 0.35 0.20 -0.4267393252721 -0.4210576898882 0.0056816353839
12 0.9 0.35 0.20 -0.4385864261446 -0.4227495268619 0.0158368992827
14 0.9 0.35 0.20 -0.4462592730692 -0.4235123001681 0.0227469729010
16 0.9 0.35 0.20 -0.4508366914087 -0.4239840800500 0.0268526113587
18 0.9 0.35 0.20 -0.4536081953132 -0.4243056995337 0.0293024957795
20 0.9 0.35 0.20 -0.4553331338208 -0.4244564835577 0.0308766502631
22 0.9 0.35 0.20 -0.4564638407438 -0.4245593347530 0.0319045059908
24 0.9 0.35 0.20 -0.4569528959924 -0.4246109578112 0.0323419381812
10 0.95 0.35 0.20 -0.3756564200604 -0.3622585907700 0.0133978292904
12 0.95 0.35 0.20 -0.3848499863662 -0.3635748497161 0.0212751366501
14 0.95 0.35 0.20 -0.3907127894189 -0.3641835768408 0.0265292125781
16 0.95 0.35 0.20 -0.3936364701279 -0.3645543662883 0.0290821038395
18 0.95 0.35 0.20 -0.3957802385139 -0.3647676264559 0.0310126120580
20 0.95 0.35 0.20 -0.3969389684569 -0.3648738280261 0.0320651404308
22 0.95 0.35 0.20 -0.3976859969913 -0.3649467522548 0.0327392447365
24 0.95 0.35 0.20 -0.3980822836631 -0.3649812843986 0.0331009992645
10 1.0 0.35 0.20 -0.3300846355620 -0.3129390599378 0.0171455756242
12 1.0 0.35 0.20 -0.3378442198696 -0.3139636990508 0.0238805208188
14 1.0 0.35 0.20 -0.3426546252343 -0.3144591542722 0.0281954709621
16 1.0 0.35 0.20 -0.3453153812323 -0.3147174838508 0.0305978973815
18 1.0 0.35 0.20 -0.3469957362961 -0.3148785378922 0.0321171984039
20 1.0 0.35 0.20 -0.3478768807179 -0.3149537590550 0.0329231216628
22 1.0 0.35 0.20 -0.3484304151635 -0.3150057138546 0.0334247013089
24 1.0 0.35 0.20 -0.3487149132986 -0.3150289358404 0.0336859774583
10 1.05 0.35 0.20 -0.2923745189077 -0.2712534415249 0.0211210773828
12 1.05 0.35 0.20 -0.2986086720180 -0.2720592532053 0.0265494188127
14 1.05 0.35 0.20 -0.3024814084505 -0.2724473266996 0.0300340817508
16 1.05 0.35 0.20 -0.3045040900360 -0.2726390846441 0.0318650053919
18 1.05 0.35 0.20 -0.3057561850877 -0.2727602600663 0.0329959250214
20 1.05 0.35 0.20 -0.3063844621869 -0.2728134202564 0.0335710419305
22 1.05 0.35 0.20 -0.3067593405559 -0.2728520583331 0.0339072822227
24 1.05 0.35 0.20 -0.3069498170505 -0.2728676260932 0.0340821909573
10 1.1 0.35 0.20 -0.2600636489419 -0.2357780282207 0.0242856207212
12 1.1 0.35 0.20 -0.2650994948636 -0.2364079493050 0.0286915455586
14 1.1 0.35 0.20 -0.2681749093255 -0.2367181254221 0.0314567839034
16 1.1 0.35 0.20 -0.2696996793916 -0.2368623450355 0.0328373343561
18 1.1 0.35 0.20 -0.2706313754344 -0.2369535699467 0.0336778054877
20 1.1 0.35 0.20 -0.2710786495746 -0.2369911979881 0.0340874515865
22 1.1 0.35 0.20 -0.2713480107223 -0.2370174268702 0.0343305838521
24 1.1 0.35 0.20 -0.2714753518186 -0.2370278875858 0.0344474642328
10 1.15 0.35 0.20 -0.2321751756294 -0.2054069322104 0.0267682434191
12 1.15 0.35 0.20 -0.2362764167601 -0.2058941628540 0.0303822539061
14 1.15 0.35 0.20 -0.2387074068526 -0.2061435991510 0.0325638077016
16 1.15 0.35 0.20 -0.2398703559850 -0.2062499199397 0.0336204360453
18 1.15 0.35 0.20 -0.2405625925459 -0.2063187238095 0.0342438687364
20 1.15 0.35 0.20 -0.2408805371925 -0.2063454275954 0.0345351095972
22 1.15 0.35 0.20 -0.2410682179225 -0.2063641164537 0.0347041014688
24 1.15 0.35 0.20 -0.2411532880310 -0.2063711599286 0.0347821281024
10 1.2 0.35 0.20 -0.2080527773572 -0.1792462140753 0.0288065632820
12 1.2 0.35 0.20 -0.2113507488697 -0.1796296802705 0.0317210685993
14 1.2 0.35 0.20 -0.2132855281734 -0.1798281527163 0.0334573754572
16 1.2 0.35 0.20 -0.2141654623877 -0.1799076115072 0.0342578508806
18 1.2 0.35 0.20 -0.2146793669796 -0.1799595838438 0.0347197831358
20 1.2 0.35 0.20 -0.2149052015345 -0.1799785777590 0.0349266237755
22 1.2 0.35 0.20 -0.2150359309632 -0.1799919216160 0.0350440093472
24 1.2 0.35 0.20 -0.2150927500701 -0.1799966749995 0.0350960750706
10 1.25 0.35 0.20 -0.1870492744113 -0.1566015345678 0.0304477398435
12 1.25 0.35 0.20 -0.1897123425023 -0.1569018857974 0.0328104567049
14 1.25 0.35 0.20 -0.1912444637603 -0.1570609202632 0.0341835434971
16 1.25 0.35 0.20 -0.1919094331438 -0.1571204454578 0.0347889876861
18 1.25 0.35 0.20 -0.1922908011636 -0.1571597714463 0.0351310297173
20 1.25 0.35 0.20 -0.1924518687059 -0.1571733139144 0.0352785547915
22 1.25 0.35 0.20 -0.1925283467318 -0.1571851998693 0.0353431468625
24 1.25 0.35 0.20 -0.1925660523679 -0.1571884127997 0.0353776395682
10 1.3 0.35 0.20 -0.1686975812878 -0.1369039652929 0.0317936159949
12 1.3 0.35 0.20 -0.1708414917670 -0.1371405550507 0.0337009367163
14 1.3 0.35 0.20 -0.1720416858208 -0.1372701664143 0.0347715194065
16 1.3 0.35 0.20 -0.1725445786606 -0.1373148289082 0.0352297497523
18 1.3 0.35 0.20 -0.1728278548373 -0.1373446135005 0.0354832413368
20 1.3 0.35 0.20 -0.1729418070795 -0.1373542847002 0.0355875223792
22 1.3 0.35 0.20 -0.1730053457586 -0.1373611295976 0.0356442161610
24 1.3 0.35 0.20 -0.1730307424183 -0.1373633093167 0.0356674331016
10 1.35 0.35 0.20 -0.1525824168465 -0.1196966472717 0.0328857695748
12 1.35 0.35 0.20 -0.1543081174639 -0.1198832682858 0.0344248491781
14 1.35 0.35 0.20 -0.1552690778888 -0.1199856521223 0.0352834257665
16 1.35 0.35 0.20 -0.1556491168283 -0.1200192783169 0.0356298385114
18 1.35 0.35 0.20 -0.1558591897466 -0.1200419061115 0.0358172836351
20 1.35 0.35 0.20 -0.1559401575629 -0.1200488378060 0.0358913197569
22 1.35 0.35 0.20 -0.1559844886828 -0.1200537624043 0.0359307262785
24 1.35 0.35 0.20 -0.1560014861196 -0.1200552456227 0.0359462404968
