10 0.8 0.05 0.05 -0.7488216373627 -0.7583122256177 -0.0094905882550
12 0.8 0.05 0.05 -0.7783050239221 -0.7831377858551 -0.0048327619330
14 0.8 0.05 0.05 -0.7941591051137 -0.7963185312502 -0.0021594261366
16 0.8 0.05 0.05 -0.8069135807874 -0.8073208797926 -0.0004072990052
18 0.8 0.05 0.05 -0.8138643969575 -0.8134710260936 0.0003933708639
20 0.8 0.05 0.05 -0.8192240568410 -0.8183638732137 0.0008601836273
22 0.8 0.05 0.05 -0.8209376789337 -0.8211610371101 -0.0002233581765
24 0.8 0.05 0.05 -0.8231391005764 -0.8232776394319 -0.0001385388554
10 0.85 0.05 0.05 -0.6557224084375 -0.6655329901377 -0.0098105817002
12 0.85 0.05 0.05 -0.6810785319037 -0.6863684018654 -0.0052898699617
14 0.85 0.05 0.05 -0.6944741500353 -0.6972078440588 -0.0027336940235
16 0.85 0.05 0.05 -0.7049450124408 -0.7060061441330 -0.0010611316922
18 0.85 0.05 0.05 -0.7102786556130 -0.7108142584837 -0.0005356028708
20 0.85 0.05 0.05 -0.7144598105194 -0.7144776997216 -0.0000178892022
22 0.85 0.05 0.05 -0.7167397852352 -0.7165227145448 0.0002170706904
24 0.85 0.05 0.05 -0.7182764957176 -0.7179935820381 0.0002829136795
10 0.9 0.05 0.05 -0.5803678763442 -0.5877156412384 -0.0073477648942
12 0.9 0.05 0.05 -0.6016195115349 -0.6052211880534 -0.0036016765184
14 0.9 0.05 0.05 -0.6125252876403 -0.6141371243290 -0.0016118366887
16 0.9 0.05 0.05 -0.6207811302632 -0.6211562846792 -0.0003751544160
18 0.9 0.05 0.05 -0.6247026377160 -0.6248975897492 -0.0001949520332
20 0.9 0.05 0.05 -0.6277885201208 -0.6276408577849 0.0001476623359
22 0.9 0.05 0.05 -0.6294268799405 -0.6291320460966 0.0002948338440
24 0.9 0.05 0.05 -0.6303143455089 -0.6301611298542 0.0001532156547
10 0.95 0.05 0.05 -0.5184930289148 -0.5304484953749 -0.0119554664601
12 0.95 0.05 0.05 -0.5356242364081 -0.5426307772132 -0.0070065408051
14 0.95 0.05 0.05 -0.5440305992412 -0.5479845931909 -0.0039539939497
16 0.95 0.05 0.05 -0.5495839443760 -0.5518746421481 -0.0022906977721
18 0.95 0.05 0.05 -0.5526880083188 -0.5538235259753 -0.0011355176564
20 0.95 0.05 0.05 -0.5548307153103 -0.5552417107834 -0.0004109954730
22 0.95 0.05 0.05 -0.5559289831443 -0.5559305729365 -0.0000015897922
