10 1.0 0.00 0.05 -0.4907800362944 -0.4958253285656 -0.0050452922712
12 1.0 0.00 0.05 -0.5076068910338 -0.5098108211489 -0.0022039301150
14 1.0 0.00 0.05 -0.5148562677835 -0.5161150157894 -0.0012587480060
16 1.0 0.00 0.05 -0.5207560932193 -0.5212252339458 -0.0004691407266
18 1.0 0.00 0.05 -0.5232533079354 -0.5235183721944 -0.0002650642590
20 1.0 0.00 0.05 -0.5252238244458 -0.5253005992269 -0.0000767747811
22 1.0 0.00 0.05 -0.5260406016144 -0.5260992219332 -0.0000586203187
24 1.0 0.00 0.05 -0.5266787055778 -0.5266806874271 -0.0000019818493
10 1.05 0.00 0.05 -0.4417763055909 -0.4455899921597 -0.0038136865687
12 1.05 0.00 0.05 -0.4558360394095 -0.4574288714512 -0.0015928320417
14 1.05 0.00 0.05 -0.4617672309331 -0.4626106133094 -0.0008433823763
16 1.05 0.00 0.05 -0.4664241563700 -0.4666652689387 -0.0002411125686
18 1.05 0.00 0.05 -0.4683106475753 -0.4684548882278 -0.0001442406525
20 1.05 0.00 0.05 -0.4697683381622 -0.4697778070931 -0.0000094689309
22 1.05 0.00 0.05 -0.4703250387839 -0.4703512088094 -0.0000261700255
24 1.05 0.00 0.05 -0.4707679824221 -0.4707645515022 0.0000034309199
10 1.1 0.00 0.05 -0.3991626506928 -0.4020064554894 -0.0028438047965
12 1.1 0.00 0.05 -0.4109606936503 -0.4120263030559 -0.0010656094055
14 1.1 0.00 0.05 -0.4157327480674 -0.4162740448217 -0.0005412967543
16 1.1 0.00 0.05 -0.4193811233436 -0.4195094698374 -0.0001283464938
18 1.1 0.00 0.05 -0.4208043678751 -0.4208729813515 -0.0000686134764
20 1.1 0.00 0.05 -0.4218805252165 -0.4218627333172 0.0000177918993
22 1.1 0.00 0.05 -0.4222895471322 -0.4222723248876 0.0000172222446
24 1.1 0.00 0.05 -0.4225965364010 -0.4225599661650 0.0000365702359
10 1.15 0.00 0.05 -0.3618062398348 -0.3639733364062 -0.0021670965714
12 1.15 0.00 0.05 -0.3717667929010 -0.3724451166644 -0.0006783237634
14 1.15 0.00 0.05 -0.3755841482751 -0.3759080800009 -0.0003239317258
16 1.15 0.00 0.05 -0.3784676913441 -0.3784912530172 -0.0000235616731
18 1.15 0.00 0.05 -0.3795394584810 -0.3795372730735 0.0000021854075
20 1.15 0.00 0.05 -0.3803326351136 -0.3802641122048 0.0000685229087
22 1.15 0.00 0.05 -0.3806216504356 -0.3805572982955 0.0000643521401
24 1.15 0.00 0.05 -0.3808342061256 -0.3807576918917 0.0000765142339
10 1.2 0.00 0.05 -0.3290335042816 -0.3306033016914 -0.0015697974097
12 1.2 0.00 0.05 -0.3373532303391 -0.3377659251286 -0.0004126947895
14 1.2 0.00 0.05 -0.3404332810030 -0.3405944902096 -0.0001612092066
16 1.2 0.00 0.05 -0.3426965224938 -0.3426427340346 0.0000537884591
18 1.2 0.00 0.05 -0.3435027681926 -0.3434342181339 0.0000685500587
20 1.2 0.00 0.05 -0.3440867566444 -0.3439785943990 0.0001081622454
22 1.2 0.00 0.05 -0.3442908467970 -0.3441874553874 0.0001033914096
24 1.2 0.00 0.05 -0.3444379533574 -0.3443266091289 0.0001113442285
10 1.25 0.00 0.05 -0.3000697934356 -0.3011881123084 -0.0011183188727
12 1.25 0.00 0.05 -0.3070392677624 -0.3072260390323 -0.0001867712700
14 1.25 0.00 0.05 -0.3095082058457 -0.3095461618646 -0.0000379560189
16 1.25 0.00 0.05 -0.3112819796907 -0.3111589858583 0.0001229938324
18 1.25 0.00 0.05 -0.3118880776117 -0.3117665555503 0.0001215220614
20 1.25 0.00 0.05 -0.3123192787459 -0.3121693754917 0.0001499032541
22 1.25 0.00 0.05 -0.3124328908876 -0.3123183675217 0.0001145233660
24 1.25 0.00 0.05 -0.3125341434009 -0.3124149986613 0.0001191447396
10 1.3 0.00 0.05 -0.2743960209755 -0.2751502368221 -0.0007542158467
12 1.3 0.00 0.05 -0.2802182130265 -0.2802401255173 -0.0000219124908
14 1.3 0.00 0.05 -0.2821690076805 -0.2821255577326 0.0000434499479
16 1.3 0.00 0.05 -0.2835591759592 -0.2834030243664 0.0001561515927
18 1.3 0.00 0.05 -0.2840153173864 -0.2838645069369 0.0001508104495
20 1.3 0.00 0.05 -0.2843315677844 -0.2841627975074 0.0001687702770
22 1.3 0.00 0.05 -0.2844334458065 -0.2842688876730 0.0001645581335
24 1.3 0.00 0.05 -0.2845039690730 -0.2843360785735 0.0001678904995
10 1.35 0.00 0.05 -0.2515164038546 -0.2519984235644 -0.0004820197098
12 1.35 0.00 0.05 -0.2563771729229 -0.2562902608993 0.0000869120236
14 1.35 0.00 0.05 -0.2579629620881 -0.2578255837285 0.0001373783596
16 1.35 0.00 0.05 -0.2590517476811 -0.2588326048500 0.0002191428311
18 1.35 0.00 0.05 -0.2593939873117 -0.2591834896129 0.0002104976988
20 1.35 0.00 0.05 -0.2596267511814 -0.2594048340420 0.0002219171394
22 1.35 0.00 0.05 -0.2596986982210 -0.2594811255172 0.0002175727038
24 1.35 0.00 0.05 -0.2597475805218 -0.2595281093235 0.0002194711983
