10 0.8 0.10 0.15 -0.7130484961170 -0.7557092686578 -0.0426607725408
12 0.8 0.10 0.15 -0.7398223460902 -0.7643034776733 -0.0244811315831
14 0.8 0.10 0.15 -0.7550463934200 -0.7677518378950 -0.0127054444750
16 0.8 0.10 0.15 -0.7665186448083 -0.7708692574568 -0.0043506126485
18 0.8 0.10 0.15 -0.7732526906880 -0.7723315218226 0.0009211688655
20 0.8 0.10 0.15 -0.7780399125814 -0.7735162602814 0.0045236523000
22 0.8 0.10 0.15 -0.7797636025357 -0.7741280601902 0.0056355423455
24 0.8 0.10 0.15 -0.7817236693966 -0.7745860035916 0.0071376658050
10 0.85 0.10 0.15 -0.6227208432188 -0.6567862379143 -0.0340653946955
12 0.85 0.10 0.15 -0.6456142233421 -0.6637567260084 -0.0181425026663
14 0.85 0.10 0.15 -0.6584529522847 -0.6665365495253 -0.0080835972405
16 0.85 0.10 0.15 -0.6678176140955 -0.6689373651811 -0.0011197510856
18 0.85 0.10 0.15 -0.6729829676728 -0.6700556535369 0.0029273141358
20 0.85 0.10 0.15 -0.6766996688381 -0.6709175285896 0.0057821402485
22 0.85 0.10 0.15 -0.6789119026693 -0.6713602234336 0.0075516792357
24 0.85 0.10 0.15 -0.6802704512431 -0.6716743291340 0.0085961221091
10 0.9 0.10 0.15 -0.5496506773285 -0.5743270636705 -0.0246763863421
12 0.9 0.10 0.15 -0.5687062346524 -0.5799913784490 -0.0112851437966
14 0.9 0.10 0.15 -0.5791553509154 -0.5822379543949 -0.0030826034795
16 0.9 0.10 0.15 -0.5864837165264 -0.5840874296308 0.0023962868956
18 0.9 0.10 0.15 -0.5902891474182 -0.5849440538069 0.0053450936113
20 0.9 0.10 0.15 -0.5930121726553 -0.5855706508723 0.0074415217830
22 0.9 0.10 0.15 -0.5946005150545 -0.5858912821488 0.0087092329058
24 0.9 0.10 0.15 -0.5953719314787 -0.5861064843646 0.0092654471140
10 0.95 0.10 0.15 -0.4896822169946 -0.5049449586245 -0.0152627416299
12 0.95 0.10 0.15 -0.5049081082683 -0.5095545706353 -0.0046464623670
14 0.95 0.10 0.15 -0.5129823592867 -0.5113741613062 0.0016081979806
16 0.95 0.10 0.15 -0.5178371242772 -0.5127990358770 0.0050380884001
18 0.95 0.10 0.15 -0.5208442875843 -0.5134561358937 0.0073881516906
20 0.95 0.10 0.15 -0.5227155595852 -0.5139114193216 0.0088041402636
22 0.95 0.10 0.15 -0.5237829979654 -0.5141438379633 0.0096391600021
