10 0.8 0.05 0.10 -0.7488216373627 -0.7875325918294 -0.0387109544667
12 0.8 0.05 0.10 -0.7783050239221 -0.8027953796376 -0.0244903557155
14 0.8 0.05 0.10 -0.7941591051137 -0.8095286872333 -0.0153695821197
16 0.8 0.05 0.10 -0.8069135807874 -0.8155319522537 -0.0086183714663
18 0.8 0.05 0.10 -0.8138643969575 -0.8184129431105 -0.0045485461530
20 0.8 0.05 0.10 -0.8192240568410 -0.8208431114563 -0.0016190546153
22 0.8 0.05 0.10 -0.8209376789337 -0.8220745814404 -0.0011369025067
24 0.8 0.05 0.10 -0.8231391005767 -0.8229867229467 0.0001523776300
10 0.85 0.05 0.10 -0.6557224084375 -0.6887283869915 -0.0330059785540
12 0.85 0.05 0.10 -0.6810785319037 -0.7013075361284 -0.0202290042247
14 0.85 0.05 0.10 -0.6944741500353 -0.7067398547152 -0.0122657046799
16 0.85 0.05 0.10 -0.7049450124408 -0.7114410463589 -0.0064960339181
18 0.85 0.05 0.10 -0.7102786556130 -0.7136420806707 -0.0033634250577
20 0.85 0.05 0.10 -0.7144598105194 -0.7154256039792 -0.0009657934598
22 0.85 0.05 0.10 -0.7167397852352 -0.7163060838474 0.0004337013878
24 0.85 0.05 0.10 -0.7182764957180 -0.7169797116767 0.0012967840413
10 0.9 0.05 0.10 -0.5803678763442 -0.6060545076887 -0.0256866313445
12 0.9 0.05 0.10 -0.6016195115349 -0.6164353932949 -0.0148158817599
14 0.9 0.05 0.10 -0.6125252876403 -0.6208264891181 -0.0083012014777
16 0.9 0.05 0.10 -0.6207811302632 -0.6245033186960 -0.0037221884328
18 0.9 0.05 0.10 -0.6247026377160 -0.6261893724672 -0.0014867347512
20 0.9 0.05 0.10 -0.6277885201208 -0.6275037865831 0.0002847335377
22 0.9 0.05 0.10 -0.6294268799405 -0.6281398117336 0.0012870682070
24 0.9 0.05 0.10 -0.6303143455089 -0.6286065931011 0.0017077524078
10 0.95 0.05 0.10 -0.5184930289148 -0.5372453524336 -0.0187523235188
12 0.95 0.05 0.10 -0.5356242364081 -0.5454920638424 -0.0098678274344
14 0.95 0.05 0.10 -0.5440305992412 -0.5488250845240 -0.0047944852828
16 0.95 0.05 0.10 -0.5495839443760 -0.5514429395674 -0.0018589951914
18 0.95 0.05 0.10 -0.5526880083188 -0.5526382633059 0.0000497450129
20 0.95 0.05 0.10 -0.5548307153103 -0.5535412239423 0.0012894913680
22 0.95 0.05 0.10 -0.5559289831443 -0.5539620310962 0.0019669520481
24 0.95 0.05 0.10 -0.5566513830702 -0.5542605991342 0.0023907839360
10 1.0 0.05 0.10 -0.4616498074301 -0.4767694462416 -0.0151196388115
12 1.0 0.05 0.10 -0.4764389289486 -0.4838542867179 -0.0074153577693
14 1.0 0.05 0.10 -0.4834964018105 -0.4867392400841 -0.0032428382737
16 1.0 0.05 0.10 -0.4885690266194 -0.4889770928229 -0.0004080662035
18 1.0 0.05 0.10 -0.4910669837625 -0.4899683399098 0.0010986438526
20 1.0 0.05 0.10 -0.4927264669031 -0.4906794230884 0.0020470438147
22 1.0 0.05 0.10 -0.4935635436283 -0.4910075156748 0.0025560279535
24 1.0 0.05 0.10 -0.4940911673067 -0.4912303754070 0.0028607918997
10 1.05 0.05 0.10 -0.4144181771057 -0.4257642189553 -0.0113460418496
12 1.05 0.05 0.10 -0.4266660116852 -0.4316214452207 -0.0049554335354
14 1.05 0.05 0.10 -0.4324559125363 -0.4339553897949 -0.0014994772586
16 1.05 0.05 0.10 -0.4364171729605 -0.4357073665918 0.0007098063688
18 1.05 0.05 0.10 -0.4383158609374 -0.4364641112023 0.0018517497352
20 1.05 0.05 0.10 -0.4395284488870 -0.4369853570526 0.0025430918344
22 1.05 0.05 0.10 -0.4401059225293 -0.4372252852665 0.0028806372627
24 1.05 0.05 0.10 -0.4404673236118 -0.4373787861141 0.0030885374976
10 1.1 0.05 0.10 -0.3734341680154 -0.3817237225294 -0.0082895545140
12 1.1 0.05 0.10 -0.3836205183683 -0.3865702712975 -0.0029497529292
14 1.1 0.05 0.10 -0.3882979517082 -0.3884629056307 -0.0001649539225
16 1.1 0.05 0.10 -0.3913660784325 -0.3898257794160 0.0015402990165
18 1.1 0.05 0.10 -0.3928077039195 -0.3904083450935 0.0023993588260
20 1.1 0.05 0.10 -0.3936917780628 -0.3907892821016 0.0029024959612
22 1.1 0.05 0.10 -0.3941174061029 -0.3909624098228 0.0031549962800
24 1.1 0.05 0.10 -0.3943644897893 -0.3910680559370 0.0032964338523
10 1.15 0.05 0.10 -0.3375889599487 -0.3434740949529 -0.0058851350043
12 1.15 0.05 0.10 -0.3461142189670 -0.3474763809210 -0.0013621619540
14 1.15 0.05 0.10 -0.3498740242388 -0.3490179021580 0.0008561220808
16 1.15 0.05 0.10 -0.3522728299164 -0.3500808490496 0.0021919808667
18 1.15 0.05 0.10 -0.3533657981795 -0.3505270304420 0.0028387677375
20 1.15 0.05 0.10 -0.3540091038009 -0.3508061046710 0.0032029991299
22 1.15 0.05 0.10 -0.3543122510563 -0.3509311098233 0.0033811412331
24 1.15 0.05 0.10 -0.3544809754337 -0.3510038031654 0.0034771722683
10 1.2 0.05 0.10 -0.3062077267102 -0.3100796080738 -0.0038718813636
12 1.2 0.05 0.10 -0.3132613227707 -0.3133837399504 -0.0001224171797
14 1.2 0.05 0.10 -0.3163083344218 -0.3146394232501 0.0016689111717
16 1.2 0.05 0.10 -0.3181695083016 -0.3154666077061 0.0027029005955
18 1.2 0.05 0.10 -0.3189974984984 -0.3158058349231 0.0031916635753
20 1.2 0.05 0.10 -0.3194649977562 -0.3160100382170 0.0034549595393
22 1.2 0.05 0.10 -0.3196808198892 -0.3161004702894 0.0035803495998
24 1.2 0.05 0.10 -0.3197959598638 -0.3161505340937 0.0036454257701
10 1.25 0.05 0.10 -0.2785359481867 -0.2807710732755 -0.0022351250888
12 1.25 0.05 0.10 -0.2843890641430 -0.2835094331009 0.0008796310421
14 1.25 0.05 0.10 -0.2868443257052 -0.2845281917418 0.0023161339634
16 1.25 0.05 0.10 -0.2882858408792 -0.2851718295575 0.0031140113218
18 1.25 0.05 0.10 -0.2889128281223 -0.2854341935603 0.0034786345620
20 1.25 0.05 0.10 -0.2892536170165 -0.2855835373361 0.0036700796804
22 1.25 0.05 0.10 -0.2893799175154 -0.2856489817704 0.0037309357451
24 1.25 0.05 0.10 -0.2894579894553 -0.2856834606790 0.0037745287763
10 1.3 0.05 0.10 -0.2540609272948 -0.2549480282147 -0.0008871009199
12 1.3 0.05 0.10 -0.2589027035678 -0.2572111802873 0.0016915232805
14 1.3 0.05 0.10 -0.2608563282900 -0.2580425687317 0.0028137595584
16 1.3 0.05 0.10 -0.2619727203117 -0.2585431080800 0.0034296122317
18 1.3 0.05 0.10 -0.2624479943148 -0.2587447265356 0.0037032677793
20 1.3 0.05 0.10 -0.2626945036220 -0.2588541131307 0.0038403904913
22 1.3 0.05 0.10 -0.2628040379937 -0.2589015476796 0.0039024903141
24 1.3 0.05 0.10 -0.2628576823435 -0.2589253177432 0.0039323646003
10 1.35 0.05 0.10 -0.2322992528239 -0.2320977246523 0.0002015281717
12 1.35 0.05 0.10 -0.2363012728572 -0.2339713380826 0.0023299347746
14 1.35 0.05 0.10 -0.2378960795255 -0.2346486877003 0.0032473918252
16 1.35 0.05 0.10 -0.2387597822581 -0.2350380540032 0.0037217282550
18 1.35 0.05 0.10 -0.2391192493055 -0.2351930924348 0.0039261568707
20 1.35 0.05 0.10 -0.2392981990326 -0.2352731254480 0.0040250735846
22 1.35 0.05 0.10 -0.2393762476509 -0.2353075818784 0.0040686657725
24 1.35 0.05 0.10 -0.2394128848109 -0.2353239968485 0.0040888879624
