10 0.8 1.60 0.15 -0.2516738065505 -0.2384036409331 0.0132701656174
12 0.8 1.60 0.15 -0.2557213218417 -0.2393976283744 0.0163236934673
14 0.8 1.60 0.15 -0.2585584630926 -0.2400912368098 0.0184672262828
16 0.8 1.60 0.15 -0.2602960485891 -0.2404666481579 0.0198294004313
18 0.8 1.60 0.15 -0.2615054782983 -0.2407374686888 0.0207680096096
20 0.8 1.60 0.15 -0.2622377623159 -0.2408856338239 0.0213521284920
22 0.8 1.60 0.15 -0.2625523845376 -0.2409936382982 0.0215587462394
24 0.8 1.60 0.15 -0.2628565914477 -0.2410528875121 0.0218037039356
10 0.85 1.60 0.15 -0.2119330456656 -0.1966675538077 0.0152654918580
12 0.85 1.60 0.15 -0.2151629856508 -0.1974061749039 0.0177568107468
14 0.85 1.60 0.15 -0.2173779732981 -0.1979193505372 0.0194586227609
16 0.85 1.60 0.15 -0.2187023888671 -0.1981852596662 0.0205171292009
18 0.85 1.60 0.15 -0.2195632431933 -0.1983755998777 0.0211876433156
20 0.85 1.60 0.15 -0.2200950350562 -0.1984750941048 0.0216199409514
22 0.85 1.60 0.15 -0.2204532244395 -0.1985469099514 0.0219063144881
24 0.85 1.60 0.15 -0.2206495426401 -0.1985845180750 0.0220650245651
10 0.9 1.60 0.15 -0.1803918830546 -0.1632593388465 0.0171325442082
12 0.9 1.60 0.15 -0.1828897273507 -0.1638113687615 0.0190783585892
14 0.9 1.60 0.15 -0.1845705864807 -0.1641933230435 0.0203772634372
16 0.9 1.60 0.15 -0.1855358531861 -0.1643825238396 0.0211533293465
18 0.9 1.60 0.15 -0.1861284429111 -0.1645169494408 0.0216114934703
20 0.9 1.60 0.15 -0.1864922182351 -0.1645839994443 0.0219082187908
22 0.9 1.60 0.15 -0.1867316949969 -0.1646319523879 0.0220997426091
24 0.9 1.60 0.15 -0.1868347715720 -0.1646558928726 0.0221788786994
10 0.95 1.60 0.15 -0.1549936977135 -0.1362186334498 0.0187750642637
12 0.95 1.60 0.15 -0.1568362671575 -0.1366333487438 0.0202029184137
14 0.95 1.60 0.15 -0.1580578136091 -0.1369191827972 0.0211386308118
16 0.95 1.60 0.15 -0.1586447828355 -0.1370543560762 0.0215904267593
18 0.95 1.60 0.15 -0.1590813528942 -0.1371497192418 0.0219316336524
20 0.95 1.60 0.15 -0.1593145633022 -0.1371950570644 0.0221195062378
22 0.95 1.60 0.15 -0.1594654912053 -0.1372272049798 0.0222382862255
24 0.95 1.60 0.15 -0.1595452542721 -0.1372424934577 0.0223027608144
10 1.0 1.60 0.15 -0.1336271050719 -0.1141111462486 0.0195159588233
12 1.0 1.60 0.15 -0.1351219099167 -0.1144241595355 0.0206977503812
14 1.0 1.60 0.15 -0.1360791156931 -0.1146391465018 0.0214399691913
16 1.0 1.60 0.15 -0.1365922196314 -0.1147360791250 0.0218561405064
18 1.0 1.60 0.15 -0.1369193891408 -0.1148040135546 0.0221153755862
20 1.0 1.60 0.15 -0.1370892962236 -0.1148347680123 0.0222545282113
22 1.0 1.60 0.15 -0.1371963254969 -0.1148564046111 0.0223399208858
24 1.0 1.60 0.15 -0.1372511742433 -0.1148661983823 0.0223849758610
10 1.05 1.60 0.15 -0.1161385615367 -0.0958713898547 0.0202671716821
12 1.05 1.60 0.15 -0.1172916256422 -0.0961086906260 0.0211829350162
14 1.05 1.60 0.15 -0.1180295858025 -0.0962711169429 0.0217584688595
16 1.05 1.60 0.15 -0.1184043018136 -0.0963408813193 0.0220634204942
18 1.05 1.60 0.15 -0.1186381863846 -0.0963894777887 0.0222487085960
20 1.05 1.60 0.15 -0.1187545850372 -0.0964104090986 0.0223441759386
22 1.05 1.60 0.15 -0.1188241947266 -0.0964250305721 0.0223991641545
24 1.05 1.60 0.15 -0.1188594804165 -0.0964313255033 0.0224281549133
10 1.1 1.60 0.15 -0.1015270288824 -0.0806969825122 0.0208300463702
12 1.1 1.60 0.15 -0.1024239517269 -0.0808776311039 0.0215463206230
14 1.1 1.60 0.15 -0.1029869800189 -0.0810008794412 0.0219861005777
16 1.1 1.60 0.15 -0.1032591182034 -0.0810512621438 0.0222078560596
18 1.1 1.60 0.15 -0.1034266085046 -0.0810861642996 0.0223404442051
20 1.1 1.60 0.15 -0.1035064574024 -0.0811004574134 0.0224059999890
22 1.1 1.60 0.15 -0.1035546314002 -0.0811103784642 0.0224442529360
24 1.1 1.60 0.15 -0.1035773634244 -0.0811144385713 0.0224629248530
10 1.15 1.60 0.15 -0.0892225044101 -0.0679761452475 0.0212463591626
12 1.15 1.60 0.15 -0.0899280096227 -0.0681141530330 0.0218138565896
14 1.15 1.60 0.15 -0.0903568762466 -0.0682080617126 0.0221488145340
16 1.15 1.60 0.15 -0.0905574020591 -0.0682445700621 0.0223128319969
18 1.15 1.60 0.15 -0.0906775082707 -0.0682697366146 0.0224077716561
20 1.15 1.60 0.15 -0.0907323492916 -0.0682795297356 0.0224528195560
22 1.15 1.60 0.15 -0.0907647695471 -0.0682862894427 0.0224784801044
24 1.15 1.60 0.15 -0.0907794428781 -0.0682889177132 0.0224905251649
10 1.2 1.60 0.15 -0.0788045676526 -0.0572369449478 0.0215676227047
12 1.2 1.60 0.15 -0.0793536775806 -0.0573427604255 0.0220109171551
14 1.2 1.60 0.15 -0.0796834722706 -0.0574146021017 0.0222688701690
16 1.2 1.60 0.15 -0.0798304155609 -0.0574411450363 0.0223892705246
18 1.2 1.60 0.15 -0.0799167036315 -0.0574593638915 0.0224573397400
20 1.2 1.60 0.15 -0.0799544342305 -0.0574660972341 0.0224883369965
22 1.2 1.60 0.15 -0.0799763022694 -0.0574707226213 0.0225055796481
24 1.2 1.60 0.15 -0.0799857955312 -0.0574724305670 0.0225133649642
10 1.25 1.60 0.15 -0.0699224602284 -0.0481116571342 0.0218108030942
12 1.25 1.60 0.15 -0.0703526811026 -0.0481930706744 0.0221596104282
14 1.25 1.60 0.15 -0.0706056741030 -0.0482482423086 0.0223574317943
16 1.25 1.60 0.15 -0.0707134713501 -0.0482676052720 0.0224458660781
18 1.25 1.60 0.15 -0.0707755930451 -0.0482808472029 0.0224947458423
20 1.25 1.60 0.15 -0.0708017191206 -0.0482854935502 0.0225162255704
22 1.25 1.60 0.15 -0.0708141384022 -0.0482886723884 0.0225254660138
24 1.25 1.60 0.15 -0.0708202552757 -0.0482897867775 0.0225304684982
10 1.3 1.60 0.15 -0.0623089028620 -0.0403109331875 0.0219979696745
12 1.3 1.60 0.15 -0.0626456674622 -0.0403737869170 0.0222718805453
14 1.3 1.60 0.15 -0.0628381319570 -0.0404163172648 0.0224218146922
16 1.3 1.60 0.15 -0.0629174471503 -0.0404304905315 0.0224869566188
18 1.3 1.60 0.15 -0.0629623162864 -0.0404401435778 0.0225221727086
20 1.3 1.60 0.15 -0.0629803010947 -0.0404433597547 0.0225369413400
22 1.3 1.60 0.15 -0.0629903379584 -0.0404455526636 0.0225447852949
24 1.3 1.60 0.15 -0.0629943466779 -0.0404462822476 0.0225480644303
10 1.35 1.60 0.15 -0.0557452525775 -0.0336050908939 0.0221401616836
12 1.35 1.60 0.15 -0.0560093780826 -0.0336537757863 0.0223556022963
14 1.35 1.60 0.15 -0.0561593339406 -0.0336866802504 0.0224726536902
16 1.35 1.60 0.15 -0.0562177618855 -0.0336970853794 0.0225206765061
18 1.35 1.60 0.15 -0.0562501829176 -0.0337041617675 0.0225460211501
20 1.35 1.60 0.15 -0.0562626408841 -0.0337063978230 0.0225562430612
22 1.35 1.60 0.15 -0.0562694668707 -0.0337079184703 0.0225615484004
24 1.35 1.60 0.15 -0.0562720824857 -0.0337083985836 0.0225636839021
