10 0.8 0.80 0.20 -0.3992921387525 -0.3855446352483 0.0137475035042
12 0.8 0.80 0.20 -0.4086804190705 -0.3866962553217 0.0219841637488
14 0.8 0.80 0.20 -0.4152760259376 -0.3874377502221 0.0278382757155
16 0.8 0.80 0.20 -0.4193463118214 -0.3878334059596 0.0315129058618
18 0.8 0.80 0.20 -0.4221872192329 -0.3881191086767 0.0340681105562
20 0.8 0.80 0.20 -0.4239117374510 -0.3882710713476 0.0356406661033
22 0.8 0.80 0.20 -0.4246535096679 -0.3884083182525 0.0362451914154
24 0.8 0.80 0.20 -0.4253712805574 -0.3884681753528 0.0369031052045
10 0.85 0.80 0.20 -0.3399510679305 -0.3210246916718 0.0189263762587
12 0.85 0.80 0.20 -0.3476334775722 -0.3218885713723 0.0257449061999
14 0.85 0.80 0.20 -0.3529213332400 -0.3224528613330 0.0304684719071
16 0.85 0.80 0.20 -0.3561054034601 -0.3227382643629 0.0333671390972
18 0.85 0.80 0.20 -0.3581808737185 -0.3229589396007 0.0352219341178
20 0.85 0.80 0.20 -0.3594659456497 -0.3230628510401 0.0364030946096
22 0.85 0.80 0.20 -0.3603326369454 -0.3231394763187 0.0371931606268
24 0.85 0.80 0.20 -0.3608080664800 -0.3231784280366 0.0376296384434
10 0.9 0.80 0.20 -0.2924864804607 -0.2686874932649 0.0237989871958
12 0.9 0.80 0.20 -0.2985740373719 -0.2693362807455 0.0292377566265
14 0.9 0.80 0.20 -0.3026877894974 -0.2697643734418 0.0329234160556
16 0.9 0.80 0.20 -0.3050653113440 -0.2699707027988 0.0350946085452
18 0.9 0.80 0.20 -0.3065287495299 -0.2701378755326 0.0363908739974
20 0.9 0.80 0.20 -0.3074288902680 -0.2702093234843 0.0372195667838
22 0.9 0.80 0.20 -0.3080221316574 -0.2702617512947 0.0377603803627
24 0.9 0.80 0.20 -0.3082776487152 -0.2702871047197 0.0379905439955
10 0.95 0.80 0.20 -0.2539662216082 -0.2258038963315 0.0281623252767
12 0.95 0.80 0.20 -0.2585636675699 -0.2262964863592 0.0322671812107
14 0.95 0.80 0.20 -0.2616234214031 -0.2266236999032 0.0349997215000
16 0.95 0.80 0.20 -0.2631016922734 -0.2267843607863 0.0363173314871
18 0.95 0.80 0.20 -0.2642035354889 -0.2268918430606 0.0373116924283
20 0.95 0.80 0.20 -0.2647931291963 -0.2269411364781 0.0378519927182
22 0.95 0.80 0.20 -0.2651750433666 -0.2269771499195 0.0381978934471
