10 1.0 0.40 0.40 -0.3138337167089 -0.2028949953185 0.1109387213904
12 1.0 0.40 0.40 -0.3209272334092 -0.1991309564326 0.1217962769767
14 1.0 0.40 0.40 -0.3253774202759 -0.1966673528801 0.1287100673958
16 1.0 0.40 0.40 -0.3278181699297 -0.1954837328562 0.1323344370735
18 1.0 0.40 0.40 -0.3293675931480 -0.1946972906187 0.1346703025293
20 1.0 0.40 0.40 -0.3301773995637 -0.1943118824020 0.1358655171617
22 1.0 0.40 0.40 -0.3306871030931 -0.1940575992404 0.1366295038527
24 1.0 0.40 0.40 -0.3309487693876 -0.1939352216207 0.1370135477669
10 1.05 0.40 0.40 -0.2775046622256 -0.1598232779698 0.1176813842558
12 1.05 0.40 0.40 -0.2831857380441 -0.1567928079339 0.1263929301102
14 1.05 0.40 0.40 -0.2867553945830 -0.1548378723281 0.1319175222550
16 1.05 0.40 0.40 -0.2886053056615 -0.1539282169243 0.1346770887372
18 1.05 0.40 0.40 -0.2897557910694 -0.1533321351818 0.1364236558876
20 1.05 0.40 0.40 -0.2903314313096 -0.1530543579771 0.1372770733325
22 1.05 0.40 0.40 -0.2906754666594 -0.1528728965435 0.1378025701159
24 1.05 0.40 0.40 -0.2908501038645 -0.1527910245014 0.1380590793631
10 1.1 0.40 0.40 -0.2464363069379 -0.1233236208600 0.1231126860779
12 1.1 0.40 0.40 -0.2510116661359 -0.1208814683188 0.1301301978171
14 1.1 0.40 0.40 -0.2538365284295 -0.1193247450951 0.1345117833344
16 1.1 0.40 0.40 -0.2552269987927 -0.1186274033266 0.1365995954661
18 1.1 0.40 0.40 -0.2560801969483 -0.1181814149314 0.1378987820169
20 1.1 0.40 0.40 -0.2564887735797 -0.1179811939503 0.1385075796294
22 1.1 0.40 0.40 -0.2567351657724 -0.1178520223782 0.1388831433941
24 1.1 0.40 0.40 -0.2568515588935 -0.1177938799860 0.1390576789076
10 1.15 0.40 0.40 -0.2196723221222 -0.0921824325286 0.1274898895936
12 1.15 0.40 0.40 -0.2233881004831 -0.0902192513811 0.1331688491020
14 1.15 0.40 0.40 -0.2256135514821 -0.0889676823866 0.1366458690956
16 1.15 0.40 0.40 -0.2266711138915 -0.0884382609612 0.1382328529303
18 1.15 0.40 0.40 -0.2273029727699 -0.0880984135671 0.1392045592028
20 1.15 0.40 0.40 -0.2275925646104 -0.0879541567096 0.1396384079008
22 1.15 0.40 0.40 -0.2277637051327 -0.0878621793571 0.1399015257756
24 1.15 0.40 0.40 -0.2278412296188 -0.0878232853223 0.1400179442966
10 1.2 0.40 0.40 -0.1965631330993 -0.0654399691424 0.1311231639569
12 1.2 0.40 0.40 -0.1995428285679 -0.0638575846469 0.1356852439210
14 1.2 0.40 0.40 -0.2013082466404 -0.0628582539683 0.1384499926721
16 1.2 0.40 0.40 -0.2021062642951 -0.0624507577448 0.1396555065503
18 1.2 0.40 0.40 -0.2025738875383 -0.0621944356828 0.1403794518555
20 1.2 0.40 0.40 -0.2027790030894 -0.0620905056750 0.1406884974144
22 1.2 0.40 0.40 -0.2028978538021 -0.0620249674606 0.1408728863415
24 1.2 0.40 0.40 -0.2029494837359 -0.0620003982727 0.1409490854632
10 1.25 0.40 0.40 -0.1764778559157 -0.0423512529866 0.1341266029290
12 1.25 0.40 0.40 -0.1788775750168 -0.0410668296970 0.1378107453198
14 1.25 0.40 0.40 -0.1802712223572 -0.0402648050674 0.1400064172898
16 1.25 0.40 0.40 -0.1808727000184 -0.0399536655786 0.1409190344398
18 1.25 0.40 0.40 -0.1812186901063 -0.0397591452661 0.1414595448402
20 1.25 0.40 0.40 -0.1813645819168 -0.0396842382217 0.1416803436951
22 1.25 0.40 0.40 -0.1814339141956 -0.0396374846060 0.1417964295896
24 1.25 0.40 0.40 -0.1814680809106 -0.0396217272560 0.1418463536546
10 1.3 0.40 0.40 -0.1589581691430 -0.0222936903975 0.1366644787455
12 1.3 0.40 0.40 -0.1608851455796 -0.0212538065024 0.1396313390773
14 1.3 0.40 0.40 -0.1619736367102 -0.0206135437776 0.1413600929326
16 1.3 0.40 0.40 -0.1624273601022 -0.0203753402108 0.1420520198914
18 1.3 0.40 0.40 -0.1626836270151 -0.0202278803671 0.1424557466481
20 1.3 0.40 0.40 -0.1627865710315 -0.0201740160580 0.1426125549735
22 1.3 0.40 0.40 -0.1628440114264 -0.0201405667779 0.1427034446485
24 1.3 0.40 0.40 -0.1628669627405 -0.0201279611924 0.1427390015481
10 1.35 0.40 0.40 -0.1435995390422 -0.0047853021105 0.1388142369317
12 1.35 0.40 0.40 -0.1451468443641 -0.0039466026522 0.1412002417119
14 1.35 0.40 0.40 -0.1460158433649 -0.0034299196525 0.1425859237124
16 1.35 0.40 0.40 -0.1463578847801 -0.0032477286046 0.1431101561755
18 1.35 0.40 0.40 -0.1465474117863 -0.0031362228603 0.1434111889260
20 1.35 0.40 0.40 -0.1466203722600 -0.0030971592072 0.1435232130528
22 1.35 0.40 0.40 -0.1466603428365 -0.0030732179230 0.1435871249136
24 1.35 0.40 0.40 -0.1466756640418 -0.0030654487439 0.1436102152980
