10 0.8 0.10 0.30 -0.7130484961170 -0.7577165870295 -0.0446680909125
12 0.8 0.10 0.30 -0.7398223460902 -0.7542720857803 -0.0144497396902
14 0.8 0.10 0.30 -0.7550463934200 -0.7511968565056 0.0038495369144
16 0.8 0.10 0.30 -0.7665186448083 -0.7498850636846 0.0166335811237
18 0.8 0.10 0.30 -0.7732526906880 -0.7488476571806 0.0244050335074
20 0.8 0.10 0.30 -0.7780399125814 -0.7483331958191 0.0297067167623
22 0.8 0.10 0.30 -0.7797636025357 -0.7478599807148 0.0319036218209
24 0.8 0.10 0.30 -0.7817236693968 -0.7476564011424 0.0340672682544
10 0.85 0.10 0.30 -0.6227208432188 -0.6517418130667 -0.0290209698479
12 0.85 0.10 0.30 -0.6456142233421 -0.6489245652437 -0.0033103419016
14 0.85 0.10 0.30 -0.6584529522847 -0.6464880282297 0.0119649240550
16 0.85 0.10 0.30 -0.6678176140955 -0.6454638189929 0.0223537951026
18 0.85 0.10 0.30 -0.6729829676728 -0.6446719968360 0.0283109708367
20 0.85 0.10 0.30 -0.6766996688381 -0.6442910265492 0.0324086422888
22 0.85 0.10 0.30 -0.6789119026693 -0.6440068933486 0.0349050093207
24 0.85 0.10 0.30 -0.6802704512435 -0.6438635982514 0.0364068529920
10 0.9 0.10 0.30 -0.5496506773285 -0.5636848138963 -0.0140341365678
12 0.9 0.10 0.30 -0.5687062346524 -0.5613691355566 0.0073370990958
14 0.9 0.10 0.30 -0.5791553509154 -0.5594400663387 0.0197152845766
16 0.9 0.10 0.30 -0.5864837165264 -0.5586435102885 0.0278402062379
18 0.9 0.10 0.30 -0.5902891474182 -0.5580390451069 0.0322501023114
20 0.9 0.10 0.30 -0.5930121726553 -0.5577585280398 0.0352536446155
22 0.9 0.10 0.30 -0.5946005150545 -0.5575516779348 0.0370488371198
24 0.9 0.10 0.30 -0.5953719314787 -0.5574518228592 0.0379201086194
10 0.95 0.10 0.30 -0.4896822169946 -0.4897807307413 -0.0000985137467
12 0.95 0.10 0.30 -0.5049081082683 -0.4878839263459 0.0170241819224
14 0.95 0.10 0.30 -0.5129823592867 -0.4863445829817 0.0266377763050
16 0.95 0.10 0.30 -0.5178371242772 -0.4857242927589 0.0321128315183
18 0.95 0.10 0.30 -0.5208442875843 -0.4852608674782 0.0355834201061
20 0.95 0.10 0.30 -0.5227155595852 -0.4850539266452 0.0376616329400
22 0.95 0.10 0.30 -0.5237829979654 -0.4849029471964 0.0388800507690
24 0.95 0.10 0.30 -0.5244124922863 -0.4848333506510 0.0395791416353
10 1.0 0.10 0.30 -0.4348838081383 -0.4272114819381 0.0076723262002
12 1.0 0.10 0.30 -0.4479569327882 -0.4256550238109 0.0223019089773
14 1.0 0.10 0.30 -0.4547212914382 -0.4244065563862 0.0303147350520
16 1.0 0.10 0.30 -0.4591570080743 -0.4239263389997 0.0352306690746
18 1.0 0.10 0.30 -0.4615690377025 -0.4235719757340 0.0379970619685
20 1.0 0.10 0.30 -0.4630120363213 -0.4234202785625 0.0395917577588
22 1.0 0.10 0.30 -0.4638218470899 -0.4233104761277 0.0405113709622
24 1.0 0.10 0.30 -0.4642800843002 -0.4232622340826 0.0410178502177
10 1.05 0.10 0.30 -0.3893754252099 -0.3738062134654 0.0155692117445
12 1.05 0.10 0.30 -0.4001218459040 -0.3725116118969 0.0276102340071
14 1.05 0.10 0.30 -0.4056671059069 -0.3715222443749 0.0341448615321
16 1.05 0.10 0.30 -0.4091051014553 -0.3711478339530 0.0379572675022
18 1.05 0.10 0.30 -0.4109373997263 -0.3708743406312 0.0400630590951
20 1.05 0.10 0.30 -0.4119843991205 -0.3707623878983 0.0412220112222
22 1.05 0.10 0.30 -0.4125432305445 -0.3706780535425 0.0418651770020
24 1.05 0.10 0.30 -0.4128551614486 -0.3706444047813 0.0422107566673
10 1.1 0.10 0.30 -0.3499723858826 -0.3278938194924 0.0220785663902
12 1.1 0.10 0.30 -0.3588448484464 -0.3268280811287 0.0320167673177
14 1.1 0.10 0.30 -0.3633241154347 -0.3260274962998 0.0372966191349
16 1.1 0.10 0.30 -0.3659663325530 -0.3257318033350 0.0402345292180
18 1.1 0.10 0.30 -0.3673563824287 -0.3255202115836 0.0418361708451
20 1.1 0.10 0.30 -0.3681144988395 -0.3254375629872 0.0426769358523
22 1.1 0.10 0.30 -0.3685248212352 -0.3253783979372 0.0431464232979
24 1.1 0.10 0.30 -0.3687367949846 -0.3253548910324 0.0433819039522
10 1.15 0.10 0.30 -0.3155892429791 -0.2881429882119 0.0274462547672
12 1.15 0.10 0.30 -0.3229632078363 -0.2872796805236 0.0356835273126
14 1.15 0.10 0.30 -0.3265638851112 -0.2866261920366 0.0399376930745
16 1.15 0.10 0.30 -0.3286150906620 -0.2863981615331 0.0422169291288
18 1.15 0.10 0.30 -0.3296678974630 -0.2862339205150 0.0434339769480
20 1.15 0.10 0.30 -0.3302158238141 -0.2861728103506 0.0440430134635
22 1.15 0.10 0.30 -0.3305074464717 -0.2861292169137 0.0443782295581
24 1.15 0.10 0.30 -0.3306513475544 -0.2861127732909 0.0445385742634
10 1.2 0.10 0.30 -0.2855513394517 -0.2535449462815 0.0320063931702
12 1.2 0.10 0.30 -0.2916067873637 -0.2528302332699 0.0387765540938
14 1.2 0.10 0.30 -0.2945233023094 -0.2523004688792 0.0422228334302
16 1.2 0.10 0.30 -0.2961030831508 -0.2521222139709 0.0439808691799
18 1.2 0.10 0.30 -0.2968996856712 -0.2519943946795 0.0449052909917
20 1.2 0.10 0.30 -0.2972952350166 -0.2519491546117 0.0453460804049
22 1.2 0.10 0.30 -0.2975023640700 -0.2519169582691 0.0455854058009
24 1.2 0.10 0.30 -0.2976000054967 -0.2519054372346 0.0456945682621
10 1.25 0.10 0.30 -0.2591235304313 -0.2232464641026 0.0358770663286
12 1.25 0.10 0.30 -0.2641116973536 -0.2226595973713 0.0414520999823
14 1.25 0.10 0.30 -0.2664610586429 -0.2222264010009 0.0442346576420
16 1.25 0.10 0.30 -0.2676756762704 -0.2220869052835 0.0455887709869
18 1.25 0.10 0.30 -0.2682780508037 -0.2219871805851 0.0462908702187
20 1.25 0.10 0.30 -0.2685645943109 -0.2219536415929 0.0466109527180
22 1.25 0.10 0.30 -0.2686871253239 -0.2219239072633 0.0467632180606
24 1.25 0.10 0.30 -0.2687529451595 -0.2219158283574 0.0468371168021
10 1.3 0.10 0.30 -0.2357998694806 -0.1965814167443 0.0392184527363
12 1.3 0.10 0.30 -0.2398954408045 -0.1960967837262 0.0437986570782
14 1.3 0.10 0.30 -0.2417655072628 -0.1957361764813 0.0460293307815
16 1.3 0.10 0.30 -0.2426994535271 -0.1956269917269 0.0470724618003
18 1.3 0.10 0.30 -0.2431552917611 -0.1955490761271 0.0476062156340
20 1.3 0.10 0.30 -0.2433612071696 -0.1955241968045 0.0478370103651
22 1.3 0.10 0.30 -0.2434657647098 -0.1955065222210 0.0479592424889
24 1.3 0.10 0.30 -0.2435107657928 -0.1955008394856 0.0480099263072
10 1.35 0.10 0.30 -0.2151089371767 -0.1729937700768 0.0421151670999
12 1.35 0.10 0.30 -0.2184690368791 -0.1725935999940 0.0458754368851
14 1.35 0.10 0.30 -0.2199934834464 -0.1723016909487 0.0476917924977
16 1.35 0.10 0.30 -0.2207108500786 -0.1722160296841 0.0484948203945
18 1.35 0.10 0.30 -0.2210550567903 -0.1721549414849 0.0489001153054
20 1.35 0.10 0.30 -0.2212035997451 -0.1721364341163 0.0490671656288
22 1.35 0.10 0.30 -0.2212778923205 -0.1721232805407 0.0491546117798
24 1.35 0.10 0.30 -0.2213084640423 -0.1721192738775 0.0491891901648
