10 0.8 0.20 0.45 -0.6484884935783 -0.6646753826888 -0.0161868891106
12 0.8 0.20 0.45 -0.6707795337343 -0.6415594553650 0.0292200783693
14 0.8 0.20 0.45 -0.6845895878033 -0.6207029278619 0.0638866599414
16 0.8 0.20 0.45 -0.6940822348567 -0.6121836957939 0.0818985390628
18 0.8 0.20 0.45 -0.7001976201180 -0.6037834720974 0.0964141480206
20 0.8 0.20 0.45 -0.7041600926601 -0.6005797142930 0.1035803783671
22 0.8 0.20 0.45 -0.7057632663602 -0.5977786509742 0.1079846153860
24 0.8 0.20 0.45 -0.7073944517411 -0.5966029990085 0.1107914527327
10 0.85 0.20 0.45 -0.5634979225658 -0.5729080183794 -0.0094100958136
12 0.85 0.20 0.45 -0.5823807586261 -0.5477206092758 0.0346601493503
14 0.85 0.20 0.45 -0.5939453363649 -0.5259717047574 0.0679736316075
16 0.85 0.20 0.45 -0.6016319754254 -0.5163542867547 0.0852776886708
18 0.85 0.20 0.45 -0.6062918635618 -0.5075323847413 0.0987594788204
20 0.85 0.20 0.45 -0.6093494882098 -0.5037793790089 0.1055701092009
22 0.85 0.20 0.45 -0.6113294055539 -0.5000936928197 0.1112357127342
24 0.85 0.20 0.45 -0.6124510274187 -0.4986899199811 0.1137611074376
10 0.9 0.20 0.45 -0.4948398693359 -0.4772035923222 0.0176362770136
12 0.9 0.20 0.45 -0.5103816005733 -0.4561380673930 0.0542435331803
14 0.9 0.20 0.45 -0.5197467711828 -0.4379602048734 0.0817865663095
16 0.9 0.20 0.45 -0.5256996273681 -0.4303209487318 0.0953786786363
18 0.9 0.20 0.45 -0.5291175780556 -0.4232490887468 0.1058684893088
20 0.9 0.20 0.45 -0.5313378929437 -0.4204660407573 0.1108718521864
22 0.9 0.20 0.45 -0.5327483044932 -0.4176563455571 0.1150919589361
24 0.9 0.20 0.45 -0.5333750397305 -0.4167011370520 0.1166739026785
10 0.95 0.20 0.45 -0.4385661284087 -0.3831093822728 0.0554567461359
12 0.95 0.20 0.45 -0.4508088977125 -0.3704095571920 0.0803993405205
14 0.95 0.20 0.45 -0.4580322702589 -0.3586048869450 0.0994273833139
16 0.95 0.20 0.45 -0.4618974762558 -0.3551271478158 0.1067703284401
18 0.95 0.20 0.45 -0.4645762074680 -0.3509084801125 0.1136677273555
20 0.95 0.20 0.45 -0.4660843037099 -0.3497442277746 0.1163400759353
22 0.95 0.20 0.45 -0.4670270075949 -0.3481662132230 0.1188607943720
24 0.95 0.20 0.45 -0.4675386880288 -0.3478620333628 0.1196766546660
10 1.0 0.20 0.45 -0.3876631900283 -0.3306895469164 0.0569736431119
12 1.0 0.20 0.45 -0.3980894354195 -0.3158817349168 0.0822077005028
14 1.0 0.20 0.45 -0.4040936040406 -0.3031302384661 0.1009633655745
16 1.0 0.20 0.45 -0.4076258996499 -0.2983038715277 0.1093220281222
18 1.0 0.20 0.45 -0.4097537092651 -0.2938188598660 0.1159348493991
20 1.0 0.20 0.45 -0.4109103678855 -0.2923046997683 0.1186056681172
22 1.0 0.20 0.45 -0.4116178991760 -0.2906579015946 0.1209599975815
24 1.0 0.20 0.45 -0.4119886252341 -0.2902362700237 0.1217523552105
10 1.05 0.20 0.45 -0.3454453798391 -0.2740741352128 0.0713712446263
12 1.05 0.20 0.45 -0.3539198720026 -0.2616389505488 0.0922809214538
14 1.05 0.20 0.45 -0.3588111242177 -0.2509345652496 0.1078765589680
16 1.05 0.20 0.45 -0.3615229488293 -0.2471668668684 0.1143560819609
18 1.05 0.20 0.45 -0.3631275976351 -0.2435342845339 0.1195933131011
20 1.05 0.20 0.45 -0.3639601873571 -0.2424195410858 0.1215406462714
22 1.05 0.20 0.45 -0.3644449106281 -0.2411988885901 0.1232460220380
24 1.05 0.20 0.45 -0.3646955364352 -0.2409041646394 0.1237913717958
10 1.1 0.20 0.45 -0.3090490355877 -0.2257747370735 0.0832742985142
12 1.1 0.20 0.45 -0.3159703526729 -0.2153357259060 0.1006346267670
14 1.1 0.20 0.45 -0.3198987371615 -0.2063320914308 0.1135666457307
16 1.1 0.20 0.45 -0.3219630045350 -0.2033678515088 0.1185951530262
18 1.1 0.20 0.45 -0.3231711838384 -0.2004545083449 0.1227166754935
20 1.1 0.20 0.45 -0.3237694569998 -0.1996780167414 0.1240914402585
22 1.1 0.20 0.45 -0.3241218786308 -0.1987274174362 0.1253944611946
24 1.1 0.20 0.45 -0.3242910468808 -0.1985483512493 0.1257426956315
10 1.15 0.20 0.45 -0.2774336170492 -0.1842943025407 0.0931393145085
12 1.15 0.20 0.45 -0.2831282130483 -0.1755166489172 0.1076115641310
14 1.15 0.20 0.45 -0.2862680287860 -0.1679818858473 0.1182861429388
16 1.15 0.20 0.45 -0.2878568735659 -0.1656372426421 0.1222196309238
18 1.15 0.20 0.45 -0.2887649113574 -0.1633104746807 0.1254544366767
20 1.15 0.20 0.45 -0.2891941096208 -0.1627451259691 0.1264489836518
22 1.15 0.20 0.45 -0.2894424229557 -0.1620175953698 0.1274248275859
24 1.15 0.20 0.45 -0.2895565099758 -0.1619210466410 0.1276354633348
10 1.2 0.20 0.45 -0.2499284864433 -0.1484298109906 0.1014986754526
12 1.2 0.20 0.45 -0.2545554906601 -0.1410344272748 0.1135210633853
14 1.2 0.20 0.45 -0.2570824466304 -0.1347082273462 0.1223742192842
16 1.2 0.20 0.45 -0.2582955470985 -0.1328714320060 0.1254241150925
18 1.2 0.20 0.45 -0.2589772486823 -0.1310218009226 0.1279554477598
20 1.2 0.20 0.45 -0.2592848616698 -0.1306214929653 0.1286633687045
22 1.2 0.20 0.45 -0.2594597092345 -0.1300654167437 0.1293942924908
24 1.2 0.20 0.45 -0.2595366218518 -0.1300179287106 0.1295186931412
10 1.25 0.20 0.45 -0.2258352290731 -0.1172080919105 0.1086271371625
12 1.25 0.20 0.45 -0.2296083023067 -0.1110482039786 0.1185600983281
14 1.25 0.20 0.45 -0.2316311133534 -0.1057032083565 0.1259279049968
16 1.25 0.20 0.45 -0.2325559579789 -0.1042667912799 0.1282891666990
18 1.25 0.20 0.45 -0.2330673801710 -0.1028045383048 0.1302628418662
20 1.25 0.20 0.45 -0.2332887068754 -0.1025254969971 0.1307632098783
22 1.25 0.20 0.45 -0.2333919536176 -0.1020989361992 0.1312930174184
24 1.25 0.20 0.45 -0.2334434631974 -0.1020661758861 0.1313772873113
10 1.3 0.20 0.45 -0.2046623950504 -0.0899072366601 0.1147551583903
12 1.3 0.20 0.45 -0.2077291595924 -0.0847362971871 0.1229928624053
14 1.3 0.20 0.45 -0.2093301220344 -0.0802461087504 0.1290840132840
16 1.3 0.20 0.45 -0.2100355219252 -0.0791502051851 0.1308853167400
18 1.3 0.20 0.45 -0.2104194327343 -0.0779646642664 0.1324547684679
20 1.3 0.20 0.45 -0.2105773797236 -0.0777749338161 0.1328024459075
22 1.3 0.20 0.45 -0.2106641338118 -0.0774456526128 0.1332184811990
24 1.3 0.20 0.45 -0.2106991392186 -0.0774364776861 0.1332626615325
10 1.35 0.20 0.45 -0.1859616124381 -0.0659181274722 0.1200434849659
12 1.35 0.20 0.45 -0.1884529715247 -0.0615514069903 0.1269015645344
14 1.35 0.20 0.45 -0.1897485355428 -0.0578012878087 0.1319472477341
16 1.35 0.20 0.45 -0.1902860580391 -0.0569436943129 0.1333423637262
18 1.35 0.20 0.45 -0.1905736733688 -0.0559937640593 0.1345799093095
20 1.35 0.20 0.45 -0.1906868538837 -0.0558666746481 0.1348201792356
22 1.35 0.20 0.45 -0.1907479787036 -0.0556125101133 0.1351354685902
24 1.35 0.20 0.45 -0.1907716132577 -0.0556165346020 0.1351550786558
