10 0.8 0.80 0.05 -0.3992921387525 -0.4008048065301 -0.0015126677775
12 0.8 0.80 0.05 -0.4086804190705 -0.4085380007399 0.0001424183306
14 0.8 0.80 0.05 -0.4152760259376 -0.4140034186351 0.0012726073025
16 0.8 0.80 0.05 -0.4193463118214 -0.4174770470364 0.0018692647850
18 0.8 0.80 0.05 -0.4221872192329 -0.4199496205033 0.0022375987296
20 0.8 0.80 0.05 -0.4239117374510 -0.4215212385967 0.0023904988543
22 0.8 0.80 0.05 -0.4246535096679 -0.4226202637542 0.0020332459136
24 0.8 0.80 0.05 -0.4253712805574 -0.4233105477050 0.0020607328523
10 0.85 0.80 0.05 -0.3399510679305 -0.3413768002192 -0.0014257322887
12 0.85 0.80 0.05 -0.3476334775722 -0.3475059056739 0.0001275718983
14 0.85 0.80 0.05 -0.3529213332400 -0.3517816982837 0.0011396349563
16 0.85 0.80 0.05 -0.3561054034601 -0.3544119244535 0.0016934790066
18 0.85 0.80 0.05 -0.3581808737185 -0.3562474109725 0.0019334627459
20 0.85 0.80 0.05 -0.3594659456497 -0.3573626282924 0.0021033173573
22 0.85 0.80 0.05 -0.3603326369454 -0.3581253164780 0.0022073204674
24 0.85 0.80 0.05 -0.3608080664800 -0.3585800529221 0.0022280135579
10 0.9 0.80 0.05 -0.2924864804607 -0.2928866473583 -0.0004001668976
12 0.9 0.80 0.05 -0.2985740373719 -0.2977583196307 0.0008157177413
14 0.9 0.80 0.05 -0.3026877894974 -0.3011068824962 0.0015809070011
16 0.9 0.80 0.05 -0.3050653113440 -0.3030970361277 0.0019682752164
18 0.9 0.80 0.05 -0.3065287495299 -0.3044548022797 0.0020739472502
20 0.9 0.80 0.05 -0.3074288902680 -0.3052478941681 0.0021809961000
22 0.9 0.80 0.05 -0.3080221316574 -0.3057762772019 0.0022458544555
24 0.9 0.80 0.05 -0.3082776487152 -0.3060786554044 0.0021989933108
10 0.95 0.80 0.05 -0.2539662216082 -0.2556512220940 -0.0016850004858
12 0.95 0.80 0.05 -0.2585636675699 -0.2586845471255 -0.0001208795556
14 0.95 0.80 0.05 -0.2616234214031 -0.2607115482088 0.0009118731944
16 0.95 0.80 0.05 -0.2631016922734 -0.2616830931615 0.0014185991119
18 0.95 0.80 0.05 -0.2642035354889 -0.2623955075419 0.0018080279470
20 0.95 0.80 0.05 -0.2647931291963 -0.2627641771891 0.0020289520072
22 0.95 0.80 0.05 -0.2651750433666 -0.2630088950204 0.0021661483462
