10 1.0 0.30 0.10 -0.3477150682796 -0.3515989313262 -0.0038838630466
12 1.0 0.30 0.10 -0.3562362915993 -0.3553731551382 0.0008631364611
14 1.0 0.30 0.10 -0.3614304284341 -0.3575509846850 0.0038794437491
16 1.0 0.30 0.10 -0.3643404960840 -0.3587064135556 0.0056340825284
18 1.0 0.30 0.10 -0.3661623694427 -0.3594435037547 0.0067188656881
20 1.0 0.30 0.10 -0.3671234024373 -0.3598126764331 0.0073107260043
22 1.0 0.30 0.10 -0.3677247993035 -0.3600515440483 0.0076732552552
24 1.0 0.30 0.10 -0.3680346621874 -0.3601691925740 0.0078654696134
10 1.05 0.30 0.10 -0.3085623562432 -0.3097971556279 -0.0012347993847
12 1.05 0.30 0.10 -0.3154319805366 -0.3128132486128 0.0026187319238
14 1.05 0.30 0.10 -0.3196298320406 -0.3145473354940 0.0050824965467
16 1.05 0.30 0.10 -0.3218488757723 -0.3154253333404 0.0064235424319
18 1.05 0.30 0.10 -0.3232115576960 -0.3159771820892 0.0072343756067
20 1.05 0.30 0.10 -0.3238989453946 -0.3162406324922 0.0076583129023
22 1.05 0.30 0.10 -0.3243077074726 -0.3164111032882 0.0078966041844
24 1.05 0.30 0.10 -0.3245158400888 -0.3164901931845 0.0080256469043
10 1.1 0.30 0.10 -0.2749487983405 -0.2740800404227 0.0008687579178
12 1.1 0.30 0.10 -0.2805160591932 -0.2764936406558 0.0040224185374
14 1.1 0.30 0.10 -0.2838619939158 -0.2778760564583 0.0059859374574
16 1.1 0.30 0.10 -0.2855398727883 -0.2785386701528 0.0070012026355
18 1.1 0.30 0.10 -0.2865575774137 -0.2789544186413 0.0076031587723
20 1.1 0.30 0.10 -0.2870484375111 -0.2791418853736 0.0079065521375
22 1.1 0.30 0.10 -0.2873431911086 -0.2792621119528 0.0080810791559
24 1.1 0.30 0.10 -0.2874827799671 -0.2793152626093 0.0081675173578
10 1.15 0.30 0.10 -0.2458767067621 -0.2433817896407 0.0024949171214
12 1.15 0.30 0.10 -0.2504245119682 -0.2453094085333 0.0051151034350
14 1.15 0.30 0.10 -0.2530788404225 -0.2464146502558 0.0066641901667
16 1.15 0.30 0.10 -0.2543622708282 -0.2469166865207 0.0074455843075
18 1.15 0.30 0.10 -0.2551210911338 -0.2472283932619 0.0078926978718
20 1.15 0.30 0.10 -0.2554710706774 -0.2473622690723 0.0081088016051
22 1.15 0.30 0.10 -0.2556771426659 -0.2474470793031 0.0082300633628
24 1.15 0.30 0.10 -0.2557706860335 -0.2474828037798 0.0082878822538
10 1.2 0.30 0.10 -0.2206839513450 -0.2168566136892 0.0038273376558
12 1.2 0.30 0.10 -0.2243521729971 -0.2183961143847 0.0059560586124
14 1.2 0.30 0.10 -0.2264721857416 -0.2192793074439 0.0071928782976
16 1.2 0.30 0.10 -0.2274460475869 -0.2196589005677 0.0077871470192
18 1.2 0.30 0.10 -0.2280113091300 -0.2198910856719 0.0081202234580
20 1.2 0.30 0.10 -0.2282606302693 -0.2199866030022 0.0082740272671
22 1.2 0.30 0.10 -0.2284046411033 -0.2200465168401 0.0083581242632
24 1.2 0.30 0.10 -0.2284673099270 -0.2200705620202 0.0083967479068
10 1.25 0.30 0.10 -0.1987066941198 -0.1938177698243 0.0048889242954
12 1.25 0.30 0.10 -0.2016772856906 -0.1950536517730 0.0066236339176
14 1.25 0.30 0.10 -0.2033618108153 -0.1957567855095 0.0076050253057
16 1.25 0.30 0.10 -0.2040998001956 -0.1960439243369 0.0080558758587
18 1.25 0.30 0.10 -0.2045206611075 -0.1962193007005 0.0083013604070
20 1.25 0.30 0.10 -0.2046989892788 -0.1962874342770 0.0084115550018
22 1.25 0.30 0.10 -0.2047834931539 -0.1963297715087 0.0084537216452
24 1.25 0.30 0.10 -0.2048252040022 -0.1963459588078 0.0084792451944
10 1.3 0.30 0.10 -0.1794693842894 -0.1737239143461 0.0057454699432
12 1.3 0.30 0.10 -0.1818675723365 -0.1747130416294 0.0071545307071
14 1.3 0.30 0.10 -0.1831914289418 -0.1752752572031 0.0079161717387
16 1.3 0.30 0.10 -0.1837510395836 -0.1754924076880 0.0082586318956
18 1.3 0.30 0.10 -0.1840646401218 -0.1756241515608 0.0084404885610
20 1.3 0.30 0.10 -0.1841911566798 -0.1756728547763 0.0085183019035
22 1.3 0.30 0.10 -0.1842615851728 -0.1757028134589 0.0085587717139
24 1.3 0.30 0.10 -0.1842897603455 -0.1757137253128 0.0085760350327
10 1.35 0.30 0.10 -0.1625458569642 -0.1561220204972 0.0064238364670
12 1.35 0.30 0.10 -0.1644814187513 -0.1569156266251 0.0075657921262
14 1.35 0.30 0.10 -0.1655448222581 -0.1573644393331 0.0081803829250
16 1.35 0.30 0.10 -0.1659688255226 -0.1575287787568 0.0084400467658
18 1.35 0.30 0.10 -0.1662020925419 -0.1576277957658 0.0085742967761
20 1.35 0.30 0.10 -0.1662922317850 -0.1576625697178 0.0086296620671
22 1.35 0.30 0.10 -0.1663415136259 -0.1576838127106 0.0086577009154
24 1.35 0.30 0.10 -0.1663604232626 -0.1576911833134 0.0086692399493
