10 0.8 1.60 0.25 -0.2516738065505 -0.2014387428434 0.0502350637071
12 0.8 1.60 0.25 -0.2557213218417 -0.2014404978526 0.0542808239892
14 0.8 1.60 0.25 -0.2585584630926 -0.2014404643717 0.0571179987208
16 0.8 1.60 0.25 -0.2602960485891 -0.2014404798349 0.0588555687542
18 0.8 1.60 0.25 -0.2615054782983 -0.2014404797366 0.0600649985617
20 0.8 1.60 0.25 -0.2622377623159 -0.2014404798754 0.0607972824405
22 0.8 1.60 0.25 -0.2625523845376 -0.2014404798753 0.0611119046623
24 0.8 1.60 0.25 -0.2628565914477 -0.2014404798765 0.0614161115711
10 0.85 1.60 0.25 -0.2119330456656 -0.1588857832412 0.0530472624245
12 0.85 1.60 0.25 -0.2151629856508 -0.1588867778313 0.0562762078195
14 0.85 1.60 0.25 -0.2173779732981 -0.1588867623164 0.0584912109816
16 0.85 1.60 0.25 -0.2187023888671 -0.1588867694096 0.0598156194576
18 0.85 1.60 0.25 -0.2195632431933 -0.1588867693767 0.0606764738166
20 0.85 1.60 0.25 -0.2200950350562 -0.1588867694280 0.0612082656281
22 0.85 1.60 0.25 -0.2204532244395 -0.1588867694280 0.0615664550115
24 0.85 1.60 0.25 -0.2206495426401 -0.1588867694284 0.0617627732118
10 0.9 1.60 0.25 -0.1803918830546 -0.1248926852789 0.0554991977757
12 0.9 1.60 0.25 -0.1828897273507 -0.1248932608561 0.0579964664947
14 0.9 1.60 0.25 -0.1845705864807 -0.1248932534617 0.0596773330190
16 0.9 1.60 0.25 -0.1855358531861 -0.1248932568086 0.0606425963775
18 0.9 1.60 0.25 -0.1861284429111 -0.1248932567974 0.0612351861137
20 0.9 1.60 0.25 -0.1864922182351 -0.1248932568171 0.0615989614180
22 0.9 1.60 0.25 -0.1867316949969 -0.1248932568171 0.0618384381798
24 0.9 1.60 0.25 -0.1868347715720 -0.1248932568172 0.0619415147548
10 0.95 1.60 0.25 -0.1549936977135 -0.0974274806104 0.0575662171031
12 0.95 1.60 0.25 -0.1568362671575 -0.0974278203416 0.0594084468159
14 0.95 1.60 0.25 -0.1580578136091 -0.0974278167229 0.0606299968862
16 0.95 1.60 0.25 -0.1586447828355 -0.0974278183449 0.0612169644906
18 0.95 1.60 0.25 -0.1590813528942 -0.0974278183410 0.0616535345532
20 0.95 1.60 0.25 -0.1593145633022 -0.0974278183488 0.0618867449534
22 0.95 1.60 0.25 -0.1594654912053 -0.0974278183488 0.0620376728564
24 0.95 1.60 0.25 -0.1595452542721 -0.0974278183488 0.0621174359233
10 1.0 1.60 0.25 -0.1336271050719 -0.0750079014087 0.0586192036633
12 1.0 1.60 0.25 -0.1351219099167 -0.0750081149859 0.0601137949308
14 1.0 1.60 0.25 -0.1360791156931 -0.0750081207151 0.0610709949780
16 1.0 1.60 0.25 -0.1365922196314 -0.0750081255376 0.0615840940938
18 1.0 1.60 0.25 -0.1369193891408 -0.0750081287477 0.0619112603931
20 1.0 1.60 0.25 -0.1370892962236 -0.0750081303875 0.0620811658361
22 1.0 1.60 0.25 -0.1371963254969 -0.0750081316798 0.0621881938171
24 1.0 1.60 0.25 -0.1372511742433 -0.0750081323186 0.0622430419247
10 1.05 1.60 0.25 -0.1161385615367 -0.0565354969853 0.0596030645514
12 1.05 1.60 0.25 -0.1172916256422 -0.0565356268200 0.0607559988221
14 1.05 1.60 0.25 -0.1180295858025 -0.0565356297879 0.0614939560146
16 1.05 1.60 0.25 -0.1184043018136 -0.0565356321724 0.0618686696411
18 1.05 1.60 0.25 -0.1186381863846 -0.0565356337448 0.0621025526398
20 1.05 1.60 0.25 -0.1187545850372 -0.0565356345072 0.0622189505300
22 1.05 1.60 0.25 -0.1188241947266 -0.0565356351058 0.0622885596208
24 1.05 1.60 0.25 -0.1188594804165 -0.0565356353865 0.0623238450301
10 1.1 1.60 0.25 -0.1015270288824 -0.0411855772214 0.0603414516610
12 1.1 1.60 0.25 -0.1024239517269 -0.0411856583237 0.0612382934032
14 1.1 1.60 0.25 -0.1029869800189 -0.0411856605177 0.0618013195012
16 1.1 1.60 0.25 -0.1032591182034 -0.0411856620219 0.0620734561814
18 1.1 1.60 0.25 -0.1034266085046 -0.0411856630472 0.0622409454574
20 1.1 1.60 0.25 -0.1035064574024 -0.0411856635186 0.0623207938839
22 1.1 1.60 0.25 -0.1035546314002 -0.0411856638877 0.0623689675125
24 1.1 1.60 0.25 -0.1035773634244 -0.0411856640519 0.0623916993724
10 1.15 1.60 0.25 -0.0892225044101 -0.0283305717944 0.0608919326157
12 1.15 1.60 0.25 -0.0899280096227 -0.0283306209942 0.0615973886284
14 1.15 1.60 0.25 -0.0903568762466 -0.0283306207724 0.0620262554742
16 1.15 1.60 0.25 -0.0905574020591 -0.0283306209044 0.0622267811547
18 1.15 1.60 0.25 -0.0906775082707 -0.0283306209188 0.0623468873519
20 1.15 1.60 0.25 -0.0907323492916 -0.0283306209253 0.0624017283663
22 1.15 1.60 0.25 -0.0907647695471 -0.0283306209302 0.0624341486169
24 1.15 1.60 0.25 -0.0907794428781 -0.0283306209322 0.0624488219459
10 1.2 1.60 0.25 -0.0788045676526 -0.0174876364541 0.0613169311985
12 1.2 1.60 0.25 -0.0793536775806 -0.0174876655349 0.0618660120457
14 1.2 1.60 0.25 -0.0796834722706 -0.0174876634289 0.0621958088418
16 1.2 1.60 0.25 -0.0798304155609 -0.0174876626398 0.0623427529211
18 1.2 1.60 0.25 -0.0799167036315 -0.0174876619660 0.0624290416655
20 1.2 1.60 0.25 -0.0799544342305 -0.0174876616879 0.0624667725426
22 1.2 1.60 0.25 -0.0799763022694 -0.0174876614705 0.0624886407989
24 1.2 1.60 0.25 -0.0799857955312 -0.0174876613837 0.0624981341476
10 1.25 1.60 0.25 -0.0699224602284 -0.0082812586417 0.0616412015867
12 1.25 1.60 0.25 -0.0703526811026 -0.0082812337062 0.0620714473964
14 1.25 1.60 0.25 -0.0706056741030 -0.0082812748265 0.0623243992764
16 1.25 1.60 0.25 -0.0707134713501 -0.0082812288565 0.0624322424936
18 1.25 1.60 0.25 -0.0707755930451 -0.0082812277487 0.0624943652964
20 1.25 1.60 0.25 -0.0708017191206 -0.0082812273155 0.0625204918052
22 1.25 1.60 0.25 -0.0708141384022 -0.0082812730542 0.0625328653480
24 1.25 1.60 0.25 -0.0708202552757 -0.0082812268491 0.0625390284266
10 1.3 1.60 0.25 -0.0623089028620 -0.0004164913639 0.0618924114982
12 1.3 1.60 0.25 -0.0626456674622 -0.0004165044452 0.0622291630170
14 1.3 1.60 0.25 -0.0628381319570 -0.0004165040627 0.0624216278943
16 1.3 1.60 0.25 -0.0629174471503 -0.0004165039510 0.0625009431992
18 1.3 1.60 0.25 -0.0629623162864 -0.0004165038476 0.0625458124388
20 1.3 1.60 0.25 -0.0629803010947 -0.0004165038094 0.0625637972852
22 1.3 1.60 0.25 -0.0629903379584 -0.0004165037797 0.0625738341788
24 1.3 1.60 0.25 -0.0629943466779 -0.0004165037690 0.0625778429089
10 1.35 1.60 0.25 -0.0557452525775 0.0063404729991 0.0620857255766
12 1.35 1.60 0.25 -0.0560093780826 0.0063404634208 0.0623498415035
14 1.35 1.60 0.25 -0.0561593339406 0.0063404629851 0.0624997969256
16 1.35 1.60 0.25 -0.0562177618855 0.0063404628036 0.0625582246891
18 1.35 1.60 0.25 -0.0562501829176 0.0063404626687 0.0625906455863
20 1.35 1.60 0.25 -0.0562626408841 0.0063404626214 0.0626031035056
22 1.35 1.60 0.25 -0.0562694668707 0.0063404625845 0.0626099294551
24 1.35 1.60 0.25 -0.0562720824857 0.0063404625720 0.0626125450577
