10 0.8 0.00 0.50 -0.7871716982653 -1.0156895359793 -0.2285178377141
12 0.8 0.00 0.50 -0.8196957410944 -0.9656549776206 -0.1459592365262
14 0.8 0.00 0.50 -0.8361226998226 -0.9256343560816 -0.0895116562590
16 0.8 0.00 0.50 -0.8504068217719 -0.9059143828727 -0.0555075611008
18 0.8 0.00 0.50 -0.8574720869517 -0.8895593338743 -0.0320872469226
20 0.8 0.00 0.50 -0.8635684754294 -0.8815727951839 -0.0180043197546
22 0.8 0.00 0.50 -0.8651794851708 -0.8771555516510 -0.0119760664802
24 0.8 0.00 0.50 -0.8677176979940 -0.8738778129629 -0.0061601149690
10 0.85 0.00 0.50 -0.6912338122099 -0.8825144556935 -0.1912806434836
12 0.85 0.00 0.50 -0.7193902362447 -0.8381829518479 -0.1187927156032
14 0.85 0.00 0.50 -0.7332712557882 -0.8035135490475 -0.0702422932593
16 0.85 0.00 0.50 -0.7450861260747 -0.7867391562047 -0.0416530301300
18 0.85 0.00 0.50 -0.7504855558760 -0.7737290455257 -0.0232434896498
20 0.85 0.00 0.50 -0.7552777906672 -0.7672160556588 -0.0119382649916
22 0.85 0.00 0.50 -0.7575500308530 -0.7619024377144 -0.0043524068614
24 0.85 0.00 0.50 -0.7593441562226 -0.7595426366561 -0.0001984804335
10 0.9 0.00 0.50 -0.6135465735039 -0.7653312602710 -0.1517846867671
12 0.9 0.00 0.50 -0.6373296753389 -0.7278117700632 -0.0904820947243
14 0.9 0.00 0.50 -0.6486075133659 -0.6987128841195 -0.0501053707536
16 0.9 0.00 0.50 -0.6580147467195 -0.6852447332461 -0.0272299865266
18 0.9 0.00 0.50 -0.6619511983791 -0.6752483941053 -0.0132971957262
20 0.9 0.00 0.50 -0.6655283829015 -0.6703138042830 -0.0047854213815
22 0.9 0.00 0.50 -0.6671507240043 -0.6663498387721 0.0008008852322
24 0.9 0.00 0.50 -0.6682173456154 -0.6650098008652 0.0032075447502
10 0.95 0.00 0.50 -0.5497315039267 -0.6620558706705 -0.1123243667438
12 0.95 0.00 0.50 -0.5690940327099 -0.6322193245867 -0.0631252918768
14 0.95 0.00 0.50 -0.5777344234458 -0.6088380497445 -0.0311036262987
16 0.95 0.00 0.50 -0.5841881157565 -0.6000710943337 -0.0158829785771
18 0.95 0.00 0.50 -0.5872939429928 -0.5919251353333 -0.0046311923405
20 0.95 0.00 0.50 -0.5898182499097 -0.5884627685153 0.0013554813944
22 0.95 0.00 0.50 -0.5908901831699 -0.5856690999524 0.0052210832175
