10 0.8 0.05 0.50 -0.7488216373627 -0.9318369100099 -0.1830152726472
12 0.8 0.05 0.50 -0.7783050239221 -0.8851370994612 -0.1068320755391
14 0.8 0.05 0.50 -0.7941591051137 -0.8456733470619 -0.0515142419483
16 0.8 0.05 0.50 -0.8069135807874 -0.8277433073816 -0.0208297265942
18 0.8 0.05 0.50 -0.8138643969575 -0.8113897885038 0.0024746084537
20 0.8 0.05 0.50 -0.8192240568410 -0.8043485614867 0.0148754953543
22 0.8 0.05 0.50 -0.8209376789337 -0.7996963449614 0.0212413339723
24 0.8 0.05 0.50 -0.8231391005767 -0.7969007363334 0.0262383642433
10 0.85 0.05 0.50 -0.6557224084375 -0.8031093547937 -0.1473869463562
12 0.85 0.05 0.50 -0.6810785319037 -0.7618932814273 -0.0808147495235
14 0.85 0.05 0.50 -0.6944741500353 -0.7276642824217 -0.0331901323863
16 0.85 0.05 0.50 -0.7049450124408 -0.7124986121153 -0.0075535996746
18 0.85 0.05 0.50 -0.7102786556130 -0.6994279792193 0.0108506763936
20 0.85 0.05 0.50 -0.7144598105194 -0.6937238811324 0.0207359293870
22 0.85 0.05 0.50 -0.7167397852352 -0.6882826168285 0.0284571684068
24 0.85 0.05 0.50 -0.7182764957180 -0.6863093715991 0.0319671241189
10 0.9 0.05 0.50 -0.5803678763442 -0.6900841615011 -0.1097162851570
12 0.9 0.05 0.50 -0.6016195115349 -0.6554197677736 -0.0538002562387
14 0.9 0.05 0.50 -0.6125252876403 -0.6266228599655 -0.0140975723252
16 0.9 0.05 0.50 -0.6207811302632 -0.6145677304263 0.0062133998369
18 0.9 0.05 0.50 -0.6247026377160 -0.6044512883543 0.0202513493617
20 0.9 0.05 0.50 -0.6277885201208 -0.6001915150977 0.0275970050231
22 0.9 0.05 0.50 -0.6294268799405 -0.5960987146933 0.0333281652473
24 0.9 0.05 0.50 -0.6303143455089 -0.5950484354937 0.0352659100153
10 0.95 0.05 0.50 -0.5184930289148 -0.5906879765976 -0.0721949476829
12 0.95 0.05 0.50 -0.5356242364081 -0.5634048447574 -0.0277806083493
14 0.95 0.05 0.50 -0.5440305992412 -0.5401636523523 0.0038669468889
16 0.95 0.05 0.50 -0.5495839443760 -0.5325449722552 0.0170389721208
18 0.95 0.05 0.50 -0.5526880083188 -0.5242639192513 0.0284240890675
20 0.95 0.05 0.50 -0.5548307153103 -0.5213499701843 0.0334807451260
22 0.95 0.05 0.50 -0.5559289831443 -0.5184258500300 0.0375031331143
24 0.95 0.05 0.50 -0.5566513830702 -0.5174924204584 0.0391589626118
10 1.0 0.05 0.50 -0.4616498074301 -0.5158884396122 -0.0542386321821
12 1.0 0.05 0.50 -0.4764389289486 -0.4915203045040 -0.0150813755555
14 1.0 0.05 0.50 -0.4834964018105 -0.4714293423804 0.0120670594301
16 1.0 0.05 0.50 -0.4885690266194 -0.4638524449880 0.0247165816314
18 1.0 0.05 0.50 -0.4910669837625 -0.4569924841052 0.0340744996572
20 1.0 0.05 0.50 -0.4927264669031 -0.4546519809256 0.0380744859775
22 1.0 0.05 0.50 -0.4935635436283 -0.4523547766993 0.0412087669290
24 1.0 0.05 0.50 -0.4940911673067 -0.4516479959147 0.0424431713920
10 1.05 0.05 0.50 -0.4144181771057 -0.4481630060977 -0.0337448289920
12 1.05 0.05 0.50 -0.4266660116852 -0.4278680259219 -0.0012020142366
14 1.05 0.05 0.50 -0.4324559125363 -0.4108127855599 0.0216431269763
16 1.05 0.05 0.50 -0.4364171729605 -0.4048216342112 0.0315955387493
18 1.05 0.05 0.50 -0.4383158609374 -0.3993767102394 0.0389391506981
20 1.05 0.05 0.50 -0.4395284488870 -0.3976453159023 0.0418831329847
22 1.05 0.05 0.50 -0.4401059225293 -0.3959687659125 0.0441371566168
24 1.05 0.05 0.50 -0.4404673236118 -0.3954811584759 0.0449861651359
10 1.1 0.05 0.50 -0.3734341680154 -0.3901238461077 -0.0166896780923
12 1.1 0.05 0.50 -0.3836205183683 -0.3730986421614 0.0105218762069
14 1.1 0.05 0.50 -0.3882979517082 -0.3587800709334 0.0295178807748
16 1.1 0.05 0.50 -0.3913660784325 -0.3540891411342 0.0372769372982
18 1.1 0.05 0.50 -0.3928077039195 -0.3497712171217 0.0430364867978
20 1.1 0.05 0.50 -0.3936917780628 -0.3484930622652 0.0451987157975
22 1.1 0.05 0.50 -0.3941174061029 -0.3472095966795 0.0469078094233
24 1.1 0.05 0.50 -0.3943644897893 -0.3468746105677 0.0474898792216
10 1.15 0.05 0.50 -0.3375889599487 -0.3402288912537 -0.0026399313050
12 1.15 0.05 0.50 -0.3461142189670 -0.3257821903075 0.0203320286595
14 1.15 0.05 0.50 -0.3498740242388 -0.3138001119593 0.0360739122795
16 1.15 0.05 0.50 -0.3522728299164 -0.3100708198795 0.0422020100368
18 1.15 0.05 0.50 -0.3533657981795 -0.3066506600722 0.0467151381073
20 1.15 0.05 0.50 -0.3540091038009 -0.3057098949296 0.0482992088714
22 1.15 0.05 0.50 -0.3543122510563 -0.3047515705601 0.0495606804962
24 1.15 0.05 0.50 -0.3544809754337 -0.3045222458289 0.0499587296048
10 1.2 0.05 0.50 -0.3062077267102 -0.2967270935748 0.0094806331354
12 1.2 0.05 0.50 -0.3132613227707 -0.2846539465826 0.0286073761881
14 1.2 0.05 0.50 -0.3163083344218 -0.2745637772501 0.0417445571717
16 1.2 0.05 0.50 -0.3181695083016 -0.2716291499977 0.0465403583039
18 1.2 0.05 0.50 -0.3189974984984 -0.2689219919526 0.0500755065458
20 1.2 0.05 0.50 -0.3194649977562 -0.2682311216594 0.0512338760968
22 1.2 0.05 0.50 -0.3196808198892 -0.2675158358174 0.0521649840718
24 1.2 0.05 0.50 -0.3197959598638 -0.2673593982869 0.0524365615769
10 1.25 0.05 0.50 -0.2785359481867 -0.2587456072786 0.0197903409082
12 1.25 0.05 0.50 -0.2843890641430 -0.2485962006668 0.0357928634762
14 1.25 0.05 0.50 -0.2868443257052 -0.2401356116088 0.0467087140964
16 1.25 0.05 0.50 -0.2882858408792 -0.2378283266941 0.0504575141852
18 1.25 0.05 0.50 -0.2889128281223 -0.2356864638670 0.0532263642552
20 1.25 0.05 0.50 -0.2892536170165 -0.2351769561373 0.0540766608791
22 1.25 0.05 0.50 -0.2893799175154 -0.2347117950095 0.0546681225059
24 1.25 0.05 0.50 -0.2894579894553 -0.2346040486427 0.0548539408126
10 1.3 0.05 0.50 -0.2540609272948 -0.2253178764792 0.0287430508156
12 1.3 0.05 0.50 -0.2589027035678 -0.2168204634856 0.0420822400822
14 1.3 0.05 0.50 -0.2608563282900 -0.2097854411453 0.0510708871448
16 1.3 0.05 0.50 -0.2619727203117 -0.2079737157754 0.0539990045362
18 1.3 0.05 0.50 -0.2624479943148 -0.2062782725706 0.0561697217442
20 1.3 0.05 0.50 -0.2626945036220 -0.2059074075511 0.0567870960708
22 1.3 0.05 0.50 -0.2628040379937 -0.2055086057681 0.0572954322256
24 1.3 0.05 0.50 -0.2628576823435 -0.2054364494964 0.0574212328471
10 1.35 0.05 0.50 -0.2322992528239 -0.1958195695663 0.0364796832577
12 1.35 0.05 0.50 -0.2363012728572 -0.1887020245786 0.0475992482786
14 1.35 0.05 0.50 -0.2378960795255 -0.1827456712393 0.0551504082862
16 1.35 0.05 0.50 -0.2387597822581 -0.1813251934786 0.0574345887795
18 1.35 0.05 0.50 -0.2391192493055 -0.1799851356689 0.0591341136366
20 1.35 0.05 0.50 -0.2392981990326 -0.1797144613123 0.0595837377203
22 1.35 0.05 0.50 -0.2393762476509 -0.1794165233676 0.0599597242833
24 1.35 0.05 0.50 -0.2394128848109 -0.1793678855876 0.0600449992233
