10 0.8 1.60 0.40 -0.2516738065505 -0.1102502245462 0.1414235820042
12 0.8 1.60 0.40 -0.2557213218417 -0.1083114137522 0.1474099080895
14 0.8 1.60 0.40 -0.2585584630926 -0.1069864222023 0.1515720408903
16 0.8 1.60 0.40 -0.2602960485891 -0.1062371925936 0.1540588559956
18 0.8 1.60 0.40 -0.2615054782983 -0.1057086435040 0.1557968347943
20 0.8 1.60 0.40 -0.2622377623159 -0.1054037065771 0.1568340557387
22 0.8 1.60 0.40 -0.2625523845376 -0.1051870501366 0.1573653344010
24 0.8 1.60 0.40 -0.2628565914477 -0.1050725324982 0.1577840589494
10 0.85 1.60 0.40 -0.2119330456656 -0.0661159089633 0.1458171367024
12 0.85 1.60 0.40 -0.2151629856508 -0.0646641887335 0.1504987969173
14 0.85 1.60 0.40 -0.2173779732981 -0.0636803905059 0.1536975827922
16 0.85 1.60 0.40 -0.2187023888671 -0.0631439896485 0.1555583992186
18 0.85 1.60 0.40 -0.2195632431933 -0.0627712506299 0.1567919925634
20 0.85 1.60 0.40 -0.2200950350562 -0.0625659123734 0.1575291226828
22 0.85 1.60 0.40 -0.2204532244395 -0.0624227290448 0.1580304953948
24 0.85 1.60 0.40 -0.2206495426401 -0.0623440135869 0.1583055290533
10 0.9 1.60 0.40 -0.1803918830546 -0.0309849483048 0.1494069347498
12 0.9 1.60 0.40 -0.1828897273507 -0.0298907313533 0.1529989959974
14 0.9 1.60 0.40 -0.1845705864807 -0.0291560904578 0.1554144960229
16 0.9 1.60 0.40 -0.1855358531861 -0.0287711312764 0.1567647219097
18 0.9 1.60 0.40 -0.1861284429111 -0.0285066650713 0.1576217778398
20 0.9 1.60 0.40 -0.1864922182351 -0.0283672306953 0.1581249875398
22 0.9 1.60 0.40 -0.1867316949969 -0.0282715218204 0.1584601731766
24 0.9 1.60 0.40 -0.1868347715720 -0.0282211724696 0.1586135991024
10 0.95 1.60 0.40 -0.1549936977135 -0.0025602578311 0.1524334398824
12 0.95 1.60 0.40 -0.1568362671575 -0.0017768468732 0.1550594202843
14 0.95 1.60 0.40 -0.1580578136091 -0.0012527893850 0.1568050242241
16 0.95 1.60 0.40 -0.1586447828355 -0.0010065779126 0.1576382049229
18 0.95 1.60 0.40 -0.1590813528942 -0.0008301315294 0.1582512213649
20 0.95 1.60 0.40 -0.1593145633022 -0.0007427769578 0.1585717863444
22 0.95 1.60 0.40 -0.1594654912053 -0.0006830770133 0.1587824141920
24 0.95 1.60 0.40 -0.1595452542721 -0.0006535537035 0.1588917005686
10 1.0 1.60 0.40 -0.1336271050719 0.0203440908233 0.1539711958953
12 1.0 1.60 0.40 -0.1351219099167 0.0209746625583 0.1560965724750
14 1.0 1.60 0.40 -0.1360791156931 0.0213912670791 0.1574703827721
16 1.0 1.60 0.40 -0.1365922196314 0.0215908580359 0.1581830776672
18 1.0 1.60 0.40 -0.1369193891408 0.0217249561847 0.1586443453255
20 1.0 1.60 0.40 -0.1370892962236 0.0217900683318 0.1588793645554
22 1.0 1.60 0.40 -0.1371963254969 0.0218333419210 0.1590296674179
24 1.0 1.60 0.40 -0.1372511742433 0.0218540255047 0.1591051997479
10 1.05 1.60 0.40 -0.1161385615367 0.0392762475350 0.1554148090718
12 1.05 1.60 0.40 -0.1172916256422 0.0397583786101 0.1570500042523
14 1.05 1.60 0.40 -0.1180295858025 0.0400727846493 0.1581023704518
16 1.05 1.60 0.40 -0.1184043018136 0.0402183244801 0.1586226262937
18 1.05 1.60 0.40 -0.1186381863846 0.0403147108920 0.1589528972766
20 1.05 1.60 0.40 -0.1187545850372 0.0403592182817 0.1591138033190
22 1.05 1.60 0.40 -0.1188241947266 0.0403884857754 0.1592126805020
24 1.05 1.60 0.40 -0.1188594804165 0.0404016065092 0.1592610869257
10 1.1 1.60 0.40 -0.1015270288824 0.0549756724301 0.1565027013126
12 1.1 1.60 0.40 -0.1024239517269 0.0553455556670 0.1577695073939
14 1.1 1.60 0.40 -0.1029869800189 0.0555840958644 0.1585710758833
16 1.1 1.60 0.40 -0.1032591182034 0.0556902134675 0.1589493316709
18 1.1 1.60 0.40 -0.1034266085046 0.0557587708013 0.1591853793060
20 1.1 1.60 0.40 -0.1035064574024 0.0557892697064 0.1592957271088
22 1.1 1.60 0.40 -0.1035546314002 0.0558090633350 0.1593636947352
24 1.1 1.60 0.40 -0.1035773634244 0.0558179194243 0.1593952828487
10 1.15 1.60 0.40 -0.0892225044101 0.0680991606335 0.1573216650435
12 1.15 1.60 0.40 -0.0899280096227 0.0683828863283 0.1583108959509
14 1.15 1.60 0.40 -0.0903568762466 0.0685659169336 0.1589227931802
16 1.15 1.60 0.40 -0.0905574020591 0.0686427229727 0.1592001250318
18 1.15 1.60 0.40 -0.0906775082707 0.0686924852005 0.1593699934712
20 1.15 1.60 0.40 -0.0907323492916 0.0687134245642 0.1594457738558
22 1.15 1.60 0.40 -0.0907647695471 0.0687268466550 0.1594916162021
24 1.15 1.60 0.40 -0.0907794428781 0.0687324909640 0.1595119338421
10 1.2 1.60 0.40 -0.0788045676526 0.0791514090134 0.1579559766660
12 1.2 1.60 0.40 -0.0793536775806 0.0793701067334 0.1587237843140
14 1.2 1.60 0.40 -0.0796834722706 0.0795098561907 0.1591933284613
16 1.2 1.60 0.40 -0.0798304155609 0.0795663353597 0.1593967509206
18 1.2 1.60 0.40 -0.0799167036315 0.0796021680616 0.1595188716931
20 1.2 1.60 0.40 -0.0799544342305 0.0796165752777 0.1595710095082
22 1.2 1.60 0.40 -0.0799763022694 0.0796257035397 0.1596020058092
24 1.2 1.60 0.40 -0.0799857955312 0.0796291083710 0.1596149039022
10 1.25 1.60 0.40 -0.0699224602284 0.0885215187210 0.1584439789494
12 1.25 1.60 0.40 -0.0703526811026 0.0886916112239 0.1590442923265
14 1.25 1.60 0.40 -0.0706056741030 0.0887990479993 0.1594047221023
16 1.25 1.60 0.40 -0.0707134713501 0.0888403353135 0.1595538066636
18 1.25 1.60 0.40 -0.0707755930451 0.0888663493330 0.1596419423781
20 1.25 1.60 0.40 -0.0708017191206 0.0888762872281 0.1596780063487
22 1.25 1.60 0.40 -0.0708141384022 0.0888825159417 0.1596966543439
24 1.25 1.60 0.40 -0.0708202552757 0.0888846056719 0.1597048609476
10 1.3 1.60 0.40 -0.0623089028620 0.0965177017528 0.1588266046148
12 1.3 1.60 0.40 -0.0626456674622 0.0966499211784 0.1592955886407
14 1.3 1.60 0.40 -0.0628381319570 0.0967322328547 0.1595703648118
16 1.3 1.60 0.40 -0.0629174471503 0.0967625549870 0.1596800021373
18 1.3 1.60 0.40 -0.0629623162864 0.0967814581755 0.1597437744619
20 1.3 1.60 0.40 -0.0629803010947 0.0967883111618 0.1597686122565
22 1.3 1.60 0.40 -0.0629903379584 0.0967925823025 0.1597829202609
24 1.3 1.60 0.40 -0.0629943466779 0.0967941849862 0.1597885316641
10 1.35 1.60 0.40 -0.0557452525775 0.1033808446527 0.1591260972302
12 1.35 1.60 0.40 -0.0560093780826 0.1034834314672 0.1594928095499
14 1.35 1.60 0.40 -0.0561593339406 0.1035472788841 0.1597066128247
16 1.35 1.60 0.40 -0.0562177618855 0.1035695699948 0.1597873318803
18 1.35 1.60 0.40 -0.0562501829176 0.1035832989372 0.1598334818548
20 1.35 1.60 0.40 -0.0562626408841 0.1035880742769 0.1598507151610
22 1.35 1.60 0.40 -0.0562694668707 0.1035910102419 0.1598604771125
24 1.35 1.60 0.40 -0.0562720824857 0.1035919593607 0.1598640418464
