10 0.8 0.20 0.05 -0.6484884935783 -0.6551288191056 -0.0066403255273
12 0.8 0.20 0.05 -0.6707795337343 -0.6738671662541 -0.0030876325198
14 0.8 0.20 0.05 -0.6845895878033 -0.6852850072568 -0.0006954194535
16 0.8 0.20 0.05 -0.6940822348567 -0.6934731774840 0.0006090573726
18 0.8 0.20 0.05 -0.7001976201180 -0.6988136198297 0.0013840002882
20 0.8 0.20 0.05 -0.7041600926601 -0.7024454484942 0.0017146441660
22 0.8 0.20 0.05 -0.7057632663602 -0.7048636610189 0.0008996053413
24 0.8 0.20 0.05 -0.7073944517411 -0.7064400251446 0.0009544265965
10 0.85 0.20 0.05 -0.5634979225658 -0.5703004758319 -0.0068025532660
12 0.85 0.20 0.05 -0.5823807586261 -0.5857409775401 -0.0033602189140
14 0.85 0.20 0.05 -0.5939453363649 -0.5950659985857 -0.0011206622207
16 0.85 0.20 0.05 -0.6016319754254 -0.6014994943445 0.0001324810810
18 0.85 0.20 0.05 -0.6062918635618 -0.6056386267597 0.0006532368021
20 0.85 0.20 0.05 -0.6093494882098 -0.6083133927168 0.0010360954930
22 0.85 0.20 0.05 -0.6113294055539 -0.6100638071298 0.0012655984241
24 0.85 0.20 0.05 -0.6124510274187 -0.6111422732105 0.0013087542083
10 0.9 0.20 0.05 -0.4948398693359 -0.4995870523684 -0.0047471830325
12 0.9 0.20 0.05 -0.5103816005733 -0.5123253961652 -0.0019437955919
14 0.9 0.20 0.05 -0.5197467711828 -0.5199403622810 -0.0001935910981
16 0.9 0.20 0.05 -0.5256996273681 -0.5249850060121 0.0007146213559
18 0.9 0.20 0.05 -0.5291175780556 -0.5281768603079 0.0009407177477
20 0.9 0.20 0.05 -0.5313378929437 -0.5301485847487 0.0011893081950
22 0.9 0.20 0.05 -0.5327483044932 -0.5314115127691 0.0013367917241
24 0.9 0.20 0.05 -0.5333750397305 -0.5321553187001 0.0012197210304
10 0.95 0.20 0.05 -0.4385661284087 -0.4467794766834 -0.0082133482747
12 0.95 0.20 0.05 -0.4508088977125 -0.4552890999035 -0.0044802021909
14 0.95 0.20 0.05 -0.4580322702589 -0.4599980339711 -0.0019657637122
16 0.95 0.20 0.05 -0.4618974762558 -0.4626211053856 -0.0007236291297
18 0.95 0.20 0.05 -0.4645762074680 -0.4643438904948 0.0002323169732
20 0.95 0.20 0.05 -0.4660843037099 -0.4653052317450 0.0007790719649
22 0.95 0.20 0.05 -0.4670270075949 -0.4659093563479 0.0011176512470
24 0.95 0.20 0.05 -0.4675386880288 -0.4662318301185 0.0013068579103
10 1.0 0.20 0.05 -0.3876631900283 -0.3896066859727 -0.0019434959443
12 1.0 0.20 0.05 -0.3980894354195 -0.3982867769564 -0.0001973415369
14 1.0 0.20 0.05 -0.4040936040406 -0.4033517738613 0.0007418301793
16 1.0 0.20 0.05 -0.4076258996499 -0.4064375516238 0.0011883480261
18 1.0 0.20 0.05 -0.4097537092651 -0.4083062240670 0.0014474851980
20 1.0 0.20 0.05 -0.4109103678855 -0.4093695619701 0.0015408059154
22 1.0 0.20 0.05 -0.4116178991760 -0.4100227062777 0.0015951928983
24 1.0 0.20 0.05 -0.4119886252341 -0.4103665601720 0.0016220650621
10 1.05 0.20 0.05 -0.3454453798391 -0.3464649009247 -0.0010195210855
12 1.05 0.20 0.05 -0.3539198720026 -0.3536281989879 0.0002916730147
14 1.05 0.20 0.05 -0.3588111242177 -0.3577585611371 0.0010525630805
16 1.05 0.20 0.05 -0.3615229488293 -0.3601430443652 0.0013799044641
18 1.05 0.20 0.05 -0.3631275976351 -0.3615865034314 0.0015410942037
20 1.05 0.20 0.05 -0.3639601873571 -0.3623553699592 0.0016048173979
22 1.05 0.20 0.05 -0.3644449106281 -0.3628204797697 0.0016244308584
24 1.05 0.20 0.05 -0.3646955364352 -0.3630595775534 0.0016359588818
10 1.1 0.20 0.05 -0.3090490355877 -0.3093526989318 -0.0003036633442
12 1.1 0.20 0.05 -0.3159703526729 -0.3152636526630 0.0007067000099
14 1.1 0.20 0.05 -0.3198987371615 -0.3186227672351 0.0012759699264
16 1.1 0.20 0.05 -0.3219630045350 -0.3204782515992 0.0014847529358
18 1.1 0.20 0.05 -0.3231711838384 -0.3215701882400 0.0016009955984
20 1.1 0.20 0.05 -0.3237694569998 -0.3221315785387 0.0016378784611
22 1.1 0.20 0.05 -0.3241218786308 -0.3224612100250 0.0016606686058
24 1.1 0.20 0.05 -0.3242910468808 -0.3226234310371 0.0016676158437
10 1.15 0.20 0.05 -0.2774336170492 -0.2772420181258 0.0001915989234
12 1.15 0.20 0.05 -0.2831282130483 -0.2821147046536 0.0010135083947
14 1.15 0.20 0.05 -0.2862680287860 -0.2848327976353 0.0014352311508
16 1.15 0.20 0.05 -0.2878568735659 -0.2862783904975 0.0015784830684
18 1.15 0.20 0.05 -0.2887649113574 -0.2871087546453 0.0016561567121
20 1.15 0.20 0.05 -0.2891941096208 -0.2875098834267 0.0016842261941
22 1.15 0.20 0.05 -0.2894424229557 -0.2877438050438 0.0016986179119
24 1.15 0.20 0.05 -0.2895565099758 -0.2878540471505 0.0017024628253
10 1.2 0.20 0.05 -0.2499284864433 -0.2493091678532 0.0006193185900
12 1.2 0.20 0.05 -0.2545554906601 -0.2533264973065 0.0012289933535
14 1.2 0.20 0.05 -0.2570824466304 -0.2555286763527 0.0015537702776
16 1.2 0.20 0.05 -0.2582955470985 -0.2566462787602 0.0016492683383
18 1.2 0.20 0.05 -0.2589772486823 -0.2572703106150 0.0017069380673
20 1.2 0.20 0.05 -0.2592848616698 -0.2575638291013 0.0017210325685
22 1.2 0.20 0.05 -0.2594597092345 -0.2577291383815 0.0017305708530
24 1.2 0.20 0.05 -0.2595366218518 -0.2578037695494 0.0017328523024
10 1.25 0.20 0.05 -0.2258352290731 -0.2248967770999 0.0009384519731
12 1.25 0.20 0.05 -0.2296083023067 -0.2281982022575 0.0014101000492
14 1.25 0.20 0.05 -0.2316311133534 -0.2299879347229 0.0016431786305
16 1.25 0.20 0.05 -0.2325559579789 -0.2308450995993 0.0017108583796
18 1.25 0.20 0.05 -0.2330673801710 -0.2313194968884 0.0017478832826
20 1.25 0.20 0.05 -0.2332887068754 -0.2315312354054 0.0017574714700
22 1.25 0.20 0.05 -0.2333919536176 -0.2316481720373 0.0017437815802
24 1.25 0.20 0.05 -0.2334434631974 -0.2316986960490 0.0017447671484
10 1.3 0.20 0.05 -0.2046623950504 -0.2034705756025 0.0011918194479
12 1.3 0.20 0.05 -0.2077291595924 -0.2061840930872 0.0015450665052
14 1.3 0.20 0.05 -0.2093301220344 -0.2076270011685 0.0017031208659
16 1.3 0.20 0.05 -0.2100355219252 -0.2082892494790 0.0017462724461
18 1.3 0.20 0.05 -0.2104194327343 -0.2086467010097 0.0017727317245
20 1.3 0.20 0.05 -0.2105773797236 -0.2087995961778 0.0017777835458
22 1.3 0.20 0.05 -0.2106641338118 -0.2088821910376 0.0017819427743
24 1.3 0.20 0.05 -0.2106991392186 -0.2089164454852 0.0017826937334
10 1.35 0.20 0.05 -0.1859616124381 -0.1845825226098 0.0013790898282
12 1.35 0.20 0.05 -0.1884529715247 -0.1868139409164 0.0016390306083
14 1.35 0.20 0.05 -0.1897485355428 -0.1879789075779 0.0017696279648
16 1.35 0.20 0.05 -0.1902860580391 -0.1884877167233 0.0017983413157
18 1.35 0.20 0.05 -0.1905736733688 -0.1887572459521 0.0018164274166
20 1.35 0.20 0.05 -0.1906868538837 -0.1888679340570 0.0018189198267
22 1.35 0.20 0.05 -0.1907479787036 -0.1889267419208 0.0018212367828
24 1.35 0.20 0.05 -0.1907716132577 -0.1889501224425 0.0018214908152
