10 0.8 0.35 0.50 -0.5667445023798 -0.5108162007304 0.0559283016495
12 0.8 0.35 0.50 -0.5841323717804 -0.4803313648444 0.1038010069360
14 0.8 0.35 0.50 -0.5957251834346 -0.4560359813841 0.1396892020504
16 0.8 0.35 0.50 -0.6031726055401 -0.4449161250259 0.1582564805142
18 0.8 0.35 0.50 -0.6082539850667 -0.4355383678417 0.1727156172251
20 0.8 0.35 0.50 -0.6113901221535 -0.4313161148078 0.1800740073456
22 0.8 0.35 0.50 -0.6127238881063 -0.4286535358745 0.1840703522318
24 0.8 0.35 0.50 -0.6140254672366 -0.4270861993852 0.1869392678514
10 0.85 0.35 0.50 -0.4892154083884 -0.4077808637926 0.0814345445958
12 0.85 0.35 0.50 -0.5037894123875 -0.3817024939369 0.1220869184505
14 0.85 0.35 0.50 -0.5133725144651 -0.3611841670139 0.1521883474511
16 0.85 0.35 0.50 -0.5193476953708 -0.3521183414747 0.1672293538961
18 0.85 0.35 0.50 -0.5231703439719 -0.3447546036848 0.1784157402871
20 0.85 0.35 0.50 -0.5255696973436 -0.3414988002278 0.1840708971158
22 0.85 0.35 0.50 -0.5271771027437 -0.3384056481296 0.1887714546141
24 0.85 0.35 0.50 -0.5280632022192 -0.3373809539874 0.1906822482318
10 0.9 0.35 0.50 -0.4267393252721 -0.3196332737531 0.1071060515190
12 0.9 0.35 0.50 -0.4385864261446 -0.2983810017662 0.1402054243784
14 0.9 0.35 0.50 -0.4462592730692 -0.2817127089672 0.1645465641020
16 0.9 0.35 0.50 -0.4508366914087 -0.2747439788407 0.1760927125680
18 0.9 0.35 0.50 -0.4536081953132 -0.2691642967735 0.1844438985397
20 0.9 0.35 0.50 -0.4553331338208 -0.2668484286645 0.1884847051563
22 0.9 0.35 0.50 -0.4564638407438 -0.2645157733195 0.1919480674243
24 0.9 0.35 0.50 -0.4569528959924 -0.2640521533263 0.1929007426660
10 0.95 0.35 0.50 -0.3756564200604 -0.2441832465623 0.1314731734981
12 0.95 0.35 0.50 -0.3848499863662 -0.2279465174711 0.1569034688951
14 0.95 0.35 0.50 -0.3907127894189 -0.2150413480109 0.1756714414080
16 0.95 0.35 0.50 -0.3936364701279 -0.2107438600987 0.1828926100292
18 0.95 0.35 0.50 -0.3957802385139 -0.2062550981835 0.1895251403304
20 0.95 0.35 0.50 -0.3969389684569 -0.2047606855584 0.1921782828986
22 0.95 0.35 0.50 -0.3976859969913 -0.2030664950179 0.1946195019734
24 0.95 0.35 0.50 -0.3980822836631 -0.2027017127385 0.1953805709246
10 1.0 0.35 0.50 -0.3300846355620 -0.1867044026974 0.1433802328647
12 1.0 0.35 0.50 -0.3378442198696 -0.1726715995465 0.1651726203231
14 1.0 0.35 0.50 -0.3426546252343 -0.1617185483171 0.1809360769172
16 1.0 0.35 0.50 -0.3453153812323 -0.1576474451670 0.1876679360653
18 1.0 0.35 0.50 -0.3469957362961 -0.1539613758862 0.1930343604100
20 1.0 0.35 0.50 -0.3478768807179 -0.1528433504027 0.1950335303151
22 1.0 0.35 0.50 -0.3484304151635 -0.1514859283232 0.1969444868403
24 1.0 0.35 0.50 -0.3487149132986 -0.1512629111015 0.1974520021971
10 1.05 0.35 0.50 -0.2923745189077 -0.1361627257679 0.1562117931398
12 1.05 0.35 0.50 -0.2986086720180 -0.1248335862007 0.1737750858173
14 1.05 0.35 0.50 -0.3024814084505 -0.1157658243957 0.1867155840548
16 1.05 0.35 0.50 -0.3045040900360 -0.1126759573667 0.1918281326693
18 1.05 0.35 0.50 -0.3057561850877 -0.1097599287499 0.1959962563378
20 1.05 0.35 0.50 -0.3063844621869 -0.1090078683261 0.1973765938608
22 1.05 0.35 0.50 -0.3067593405559 -0.1079728753750 0.1987864651808
24 1.05 0.35 0.50 -0.3069498170505 -0.1078769774558 0.1990728395947
10 1.1 0.35 0.50 -0.2600636489419 -0.0934618568507 0.1666017920912
12 1.1 0.35 0.50 -0.2650994948636 -0.0842510932896 0.1808484015740
14 1.1 0.35 0.50 -0.2681749093255 -0.0768048719988 0.1913700373267
16 1.1 0.35 0.50 -0.2696996793916 -0.0744944274564 0.1952052519352
18 1.1 0.35 0.50 -0.2706313754344 -0.0721726125969 0.1984587628375
20 1.1 0.35 0.50 -0.2710786495746 -0.0716854063063 0.1993932432683
22 1.1 0.35 0.50 -0.2713480107223 -0.0708531741174 0.2004948366050
24 1.1 0.35 0.50 -0.2714753518186 -0.0708408073763 0.2006345444422
10 1.15 0.35 0.50 -0.2321751756294 -0.0572223510438 0.1749528245856
12 1.15 0.35 0.50 -0.2362764167601 -0.0496522912484 0.1866241255118
14 1.15 0.35 0.50 -0.2387074068526 -0.0435351841371 0.1951722227156
16 1.15 0.35 0.50 -0.2398703559850 -0.0417924908502 0.1980778651348
18 1.15 0.35 0.50 -0.2405625925459 -0.0399327344777 0.2006298580682
20 1.15 0.35 0.50 -0.2408805371925 -0.0396357734158 0.2012447637767
22 1.15 0.35 0.50 -0.2410682179225 -0.0389702420880 0.2020979758345
24 1.15 0.35 0.50 -0.2411532880310 -0.0390113667270 0.2021419213040
10 1.2 0.35 0.50 -0.2080527773572 -0.0260914197984 0.1819613575589
12 1.2 0.35 0.50 -0.2113507488697 -0.0199653682141 0.1913853806556
14 1.2 0.35 0.50 -0.2132855281734 -0.0148913005862 0.1983942275872
16 1.2 0.35 0.50 -0.2141654623877 -0.0136020822911 0.2005633800966
18 1.2 0.35 0.50 -0.2146793669796 -0.0121018372689 0.2025775297107
20 1.2 0.35 0.50 -0.2149052015345 -0.0119401394043 0.2029650621302
22 1.2 0.35 0.50 -0.2150359309632 -0.0113999794553 0.2036359515079
24 1.2 0.35 0.50 -0.2150927500701 -0.0114739322311 0.2036188178390
10 1.25 0.35 0.50 -0.1870492744113 0.0007284581536 0.1877777325649
12 1.25 0.35 0.50 -0.1897123425023 0.0057106010940 0.1954229435963
14 1.25 0.35 0.50 -0.1912444637603 0.0099161765850 0.2011606403453
16 1.25 0.35 0.50 -0.1919094331438 0.0108573076107 0.2027667407545
18 1.25 0.35 0.50 -0.1922908011636 0.0120768007558 0.2043676019194
20 1.25 0.35 0.50 -0.1924518687059 0.0121450817931 0.2045969504990
22 1.25 0.35 0.50 -0.1925283467318 0.0125587949935 0.2050871417253
24 1.25 0.35 0.50 -0.1925660523679 0.0124663127365 0.2050323651044
10 1.3 0.35 0.50 -0.1686975812878 0.0240057642699 0.1927033455576
12 1.3 0.35 0.50 -0.1708414917670 0.0280366370871 0.1988781288541
14 1.3 0.35 0.50 -0.1720416858208 0.0315082537567 0.2035499395775
16 1.3 0.35 0.50 -0.1725445786606 0.0321820342121 0.2047266128727
18 1.3 0.35 0.50 -0.1728278548373 0.0331826261869 0.2060104810242
20 1.3 0.35 0.50 -0.1729418070795 0.0331837969068 0.2061256039863
22 1.3 0.35 0.50 -0.1730053457586 0.0335559946096 0.2065613403682
24 1.3 0.35 0.50 -0.1730307424183 0.0334538779845 0.2064846204028
10 1.35 0.35 0.50 -0.1525824168465 0.0442813589050 0.1968637757515
12 1.35 0.35 0.50 -0.1543081174639 0.0475383202059 0.2018464376698
14 1.35 0.35 0.50 -0.1552690778888 0.0504630509310 0.2057321288197
16 1.35 0.35 0.50 -0.1556491168283 0.0509335768540 0.2065826936823
18 1.35 0.35 0.50 -0.1558591897466 0.0517594970404 0.2076186867870
20 1.35 0.35 0.50 -0.1559401575629 0.0517169133057 0.2076570708686
22 1.35 0.35 0.50 -0.1559844886828 0.0520317058514 0.2080161945342
24 1.35 0.35 0.50 -0.1560014861196 0.0519269690959 0.2079284552155
