10 1.0 0.30 0.20 -0.3477150682796 -0.3334819958477 0.0142330724320
12 1.0 0.30 0.20 -0.3562362915993 -0.3346706140808 0.0215656775185
14 1.0 0.30 0.20 -0.3614304284341 -0.3351972350789 0.0262331933552
16 1.0 0.30 0.20 -0.3643404960840 -0.3354958674495 0.0288446286345
18 1.0 0.30 0.20 -0.3661623694427 -0.3356702085336 0.0304921609092
20 1.0 0.30 0.20 -0.3671234024373 -0.3357556373226 0.0313677651148
22 1.0 0.30 0.20 -0.3677247993035 -0.3358124022573 0.0319123970462
24 1.0 0.30 0.20 -0.3680346621874 -0.3358384046436 0.0321962575438
10 1.05 0.30 0.20 -0.3085623562432 -0.2900545228955 0.0185078333476
12 1.05 0.30 0.20 -0.3154319805366 -0.2909956623640 0.0244363181726
14 1.05 0.30 0.20 -0.3196298320406 -0.2914108581456 0.0282189738950
16 1.05 0.30 0.20 -0.3218488757723 -0.2916333687176 0.0302155070547
18 1.05 0.30 0.20 -0.3232115576960 -0.2917653737255 0.0314461839705
20 1.05 0.30 0.20 -0.3238989453946 -0.2918258831527 0.0320730622419
22 1.05 0.30 0.20 -0.3243077074726 -0.2918683507697 0.0324393567029
24 1.05 0.30 0.20 -0.3245158400888 -0.2918858252984 0.0326300147904
10 1.1 0.30 0.20 -0.2749487983405 -0.2530236619056 0.0219251364350
12 1.1 0.30 0.20 -0.2805160591932 -0.2537643839636 0.0267516752297
14 1.1 0.30 0.20 -0.2838619939158 -0.2540985858555 0.0297634080602
16 1.1 0.30 0.20 -0.2855398727883 -0.2542664205489 0.0312734522394
18 1.1 0.30 0.20 -0.2865575774137 -0.2543664050472 0.0321911723665
20 1.1 0.30 0.20 -0.2870484375111 -0.2544093294818 0.0326391080293
22 1.1 0.30 0.20 -0.2873431911086 -0.2544383043600 0.0329048867486
24 1.1 0.30 0.20 -0.2874827799671 -0.2544500764826 0.0330327034845
10 1.15 0.30 0.20 -0.2458767067621 -0.2212595000995 0.0246172066626
12 1.15 0.30 0.20 -0.2504245119682 -0.2218365266083 0.0285879853600
14 1.15 0.30 0.20 -0.2530788404225 -0.2221071627945 0.0309716776280
16 1.15 0.30 0.20 -0.2543622708282 -0.2222313379437 0.0321309328845
18 1.15 0.30 0.20 -0.2551210911338 -0.2223071920127 0.0328138991211
20 1.15 0.30 0.20 -0.2554710706774 -0.2223377208737 0.0331333498037
22 1.15 0.30 0.20 -0.2556771426659 -0.2223584738403 0.0333186688256
24 1.15 0.30 0.20 -0.2557706860335 -0.2223664216110 0.0334042644225
10 1.2 0.30 0.20 -0.2206839513450 -0.1938458328045 0.0268381185405
12 1.2 0.30 0.20 -0.2243521729971 -0.1943026429817 0.0300495300153
14 1.2 0.30 0.20 -0.2264721857416 -0.1945193655375 0.0319528202041
16 1.2 0.30 0.20 -0.2274460475869 -0.1946124294276 0.0328336181593
18 1.2 0.30 0.20 -0.2280113091300 -0.1946700511710 0.0333412579590
20 1.2 0.30 0.20 -0.2282606302693 -0.1946918134217 0.0335688168476
22 1.2 0.30 0.20 -0.2284046411033 -0.1947067052568 0.0336979358464
24 1.2 0.30 0.20 -0.2284673099270 -0.1947120838995 0.0337552260275
10 1.25 0.30 0.20 -0.1987066941198 -0.1700718803666 0.0286348137531
12 1.25 0.30 0.20 -0.2016772856906 -0.1704317951948 0.0312454904957
14 1.25 0.30 0.20 -0.2033618108153 -0.1706065558608 0.0327552549545
16 1.25 0.30 0.20 -0.2040998001956 -0.1706764545958 0.0334233455998
18 1.25 0.30 0.20 -0.2045206611075 -0.1707202921192 0.0338003689883
20 1.25 0.30 0.20 -0.2046989892788 -0.1707358429261 0.0339631463526
22 1.25 0.30 0.20 -0.2047834931539 -0.1707491817194 0.0340343114345
24 1.25 0.30 0.20 -0.2048252040022 -0.1707528278104 0.0340723761918
10 1.3 0.30 0.20 -0.1794693842894 -0.1493536390791 0.0301157452103
12 1.3 0.30 0.20 -0.1818675723365 -0.1496386616176 0.0322289107189
14 1.3 0.30 0.20 -0.1831914289418 -0.1497820094075 0.0334094195342
16 1.3 0.30 0.20 -0.1837510395836 -0.1498345847525 0.0339164548311
18 1.3 0.30 0.20 -0.1840646401218 -0.1498679591932 0.0341966809286
20 1.3 0.30 0.20 -0.1841911566798 -0.1498790900481 0.0343120666317
22 1.3 0.30 0.20 -0.1842615851728 -0.1498868014488 0.0343747837240
24 1.3 0.30 0.20 -0.1842897603455 -0.1498892823623 0.0344004779832
10 1.35 0.30 0.20 -0.1625458569642 -0.1312220558144 0.0313238011498
12 1.35 0.30 0.20 -0.1644814187513 -0.1314480159597 0.0330334027916
14 1.35 0.30 0.20 -0.1655448222581 -0.1315618737886 0.0339829484695
16 1.35 0.30 0.20 -0.1659688255226 -0.1316015479468 0.0343672775758
18 1.35 0.30 0.20 -0.1662020925419 -0.1316270300925 0.0345750624494
20 1.35 0.30 0.20 -0.1662922317850 -0.1316350264302 0.0346572053548
22 1.35 0.30 0.20 -0.1663415136259 -0.1316405992913 0.0347009143346
24 1.35 0.30 0.20 -0.1663604232626 -0.1316422925661 0.0347181306966
