10 1.0 0.80 0.30 -0.2206508288013 -0.1438437284493 0.0768071003520
12 1.0 0.80 0.30 -0.2244517306639 -0.1434858699347 0.0809658607292
14 1.0 0.80 0.30 -0.2268966040783 -0.1432212048913 0.0836753991870
16 1.0 0.80 0.30 -0.2282139341170 -0.1431096058611 0.0851043282559
18 1.0 0.80 0.30 -0.2290558207203 -0.1430288148263 0.0860270058939
20 1.0 0.80 0.30 -0.2294937039132 -0.1429936807982 0.0865000231150
22 1.0 0.80 0.30 -0.2297697613172 -0.1429681013458 0.0868016599713
24 1.0 0.80 0.30 -0.2299112995660 -0.1429569447319 0.0869543548341
10 1.05 0.80 0.30 -0.1932489835044 -0.1137202306861 0.0795287528182
12 1.05 0.80 0.30 -0.1962351442922 -0.1134404025650 0.0827947417272
14 1.05 0.80 0.30 -0.1981547672243 -0.1132403850756 0.0849143821487
16 1.05 0.80 0.30 -0.1991340284697 -0.1131586630922 0.0859753653775
18 1.05 0.80 0.30 -0.1997464934212 -0.1130996463086 0.0866468471126
20 1.05 0.80 0.30 -0.2000517004410 -0.1130752778854 0.0869764225556
22 1.05 0.80 0.30 -0.2002343434043 -0.1130567627898 0.0871775806145
24 1.05 0.80 0.30 -0.2003269618144 -0.1130494466966 0.0872775151177
10 1.1 0.80 0.30 -0.1700936317033 -0.0884558338291 0.0816377978743
12 1.1 0.80 0.30 -0.1724553857593 -0.0882390189876 0.0842163667716
14 1.1 0.80 0.30 -0.1739442801214 -0.0880845718522 0.0858597082692
16 1.1 0.80 0.30 -0.1746669038408 -0.0880238697831 0.0866430340576
18 1.1 0.80 0.30 -0.1751124426775 -0.0879806558312 0.0871317868462
20 1.1 0.80 0.30 -0.1753250820323 -0.0879637261050 0.0873613559272
22 1.1 0.80 0.30 -0.1754534407050 -0.0879514685285 0.0875019721765
24 1.1 0.80 0.30 -0.1755140284633 -0.0879466573920 0.0875673710713
10 1.15 0.80 0.30 -0.1503822236801 -0.0671148134893 0.0832674101908
12 1.15 0.80 0.30 -0.1522679942059 -0.0669493076564 0.0853186865495
14 1.15 0.80 0.30 -0.1534190146405 -0.0668290510223 0.0865899636182
16 1.15 0.80 0.30 -0.1539591663106 -0.0667849588725 0.0871742074380
18 1.15 0.80 0.30 -0.1542831973391 -0.0667532059396 0.0875299913995
20 1.15 0.80 0.30 -0.1544312881458 -0.0667414103234 0.0876898778224
22 1.15 0.80 0.30 -0.1545188736369 -0.0667328843203 0.0877859893166
24 1.15 0.80 0.30 -0.1545585242981 -0.0667297122860 0.0878288120121
10 1.2 0.80 0.30 -0.1335405568904 -0.0489770588217 0.0845634980686
12 1.2 0.80 0.30 -0.1350283735379 -0.0488477683843 0.0861806051536
14 1.2 0.80 0.30 -0.1359253542013 -0.0487548578424 0.0871704963589
16 1.2 0.80 0.30 -0.1363263034763 -0.0487223484655 0.0876039550108
18 1.2 0.80 0.30 -0.1365620647588 -0.0486989467831 0.0878631179757
20 1.2 0.80 0.30 -0.1366652339158 -0.0486907073680 0.0879745265479
22 1.2 0.80 0.30 -0.1367250505131 -0.0486847576870 0.0880402928261
24 1.2 0.80 0.30 -0.1367510228153 -0.0486826603391 0.0880683624762
10 1.25 0.80 0.30 -0.1190554409488 -0.0334668752468 0.0855885657020
12 1.25 0.80 0.30 -0.1202355133382 -0.0333665711108 0.0868689422273
14 1.25 0.80 0.30 -0.1209318935486 -0.0332941606473 0.0876377329013
16 1.25 0.80 0.30 -0.1212294537182 -0.0332701319641 0.0879593217540
18 1.25 0.80 0.30 -0.1214011289599 -0.0332528320362 0.0881482969236
20 1.25 0.80 0.30 -0.1214733753311 -0.0332470608952 0.0882263144359
22 1.25 0.80 0.30 -0.1215077276454 -0.0332418785675 0.0882658490779
24 1.25 0.80 0.30 -0.1215246494420 -0.0332404888321 0.0882841606099
10 1.3 0.80 0.30 -0.1065425364611 -0.0201314080151 0.0864111284461
12 1.3 0.80 0.30 -0.1074765631342 -0.0200530428833 0.0874235202509
14 1.3 0.80 0.30 -0.1080120613390 -0.0199955755131 0.0880164858258
16 1.3 0.80 0.30 -0.1082332856217 -0.0199777869632 0.0882554986584
18 1.3 0.80 0.30 -0.1083585554762 -0.0199649704343 0.0883935850418
20 1.3 0.80 0.30 -0.1084087936057 -0.0199609203089 0.0884478732968
22 1.3 0.80 0.30 -0.1084368366402 -0.0199579958102 0.0884788408300
24 1.3 0.80 0.30 -0.1084480383169 -0.0199570709267 0.0884909673902
10 1.35 0.80 0.30 -0.0956762203745 -0.0086057002343 0.0870705201402
12 1.35 0.80 0.30 -0.0964161287900 -0.0085443979999 0.0878717307901
14 1.35 0.80 0.30 -0.0968374151331 -0.0085000689249 0.0883373462082
16 1.35 0.80 0.30 -0.0970019177149 -0.0084868511529 0.0885150665621
18 1.35 0.80 0.30 -0.0970932733412 -0.0084773158109 0.0886159575303
20 1.35 0.80 0.30 -0.0971283924473 -0.0084744617965 0.0886539306508
22 1.35 0.80 0.30 -0.0971476384456 -0.0084723991373 0.0886752393083
24 1.35 0.80 0.30 -0.0971550138838 -0.0084717813745 0.0886832325093
