10 0.8 1.60 0.00 -0.2516738065505 -0.2516738065505 0.0000000000000
12 0.8 1.60 0.00 -0.2557213218417 -0.2557213218417 0.0000000000000
14 0.8 1.60 0.00 -0.2585584630926 -0.2585584630926 0.0000000000000
16 0.8 1.60 0.00 -0.2602960485891 -0.2602960485891 0.0000000000000
18 0.8 1.60 0.00 -0.2615054782983 -0.2615054782983 0.0000000000000
20 0.8 1.60 0.00 -0.2622377623159 -0.2622377623159 0.0000000000000
22 0.8 1.60 0.00 -0.2625523845376 -0.2625523845376 0.0000000000000
24 0.8 1.60 0.00 -0.2628565914475 -0.2628565914475 0.0000000000000
10 0.85 1.60 0.00 -0.2119330456656 -0.2119330456656 0.0000000000000
12 0.85 1.60 0.00 -0.2151629856508 -0.2151629856508 0.0000000000000
14 0.85 1.60 0.00 -0.2173779732981 -0.2173779732981 0.0000000000000
16 0.85 1.60 0.00 -0.2187023888671 -0.2187023888671 0.0000000000000
18 0.85 1.60 0.00 -0.2195632431933 -0.2195632431933 0.0000000000000
20 0.85 1.60 0.00 -0.2200950350562 -0.2200950350562 0.0000000000000
22 0.85 1.60 0.00 -0.2204532244395 -0.2204532244395 0.0000000000000
