10 0.8 1.60 0.30 -0.2516738065505 -0.1754160820181 0.0762577245324
12 0.8 1.60 0.30 -0.2557213218417 -0.1749593497138 0.0807619721279
14 0.8 1.60 0.30 -0.2585584630926 -0.1746408175553 0.0839176455372
16 0.8 1.60 0.30 -0.2602960485891 -0.1744748896565 0.0858211589326
18 0.8 1.60 0.30 -0.2615054782983 -0.1743540049408 0.0871514733576
20 0.8 1.60 0.30 -0.2622377623159 -0.1742899535725 0.0879478087434
22 0.8 1.60 0.30 -0.2625523845376 -0.1742320819331 0.0883203026045
24 0.8 1.60 0.30 -0.2628565914475 -0.1742068663775 0.0886497250700
10 0.85 1.60 0.30 -0.2119330456656 -0.1324812363888 0.0794518092769
12 0.85 1.60 0.30 -0.2151629856508 -0.1321449021910 0.0830180834598
14 0.85 1.60 0.30 -0.2173779732981 -0.1319089741467 0.0854689991514
16 0.85 1.60 0.30 -0.2187023888671 -0.1317916571344 0.0869107317328
18 0.85 1.60 0.30 -0.2195632431933 -0.1317064270951 0.0878568160982
20 0.85 1.60 0.30 -0.2200950350562 -0.1316633463221 0.0884316887340
22 0.85 1.60 0.30 -0.2204532244395 -0.1316315726619 0.0888216517776
