10 0.8 0.80 0.45 -0.3992921387525 -0.2553566299685 0.1439355087840
12 0.8 0.80 0.45 -0.4086804190705 -0.2476452421662 0.1610351769043
14 0.8 0.80 0.45 -0.4152760259376 -0.2424356000851 0.1728404258524
16 0.8 0.80 0.45 -0.4193463118214 -0.2394435036650 0.1799028081564
18 0.8 0.80 0.45 -0.4221872192329 -0.2373758649779 0.1848113542549
20 0.8 0.80 0.45 -0.4239117374510 -0.2361731030759 0.1877386343750
22 0.8 0.80 0.45 -0.4246535096679 -0.2355643432463 0.1890891664216
24 0.8 0.80 0.45 -0.4253712805576 -0.2350749087942 0.1902963717634
10 0.85 0.80 0.45 -0.3399510679305 -0.1897756765708 0.1501753913597
12 0.85 0.80 0.45 -0.3476334775722 -0.1820786783710 0.1655547992012
14 0.85 0.80 0.45 -0.3529213332400 -0.1769360768592 0.1759852563809
16 0.85 0.80 0.45 -0.3561054034601 -0.1738836998035 0.1822217036566
18 0.85 0.80 0.45 -0.3581808737185 -0.1718030359330 0.1863778377855
20 0.85 0.80 0.45 -0.3594659456497 -0.1705559672736 0.1889099783761
22 0.85 0.80 0.45 -0.3603326369454 -0.1697134899829 0.1906191469626
24 0.85 0.80 0.45 -0.3608080664800 -0.1692129600315 0.1915951064485
10 0.9 0.80 0.45 -0.2924864804607 -0.1313543532662 0.1611321271945
12 0.9 0.80 0.45 -0.2985740373719 -0.1252735571566 0.1733004802153
14 0.9 0.80 0.45 -0.3026877894974 -0.1212637620432 0.1814240274541
16 0.9 0.80 0.45 -0.3050653113440 -0.1189609302847 0.1861043810593
18 0.9 0.80 0.45 -0.3065287495299 -0.1174154394676 0.1891133100623
20 0.9 0.80 0.45 -0.3074288902680 -0.1165277677596 0.1909011225084
22 0.9 0.80 0.45 -0.3080221316574 -0.1159397912504 0.1920823404070
24 0.9 0.80 0.45 -0.3082776487152 -0.1156056147406 0.1926720339746
10 0.95 0.80 0.45 -0.2539662216082 -0.0804035499486 0.1735626716596
12 0.95 0.80 0.45 -0.2585636675699 -0.0767745776680 0.1817890899019
14 0.95 0.80 0.45 -0.2616234214031 -0.0744104076342 0.1872130137689
16 0.95 0.80 0.45 -0.2631016922734 -0.0733016411179 0.1898000511555
18 0.95 0.80 0.45 -0.2642035354889 -0.0724974452576 0.1917060902313
20 0.95 0.80 0.45 -0.2647931291963 -0.0720843597530 0.1927087694433
22 0.95 0.80 0.45 -0.2651750433666 -0.0718113270949 0.1933637162717
24 0.95 0.80 0.45 -0.2653769926875 -0.0716714852214 0.1937055074661
10 1.0 0.80 0.45 -0.2206508288013 -0.0448209671544 0.1758298616470
12 1.0 0.80 0.45 -0.2244517306639 -0.0409909028656 0.1834608277983
14 1.0 0.80 0.45 -0.2268966040783 -0.0385391634811 0.1883574405972
16 1.0 0.80 0.45 -0.2282139341170 -0.0372190833757 0.1909948507413
18 1.0 0.80 0.45 -0.2290558207203 -0.0363814286831 0.1926743920372
20 1.0 0.80 0.45 -0.2294937039132 -0.0359304552287 0.1935632486845
22 1.0 0.80 0.45 -0.2297697613172 -0.0356427877556 0.1941269735615
24 1.0 0.80 0.45 -0.2299112995660 -0.0354950012602 0.1944162983058
10 1.05 0.80 0.45 -0.1932489835044 -0.0124969509518 0.1807520325526
12 1.05 0.80 0.45 -0.1962351442922 -0.0094457417715 0.1867894025207
14 1.05 0.80 0.45 -0.1981547672243 -0.0075225614488 0.1906322057755
16 1.05 0.80 0.45 -0.1991340284697 -0.0065346061396 0.1925994223301
18 1.05 0.80 0.45 -0.1997464934212 -0.0059056889546 0.1938408044666
20 1.05 0.80 0.45 -0.2000517004410 -0.0055827153296 0.1944689851114
22 1.05 0.80 0.45 -0.2002343434043 -0.0053907908523 0.1948435525519
24 1.05 0.80 0.45 -0.2003269618144 -0.0052877728468 0.1950391889676
10 1.1 0.80 0.45 -0.1700936317033 0.0144986780676 0.1845923097709
12 1.1 0.80 0.45 -0.1724553857593 0.0169325254898 0.1893879112490
14 1.1 0.80 0.45 -0.1739442801214 0.0184451689578 0.1923894490793
16 1.1 0.80 0.45 -0.1746669038408 0.0191911401988 0.1938580440396
18 1.1 0.80 0.45 -0.1751124426775 0.0196575246290 0.1947699673065
20 1.1 0.80 0.45 -0.1753250820323 0.0198809015750 0.1952059836073
22 1.1 0.80 0.45 -0.1754534407050 0.0200174496529 0.1954708903579
24 1.1 0.80 0.45 -0.1755140284633 0.0200842438708 0.1955982723340
10 1.15 0.80 0.45 -0.1503822236801 0.0372094695721 0.1875916932523
12 1.15 0.80 0.45 -0.1522679942059 0.0391566111052 0.1914246053111
14 1.15 0.80 0.45 -0.1534190146405 0.0403395648045 0.1937585794450
16 1.15 0.80 0.45 -0.1539591663106 0.0409066279187 0.1948657942293
18 1.15 0.80 0.45 -0.1542831973391 0.0412504034414 0.1955336007806
20 1.15 0.80 0.45 -0.1544312881458 0.0414108919689 0.1958421801147
22 1.15 0.80 0.45 -0.1545188736369 0.0415054892034 0.1960243628402
24 1.15 0.80 0.45 -0.1545585242981 0.0415474328900 0.1961059571881
10 1.2 0.80 0.45 -0.1335405568904 0.0564485041563 0.1899890610466
12 1.2 0.80 0.45 -0.1350283735379 0.0580112608749 0.1930396344128
14 1.2 0.80 0.45 -0.1359253542013 0.0589404434685 0.1948657976698
16 1.2 0.80 0.45 -0.1363263034763 0.0593693353298 0.1956956388061
18 1.2 0.80 0.45 -0.1365620647588 0.0596210066805 0.1961830714393
20 1.2 0.80 0.45 -0.1366652339158 0.0597348981486 0.1964001320644
22 1.2 0.80 0.45 -0.1367250505131 0.0598000868162 0.1965251373293
24 1.2 0.80 0.45 -0.1367510228153 0.0598267429820 0.1965777657974
10 1.25 0.80 0.45 -0.1190554409488 0.0728543249064 0.1919097658552
12 1.25 0.80 0.45 -0.1202355133382 0.0740986739372 0.1943341872754
14 1.25 0.80 0.45 -0.1209318935486 0.0748343484191 0.1957662419677
16 1.25 0.80 0.45 -0.1212294537182 0.0751592073023 0.1963886610205
18 1.25 0.80 0.45 -0.1214011289599 0.0753418403789 0.1967429693388
20 1.25 0.80 0.45 -0.1214733753311 0.0754225371873 0.1968959125184
22 1.25 0.80 0.45 -0.1215077276454 0.0754675298429 0.1969752574883
24 1.25 0.80 0.45 -0.1215246494420 0.0754870393250 0.1970116887670
10 1.3 0.80 0.45 -0.1065425364611 0.0869210792681 0.1934636157292
12 1.3 0.80 0.45 -0.1074765631342 0.0879198847232 0.1953964478574
14 1.3 0.80 0.45 -0.1080120613390 0.0884986657408 0.1965107270798
16 1.3 0.80 0.45 -0.1082332856217 0.0887410382892 0.1969743239109
18 1.3 0.80 0.45 -0.1083585554762 0.0888780772660 0.1972366327422
20 1.3 0.80 0.45 -0.1084087936057 0.0889349988272 0.1973437924330
22 1.3 0.80 0.45 -0.1084368366402 0.0889662632653 0.1974030999054
24 1.3 0.80 0.45 -0.1084480383169 0.0889784511738 0.1974264894906
10 1.35 0.80 0.45 -0.0956762203745 0.0990472136556 0.1947234340301
12 1.35 0.80 0.45 -0.0964161287900 0.0998540545698 0.1962701833599
14 1.35 0.80 0.45 -0.0968374151331 0.1003062931992 0.1971437083323
16 1.35 0.80 0.45 -0.0970019177149 0.1004911158196 0.1974930335346
18 1.35 0.80 0.45 -0.0970932733412 0.1005922344104 0.1976855077516
20 1.35 0.80 0.45 -0.0971283924473 0.1006325565240 0.1977609489713
22 1.35 0.80 0.45 -0.0971476384456 0.1006541981521 0.1978018365977
24 1.35 0.80 0.45 -0.0971550138838 0.1006618122682 0.1978168261519
