10 0.8 0.30 0.15 -0.5921710001206 -0.6143372198844 -0.0221662197638
12 0.8 0.30 0.15 -0.6109977360895 -0.6201023953876 -0.0091046592981
14 0.8 0.30 0.15 -0.6233185066574 -0.6230128513405 0.0003056553169
16 0.8 0.30 0.15 -0.6313605822111 -0.6249900232190 0.0063705589921
18 0.8 0.30 0.15 -0.6367805287073 -0.6262067701772 0.0105737585300
20 0.8 0.30 0.15 -0.6401578093447 -0.6269455088907 0.0132123004540
22 0.8 0.30 0.15 -0.6415815737299 -0.6274447223399 0.0141368513899
24 0.8 0.30 0.15 -0.6429804809712 -0.6277320086027 0.0152484723685
10 0.85 0.30 0.15 -0.5122300808407 -0.5274427691513 -0.0152126883106
12 0.85 0.30 0.15 -0.5280613547311 -0.5319701146294 -0.0039087598983
14 0.85 0.30 0.15 -0.5382902990456 -0.5342839406968 0.0040063583488
16 0.85 0.30 0.15 -0.5447618210202 -0.5357592379539 0.0090025830663
18 0.85 0.30 0.15 -0.5488563796989 -0.5366737188010 0.0121826608979
20 0.85 0.30 0.15 -0.5514479741029 -0.5371970430492 0.0142509310537
22 0.85 0.30 0.15 -0.5531742139042 -0.5375509354802 0.0156232784240
24 0.85 0.30 0.15 -0.5541297945119 -0.5377437491567 0.0163860453553
10 0.9 0.30 0.15 -0.4477552695812 -0.4556106057641 -0.0078553361829
12 0.9 0.30 0.15 -0.4606725766710 -0.4591721035635 0.0015004731076
14 0.9 0.30 0.15 -0.4688946459736 -0.4610141730509 0.0078804729227
16 0.9 0.30 0.15 -0.4738689646745 -0.4621163446110 0.0117526200635
18 0.9 0.30 0.15 -0.4768492829700 -0.4628039038027 0.0140453791673
20 0.9 0.30 0.15 -0.4787185415495 -0.4631748822256 0.0155436593239
22 0.9 0.30 0.15 -0.4799376873959 -0.4634257386349 0.0165119487610
24 0.9 0.30 0.15 -0.4804670372149 -0.4635551454710 0.0169118917438
10 0.95 0.30 0.15 -0.3949934194621 -0.3956731327694 -0.0006797133073
12 0.95 0.30 0.15 -0.4050614965581 -0.3984789407094 0.0065825558487
14 0.95 0.30 0.15 -0.4113656773533 -0.3999469888681 0.0114186884852
16 0.95 0.30 0.15 -0.4145571682403 -0.4007712880944 0.0137858801459
18 0.95 0.30 0.15 -0.4168720183651 -0.4012883769610 0.0155836414041
20 0.95 0.30 0.15 -0.4181320172200 -0.4015515260968 0.0165804911232
22 0.95 0.30 0.15 -0.4189405141197 -0.4017293520706 0.0172111620491
24 0.95 0.30 0.15 -0.4193707452156 -0.4018162353077 0.0175545099080
10 1.0 0.30 0.15 -0.3477150682796 -0.3452445754276 0.0024704928520
12 1.0 0.30 0.15 -0.3562362915993 -0.3474578160536 0.0087784755457
14 1.0 0.30 0.15 -0.3614304284341 -0.3486288566760 0.0128015717582
16 1.0 0.30 0.15 -0.3643404960840 -0.3492459155420 0.0150945805420
18 1.0 0.30 0.15 -0.3661623694427 -0.3496348879325 0.0165274815103
20 1.0 0.30 0.15 -0.3671234024373 -0.3498216618487 0.0173017405887
22 1.0 0.30 0.15 -0.3677247993035 -0.3499477446686 0.0177770546349
24 1.0 0.30 0.15 -0.3680346621874 -0.3500061014273 0.0180285607601
10 1.05 0.30 0.15 -0.3085623562432 -0.3025006689876 0.0060616872556
12 1.05 0.30 0.15 -0.3154319805366 -0.3042487173429 0.0111832631937
14 1.05 0.30 0.15 -0.3196298320406 -0.3051833626116 0.0144464694291
16 1.05 0.30 0.15 -0.3218488757723 -0.3056457810002 0.0162030947720
18 1.05 0.30 0.15 -0.3232115576960 -0.3059385218942 0.0172730358018
20 1.05 0.30 0.15 -0.3238989453946 -0.3060712004488 0.0178277449457
22 1.05 0.30 0.15 -0.3243077074726 -0.3061606523901 0.0181470550825
24 1.05 0.30 0.15 -0.3245158400888 -0.3061998778932 0.0183159621956
10 1.1 0.30 0.15 -0.2749487983405 -0.2660279938938 0.0089208044467
12 1.1 0.30 0.15 -0.2805160591932 -0.2674103544652 0.0131057047281
14 1.1 0.30 0.15 -0.2838619939158 -0.2681568185098 0.0157051754059
16 1.1 0.30 0.15 -0.2855398727883 -0.2685037122140 0.0170361605743
18 1.1 0.30 0.15 -0.2865575774137 -0.2687241563023 0.0178334211114
20 1.1 0.30 0.15 -0.2870484375111 -0.2688184996282 0.0182299378829
22 1.1 0.30 0.15 -0.2873431911086 -0.2688820186503 0.0184611724583
24 1.1 0.30 0.15 -0.2874827799671 -0.2689084103455 0.0185743696217
10 1.15 0.30 0.15 -0.2458767067621 -0.2347184026912 0.0111583040709
12 1.15 0.30 0.15 -0.2504245119682 -0.2358126106453 0.0146119013229
14 1.15 0.30 0.15 -0.2530788404225 -0.2364092109684 0.0166696294540
16 1.15 0.30 0.15 -0.2543622708282 -0.2366697445190 0.0176925263092
18 1.15 0.30 0.15 -0.2551210911338 -0.2368358807248 0.0182852104090
20 1.15 0.30 0.15 -0.2554710706774 -0.2369030424778 0.0185680281996
22 1.15 0.30 0.15 -0.2556771426659 -0.2369482010500 0.0187289416159
24 1.15 0.30 0.15 -0.2557706860335 -0.2369659805419 0.0188047054916
10 1.2 0.30 0.15 -0.2206839513450 -0.2076925675535 0.0129913837915
12 1.2 0.30 0.15 -0.2243521729971 -0.2085597465226 0.0157924264745
14 1.2 0.30 0.15 -0.2264721857416 -0.2090369684879 0.0174352172537
16 1.2 0.30 0.15 -0.2274460475869 -0.2092328927205 0.0182131548664
18 1.2 0.30 0.15 -0.2280113091300 -0.2093582318194 0.0186530773106
20 1.2 0.30 0.15 -0.2282606302693 -0.2094061098124 0.0188545204569
22 1.2 0.30 0.15 -0.2284046411033 -0.2094382643220 0.0189663767813
24 1.2 0.30 0.15 -0.2284673099270 -0.2094502610571 0.0190170488699
10 1.25 0.30 0.15 -0.1987066941198 -0.1842467228416 0.0144599712782
12 1.25 0.30 0.15 -0.2016772856906 -0.1849348446484 0.0167424410421
14 1.25 0.30 0.15 -0.2033618108153 -0.1853169127809 0.0180448980344
16 1.25 0.30 0.15 -0.2040998001956 -0.1854644669042 0.0186353332914
18 1.25 0.30 0.15 -0.2045206611075 -0.1855591494859 0.0189615116215
20 1.25 0.30 0.15 -0.2046989892788 -0.1855933363523 0.0191056529264
22 1.25 0.30 0.15 -0.2047834931539 -0.1856162740171 0.0191672191368
24 1.25 0.30 0.15 -0.2048252040022 -0.1856243843651 0.0192008196371
10 1.3 0.30 0.15 -0.1794693842894 -0.1638121162781 0.0156572680112
12 1.3 0.30 0.15 -0.1818675723365 -0.1643589210510 0.0175086512855
14 1.3 0.30 0.15 -0.1831914289418 -0.1646651286709 0.0185263002708
16 1.3 0.30 0.15 -0.1837510395836 -0.1647764350343 0.0189746045493
18 1.3 0.30 0.15 -0.1840646401218 -0.1648479919206 0.0192166482013
20 1.3 0.30 0.15 -0.1841911566798 -0.1648724330355 0.0193187236443
22 1.3 0.30 0.15 -0.1842615851728 -0.1648888191772 0.0193727659956
24 1.3 0.30 0.15 -0.1842897603455 -0.1648943097849 0.0193954505606
10 1.35 0.30 0.15 -0.1625458569642 -0.1459254793582 0.0166203776060
12 1.35 0.30 0.15 -0.1644814187513 -0.1463606204731 0.0181207982782
14 1.35 0.30 0.15 -0.1655448222581 -0.1466062973283 0.0189385249299
16 1.35 0.30 0.15 -0.1659688255226 -0.1466903710617 0.0192784544609
18 1.35 0.30 0.15 -0.1662020925419 -0.1467446310818 0.0194574614601
20 1.35 0.30 0.15 -0.1662922317850 -0.1467621508770 0.0195300809079
22 1.35 0.30 0.15 -0.1663415136259 -0.1467738925119 0.0195676211141
24 1.35 0.30 0.15 -0.1663604232626 -0.1467776216678 0.0195828015948
