10 1.0 0.10 0.45 -0.4348838081383 -0.4423949171716 -0.0075111090333
12 1.0 0.10 0.45 -0.4479569327882 -0.4247704602610 0.0231864725272
14 1.0 0.10 0.45 -0.4547212914382 -0.4090747513117 0.0456465401265
16 1.0 0.10 0.45 -0.4591570080743 -0.4032254726046 0.0559315354697
18 1.0 0.10 0.45 -0.4615690377025 -0.3976394621578 0.0639295755447
20 1.0 0.10 0.45 -0.4630120363213 -0.3957676368595 0.0672443994618
22 1.0 0.10 0.45 -0.4638218470899 -0.3937518828536 0.0700699642363
24 1.0 0.10 0.45 -0.4642800843002 -0.3932044044440 0.0710756798563
10 1.05 0.10 0.45 -0.3893754252099 -0.3800924649407 0.0092829602692
12 1.05 0.10 0.45 -0.4001218459040 -0.3651525012322 0.0349693446718
14 1.05 0.10 0.45 -0.4056671059069 -0.3518446050818 0.0538225008251
16 1.05 0.10 0.45 -0.4091051014553 -0.3472324360621 0.0618726653931
18 1.05 0.10 0.45 -0.4109373997263 -0.3426868696123 0.0682505301140
20 1.05 0.10 0.45 -0.4119843991205 -0.3412861447411 0.0706982543794
22 1.05 0.10 0.45 -0.4125432305445 -0.3397999754947 0.0727432550498
24 1.05 0.10 0.45 -0.4128551614486 -0.3394031951428 0.0734519663058
10 1.1 0.10 0.45 -0.3499723858826 -0.3266779288527 0.0232944570299
12 1.1 0.10 0.45 -0.3588448484464 -0.3140192100012 0.0448256384452
14 1.1 0.10 0.45 -0.3633241154347 -0.3027215168109 0.0606025986238
16 1.1 0.10 0.45 -0.3659663325530 -0.2990543310805 0.0669120014726
18 1.1 0.10 0.45 -0.3673563824287 -0.2953962616681 0.0719601207606
20 1.1 0.10 0.45 -0.3681144988395 -0.2944024768651 0.0737120219744
22 1.1 0.10 0.45 -0.3685248212352 -0.2932514349273 0.0752733863079
24 1.1 0.10 0.45 -0.3687367949846 -0.2929968389273 0.0757399560572
10 1.15 0.10 0.45 -0.3155892429791 -0.2805793028284 0.0350099401506
12 1.15 0.10 0.45 -0.3229632078363 -0.2698364172651 0.0531267905712
14 1.15 0.10 0.45 -0.3265638851112 -0.2603013877950 0.0662624973162
16 1.15 0.10 0.45 -0.3286150906620 -0.2573678722510 0.0712472184110
18 1.15 0.10 0.45 -0.3296678974630 -0.2544407449831 0.0752271524799
20 1.15 0.10 0.45 -0.3302158238141 -0.2537009713963 0.0765148524178
22 1.15 0.10 0.45 -0.3305074464717 -0.2528276039122 0.0776798425595
24 1.15 0.10 0.45 -0.3306513475544 -0.2526768477793 0.0779744997751
10 1.2 0.10 0.45 -0.2855513394517 -0.2405250196270 0.0450263198246
12 1.2 0.10 0.45 -0.2916067873637 -0.2313902747245 0.0602165126392
14 1.2 0.10 0.45 -0.2945233023094 -0.2233209461164 0.0712023561930
16 1.2 0.10 0.45 -0.2961030831508 -0.2209964013027 0.0751066818482
18 1.2 0.10 0.45 -0.2968996856712 -0.2186682012988 0.0782314843724
20 1.2 0.10 0.45 -0.2972952350166 -0.2181304604352 0.0791647745814
22 1.2 0.10 0.45 -0.2975023640700 -0.2174702813098 0.0800320827602
24 1.2 0.10 0.45 -0.2976000054967 -0.2173828867354 0.0802171187613
10 1.25 0.10 0.45 -0.2591235304313 -0.2054791221612 0.0536444082700
12 1.25 0.10 0.45 -0.2641116973536 -0.1978037263475 0.0663079710061
14 1.25 0.10 0.45 -0.2664610586429 -0.1909365900487 0.0755244685943
16 1.25 0.10 0.45 -0.2676756762704 -0.1890966617701 0.0785790145003
18 1.25 0.10 0.45 -0.2682780508037 -0.1872581390960 0.0810199117077
20 1.25 0.10 0.45 -0.2685645943109 -0.1868710260483 0.0816935682626
22 1.25 0.10 0.45 -0.2686871253239 -0.1863713035157 0.0823158218082
24 1.25 0.10 0.45 -0.2687529451595 -0.1863039705176 0.0824489746418
10 1.3 0.10 0.45 -0.2357998694806 -0.1746834860329 0.0611163834477
12 1.3 0.10 0.45 -0.2398954408045 -0.1681831859924 0.0717122548121
14 1.3 0.10 0.45 -0.2417655072628 -0.1623754597676 0.0793900474952
16 1.3 0.10 0.45 -0.2426994535271 -0.1609543545785 0.0817450989487
18 1.3 0.10 0.45 -0.2431552917611 -0.1594653726467 0.0836899191144
20 1.3 0.10 0.45 -0.2433612071696 -0.1591913156627 0.0841698915069
22 1.3 0.10 0.45 -0.2434657647098 -0.1588110882012 0.0846546765086
24 1.3 0.10 0.45 -0.2435107657928 -0.1587766300226 0.0847341357702
10 1.35 0.10 0.45 -0.2151089371767 -0.1474916321477 0.0676173050290
12 1.35 0.10 0.45 -0.2184690368791 -0.1419531086286 0.0765159282505
14 1.35 0.10 0.45 -0.2199934834464 -0.1370731735480 0.0829203098984
16 1.35 0.10 0.45 -0.2207108500786 -0.1359457623429 0.0847650877357
18 1.35 0.10 0.45 -0.2210550567903 -0.1347557994227 0.0862992573676
20 1.35 0.10 0.45 -0.2212035997451 -0.1345625990135 0.0866410007316
22 1.35 0.10 0.45 -0.2212778923205 -0.1342738921068 0.0870040002137
24 1.35 0.10 0.45 -0.2213084640423 -0.1342592161991 0.0870492478432
