10 0.8 0.30 0.35 -0.5921710001206 -0.5670128156212 0.0251581844994
12 0.8 0.30 0.35 -0.6109977360895 -0.5615667202313 0.0494310158582
14 0.8 0.30 0.35 -0.6233185066574 -0.5575470722960 0.0657714343615
16 0.8 0.30 0.35 -0.6313605822111 -0.5554968868976 0.0758636953135
18 0.8 0.30 0.35 -0.6367805287073 -0.5540162991734 0.0827642295339
20 0.8 0.30 0.35 -0.6401578093447 -0.5532082888252 0.0869495205195
22 0.8 0.30 0.35 -0.6415815737299 -0.5526302555318 0.0889513181980
24 0.8 0.30 0.35 -0.6429804809712 -0.5523069756750 0.0906735052962
10 0.85 0.30 0.35 -0.5122300808407 -0.4727351373505 0.0394949434902
12 0.85 0.30 0.35 -0.5280613547311 -0.4683923081764 0.0596690465547
14 0.85 0.30 0.35 -0.5382902990456 -0.4652452576806 0.0730450413650
16 0.85 0.30 0.35 -0.5447618210202 -0.4636844693626 0.0810773516577
18 0.85 0.30 0.35 -0.5488563796989 -0.4625710676545 0.0862853120443
20 0.85 0.30 0.35 -0.5514479741029 -0.4619875614447 0.0894604126582
22 0.85 0.30 0.35 -0.5531742139042 -0.4615702274902 0.0916039864140
24 0.85 0.30 0.35 -0.5541297945119 -0.4613494275807 0.0927803669313
10 0.9 0.30 0.35 -0.4477552695812 -0.3951536211884 0.0526016483928
12 0.9 0.30 0.35 -0.4606725766710 -0.3916862655960 0.0689863110750
14 0.9 0.30 0.35 -0.4688946459736 -0.3892070382583 0.0796876077152
16 0.9 0.30 0.35 -0.4738689646745 -0.3880190012878 0.0858499633868
18 0.9 0.30 0.35 -0.4768492829700 -0.3871789195770 0.0896703633930
20 0.9 0.30 0.35 -0.4787185415495 -0.3867573995515 0.0919611419980
22 0.9 0.30 0.35 -0.4799376873959 -0.3864586460517 0.0934790413442
24 0.9 0.30 0.35 -0.4804670372149 -0.3863078794797 0.0941591577352
10 0.95 0.30 0.35 -0.3949934194621 -0.3306792222550 0.0643141972071
12 0.95 0.30 0.35 -0.4050614965581 -0.3279015910351 0.0771599055229
14 0.95 0.30 0.35 -0.4113656773533 -0.3259408697886 0.0854248075647
16 0.95 0.30 0.35 -0.4145571682403 -0.3250346175989 0.0895225506414
18 0.95 0.30 0.35 -0.4168720183651 -0.3243991000281 0.0924729183370
20 0.95 0.30 0.35 -0.4181320172200 -0.3240946100425 0.0940374071775
22 0.95 0.30 0.35 -0.4189405141197 -0.3238804752277 0.0950600388920
24 0.95 0.30 0.35 -0.4193707452156 -0.3237775462701 0.0955931989456
10 1.0 0.30 0.35 -0.3477150682796 -0.2766120939139 0.0711029743657
12 1.0 0.30 0.35 -0.3562362915993 -0.2743828731574 0.0818534184419
14 1.0 0.30 0.35 -0.3614304284341 -0.2728245663098 0.0886058621243
16 1.0 0.30 0.35 -0.3643404960840 -0.2721327303696 0.0922077657144
18 1.0 0.30 0.35 -0.3661623694427 -0.2716510110100 0.0945113584327
20 1.0 0.30 0.35 -0.3671234024373 -0.2714308953026 0.0956925071347
22 1.0 0.30 0.35 -0.3677247993035 -0.2712772272563 0.0964475720472
24 1.0 0.30 0.35 -0.3680346621874 -0.2712069508598 0.0968277113276
10 1.05 0.30 0.35 -0.3085623562432 -0.2308994981401 0.0776628581031
12 1.05 0.30 0.35 -0.3154319805366 -0.2291088221724 0.0863231583642
14 1.05 0.30 0.35 -0.3196298320406 -0.2278662409289 0.0917635911117
16 1.05 0.30 0.35 -0.3218488757723 -0.2273377233571 0.0945111524151
18 1.05 0.30 0.35 -0.3232115576960 -0.2269721206843 0.0962394370117
20 1.05 0.30 0.35 -0.3238989453946 -0.2268130297795 0.0970859156151
22 1.05 0.30 0.35 -0.3243077074726 -0.2267026324773 0.0976050749953
24 1.05 0.30 0.35 -0.3245158400888 -0.2266546334771 0.0978612066117
10 1.1 0.30 0.35 -0.2749487983405 -0.1919662063658 0.0829825919747
12 1.1 0.30 0.35 -0.2805160591932 -0.1905252214699 0.0899908377234
14 1.1 0.30 0.35 -0.2838619939158 -0.1895318501099 0.0943301438059
16 1.1 0.30 0.35 -0.2855398727883 -0.1891278938183 0.0964119789700
18 1.1 0.30 0.35 -0.2865575774137 -0.1888496384272 0.0977079389865
20 1.1 0.30 0.35 -0.2870484375111 -0.1887345060798 0.0983139314312
22 1.1 0.30 0.35 -0.2873431911086 -0.1886550370490 0.0986881540596
24 1.1 0.30 0.35 -0.2874827799671 -0.1886222160738 0.0988605638934
10 1.15 0.30 0.35 -0.2458767067621 -0.1585818142089 0.0872948925532
12 1.15 0.30 0.35 -0.2504245119682 -0.1574214425112 0.0930030694570
14 1.15 0.30 0.35 -0.2530788404225 -0.1566248791893 0.0964539612332
16 1.15 0.30 0.35 -0.2543622708282 -0.1563157133785 0.0980465574497
18 1.15 0.30 0.35 -0.2551210911338 -0.1561036625659 0.0990174285679
20 1.15 0.30 0.35 -0.2554710706774 -0.1560202866985 0.0994507839789
22 1.15 0.30 0.35 -0.2556771426659 -0.1559629962655 0.0997141464004
24 1.15 0.30 0.35 -0.2557706860335 -0.1559405334517 0.0998301525819
10 1.2 0.30 0.35 -0.2206839513450 -0.1297787432761 0.0909052080688
12 1.2 0.30 0.35 -0.2243521729971 -0.1288430072035 0.0955091657936
14 1.2 0.30 0.35 -0.2264721857416 -0.1282026335530 0.0982695521885
16 1.2 0.30 0.35 -0.2274460475869 -0.1279658388688 0.0994802087181
18 1.2 0.30 0.35 -0.2280113091300 -0.1278039397872 0.1002073693428
20 1.2 0.30 0.35 -0.2282606302693 -0.1277435132645 0.1005171170048
22 1.2 0.30 0.35 -0.2284046411033 -0.1277021472930 0.1007024938103
24 1.2 0.30 0.35 -0.2284673099270 -0.1276867568087 0.1007805531183
10 1.25 0.30 0.35 -0.1987066941198 -0.1047864704586 0.0939202236612
12 1.25 0.30 0.35 -0.2016772856906 -0.1040309271111 0.0976463585794
14 1.25 0.30 0.35 -0.2033618108153 -0.1035150204069 0.0998467904084
16 1.25 0.30 0.35 -0.2040998001956 -0.1033335050560 0.1007662951395
18 1.25 0.30 0.35 -0.2045206611075 -0.1032097046101 0.1013109564974
20 1.25 0.30 0.35 -0.2046989892788 -0.1031658619880 0.1015331272908
22 1.25 0.30 0.35 -0.2047834931539 -0.1031359390458 0.1016475541081
24 1.25 0.30 0.35 -0.2048252040022 -0.1031253783030 0.1016998256992
10 1.3 0.30 0.35 -0.1794693842894 -0.0829867381537 0.0964826461357
12 1.3 0.30 0.35 -0.1818675723365 -0.0823760835841 0.0994914887524
14 1.3 0.30 0.35 -0.1831914289418 -0.0819597109678 0.1012317179740
16 1.3 0.30 0.35 -0.1837510395836 -0.0818204113801 0.1019306282035
18 1.3 0.30 0.35 -0.1840646401218 -0.0817255644617 0.1023390756601
20 1.3 0.30 0.35 -0.1841911566798 -0.0816937057858 0.1024974508940
22 1.3 0.30 0.35 -0.1842615851728 -0.0816720119412 0.1025895732315
24 1.3 0.30 0.35 -0.1842897603455 -0.0816647505213 0.1026250098242
10 1.35 0.30 0.35 -0.1625458569642 -0.0638795106467 0.0986663463175
12 1.35 0.30 0.35 -0.1644814187513 -0.0633854400492 0.1010959787021
14 1.35 0.30 0.35 -0.1655448222581 -0.0630485554903 0.1024962667678
16 1.35 0.30 0.35 -0.1659688255226 -0.0629415386723 0.1030272868503
18 1.35 0.30 0.35 -0.1662020925419 -0.0628687482223 0.1033333443196
20 1.35 0.30 0.35 -0.1662922317850 -0.0628455648642 0.1034466669207
22 1.35 0.30 0.35 -0.1663415136259 -0.0628298048056 0.1035117088203
24 1.35 0.30 0.35 -0.1663604232626 -0.0628248026043 0.1035356206584
