10 0.8 0.00 0.25 -0.7871716982653 -0.8696374759051 -0.0824657776399
12 0.8 0.00 0.25 -0.8196957410944 -0.8699683095689 -0.0502725684745
14 0.8 0.00 0.25 -0.8361226998226 -0.8694391700405 -0.0333164702178
16 0.8 0.00 0.25 -0.8504068217719 -0.8694799312163 -0.0190731094444
18 0.8 0.00 0.25 -0.8574720869517 -0.8694071165319 -0.0119350295803
20 0.8 0.00 0.25 -0.8635684754294 -0.8694126372569 -0.0058441618275
22 0.8 0.00 0.25 -0.8651794851708 -0.8694022178110 -0.0042227326402
24 0.8 0.00 0.25 -0.8677176979944 -0.8694029990634 -0.0016853010690
10 0.85 0.00 0.25 -0.6912338122099 -0.7588957429974 -0.0676619307875
12 0.85 0.00 0.25 -0.7193902362447 -0.7591249546659 -0.0397347184212
14 0.85 0.00 0.25 -0.7332712557882 -0.7587583156736 -0.0254870598854
16 0.85 0.00 0.25 -0.7450861260747 -0.7587836313905 -0.0136975053158
18 0.85 0.00 0.25 -0.7504855558760 -0.7587386127570 -0.0082530568810
20 0.85 0.00 0.25 -0.7552777906672 -0.7587416738743 -0.0034638832071
22 0.85 0.00 0.25 -0.7575500308530 -0.7587359307897 -0.0011858999366
24 0.85 0.00 0.25 -0.7593441562229 -0.7587363170751 0.0006078391478
10 0.9 0.00 0.25 -0.6135465735039 -0.6663908943314 -0.0528443208275
12 0.9 0.00 0.25 -0.6373296753389 -0.6665498267027 -0.0292201513638
14 0.9 0.00 0.25 -0.6486075133659 -0.6662957584814 -0.0176882451155
16 0.9 0.00 0.25 -0.6580147467195 -0.6663114727638 -0.0082967260442
18 0.9 0.00 0.25 -0.6619511983791 -0.6662836471909 -0.0043324488117
20 0.9 0.00 0.25 -0.6655283829015 -0.6662853425664 -0.0007569596649
22 0.9 0.00 0.25 -0.6671507240043 -0.6662821784356 0.0008685455687
24 0.9 0.00 0.25 -0.6682173456154 -0.6662823691598 0.0019349764555
10 0.95 0.00 0.25 -0.5497315039267 -0.5883636329043 -0.0386321289775
12 0.95 0.00 0.25 -0.5690940327099 -0.5884739142918 -0.0193798815819
14 0.95 0.00 0.25 -0.5777344234458 -0.5882978038320 -0.0105633803862
16 0.95 0.00 0.25 -0.5841881157565 -0.5883075549503 -0.0041194391937
18 0.95 0.00 0.25 -0.5872939429928 -0.5882903553358 -0.0009964123429
20 0.95 0.00 0.25 -0.5898182499097 -0.5882912936115 0.0015269562982
22 0.95 0.00 0.25 -0.5908901831699 -0.5882895503449 0.0026006328250
24 0.95 0.00 0.25 -0.5917570283398 -0.5882896444291 0.0034673839107
10 1.0 0.00 0.25 -0.4907800362944 -0.5219742612194 -0.0311942249250
12 1.0 0.00 0.25 -0.5076068910338 -0.5220509699618 -0.0144440789279
14 1.0 0.00 0.25 -0.5148562677835 -0.5219289408351 -0.0070726730517
16 1.0 0.00 0.25 -0.5207560932193 -0.5219350470641 -0.0011789538449
18 1.0 0.00 0.25 -0.5232533079354 -0.5219244558906 0.0013288520448
20 1.0 0.00 0.25 -0.5252238244458 -0.5219249977208 0.0032988267250
22 1.0 0.00 0.25 -0.5260406016144 -0.5219240547703 0.0041165468441
24 1.0 0.00 0.25 -0.5266787055778 -0.5219241100311 0.0047545955467
10 1.05 0.00 0.25 -0.4417763055909 -0.4650393213491 -0.0232630157582
12 1.05 0.00 0.25 -0.4558360394095 -0.4650926160528 -0.0092565766433
14 1.05 0.00 0.25 -0.4617672309331 -0.4650079126037 -0.0032406816706
16 1.05 0.00 0.25 -0.4664241563700 -0.4650116978057 0.0014124585643
18 1.05 0.00 0.25 -0.4683106475753 -0.4650051398040 0.0033055077713
20 1.05 0.00 0.25 -0.4697683381622 -0.4650054386018 0.0047628995604
22 1.05 0.00 0.25 -0.4703250387839 -0.4650049175493 0.0053201212346
24 1.05 0.00 0.25 -0.4707679824221 -0.4650049446904 0.0057630377317
10 1.1 0.00 0.25 -0.3991626506928 -0.4158672804320 -0.0167046297392
12 1.1 0.00 0.25 -0.4109606936503 -0.4159043594073 -0.0049436657569
14 1.1 0.00 0.25 -0.4157327480674 -0.4158455199274 -0.0001127718601
16 1.1 0.00 0.25 -0.4193811233436 -0.4158478733868 0.0035332499569
18 1.1 0.00 0.25 -0.4208043678751 -0.4158438126082 0.0049605552669
20 1.1 0.00 0.25 -0.4218805252165 -0.4158439794454 0.0060365457711
22 1.1 0.00 0.25 -0.4222895471322 -0.4158436926599 0.0064458544723
24 1.1 0.00 0.25 -0.4225965364010 -0.4158437066692 0.0067528297318
10 1.15 0.00 0.25 -0.3618062398348 -0.3731241138983 -0.0113178740635
12 1.15 0.00 0.25 -0.3717667929010 -0.3731499004434 -0.0013831075425
14 1.15 0.00 0.25 -0.3755841482751 -0.3731089450319 0.0024752032433
16 1.15 0.00 0.25 -0.3784676913441 -0.3731103950937 0.0053572962504
18 1.15 0.00 0.25 -0.3795394584810 -0.3731078652870 0.0064315931939
20 1.15 0.00 0.25 -0.3803326351136 -0.3731079535755 0.0072246815381
22 1.15 0.00 0.25 -0.3806216504356 -0.3731077915516 0.0075138588840
24 1.15 0.00 0.25 -0.3808342061256 -0.3731077971736 0.0077264089520
10 1.2 0.00 0.25 -0.3290335042816 -0.3357503118137 -0.0067168075320
12 1.2 0.00 0.25 -0.3373532303391 -0.3357682470761 0.0015849832630
14 1.2 0.00 0.25 -0.3404332810030 -0.3357396802393 0.0046936007637
16 1.2 0.00 0.25 -0.3426965224938 -0.3357405660896 0.0069559564042
18 1.2 0.00 0.25 -0.3435027681926 -0.3357389802800 0.0077637879126
20 1.2 0.00 0.25 -0.3440867566444 -0.3357390238318 0.0083477328125
22 1.2 0.00 0.25 -0.3442908467970 -0.3357389296693 0.0085519171277
24 1.2 0.00 0.25 -0.3444379533574 -0.3357389307479 0.0086990226094
10 1.25 0.00 0.25 -0.3000697934356 -0.3028952152978 -0.0028254218622
12 1.25 0.00 0.25 -0.3070392677624 -0.3029068210326 0.0041324467298
14 1.25 0.00 0.25 -0.3095082058457 -0.3028877804691 0.0066204253766
16 1.25 0.00 0.25 -0.3112819796907 -0.3028873764493 0.0083946032413
18 1.25 0.00 0.25 -0.3118880776117 -0.3028863734148 0.0090017041969
20 1.25 0.00 0.25 -0.3123192787459 -0.3028863915507 0.0094328871952
22 1.25 0.00 0.25 -0.3124328908876 -0.3028873025916 0.0095455882960
24 1.25 0.00 0.25 -0.3125341434009 -0.3028863330918 0.0096478103090
10 1.3 0.00 0.25 -0.2743960209755 -0.2738688122926 0.0005272086829
12 1.3 0.00 0.25 -0.2802182130265 -0.2738775911738 0.0063406218527
14 1.3 0.00 0.25 -0.2821690076805 -0.2738636665195 0.0083053411611
16 1.3 0.00 0.25 -0.2835591759592 -0.2738640150612 0.0096951608979
18 1.3 0.00 0.25 -0.2840153173864 -0.2738634008072 0.0101519165792
20 1.3 0.00 0.25 -0.2843315677844 -0.2738634151370 0.0104681526474
22 1.3 0.00 0.25 -0.2844334458065 -0.2738633865384 0.0105700592681
24 1.3 0.00 0.25 -0.2845039690730 -0.2738633869822 0.0106405820908
10 1.35 0.00 0.25 -0.2515164038546 -0.2481056137953 0.0034107900592
12 1.35 0.00 0.25 -0.2563771729229 -0.2481117890648 0.0082653838581
14 1.35 0.00 0.25 -0.2579629620881 -0.2481020493565 0.0098609127316
16 1.35 0.00 0.25 -0.2590517476811 -0.2481022736363 0.0109494740448
18 1.35 0.00 0.25 -0.2593939873117 -0.2481018936671 0.0112920936446
20 1.35 0.00 0.25 -0.2596267511814 -0.2481019033215 0.0115248478598
22 1.35 0.00 0.25 -0.2596986982210 -0.2481018885815 0.0115968096395
24 1.35 0.00 0.25 -0.2597475805218 -0.2481018892292 0.0116456912926
