10 0.8 0.40 0.10 -0.5429665326066 -0.5601084168814 -0.0171418842748
12 0.8 0.40 0.10 -0.5590718050711 -0.5678814813224 -0.0088096762513
14 0.8 0.40 0.10 -0.5699634040487 -0.5726932749743 -0.0027298709256
16 0.8 0.40 0.10 -0.5768803370964 -0.5756636928776 0.0012166442188
18 0.8 0.40 0.10 -0.5816386435550 -0.5776915354245 0.0039471081305
20 0.8 0.40 0.10 -0.5845577808705 -0.5788976393790 0.0056601414915
22 0.8 0.40 0.10 -0.5858055350905 -0.5797459340660 0.0060596010245
24 0.8 0.40 0.10 -0.5870186464446 -0.5801991879183 0.0068194585262
10 0.85 0.40 0.10 -0.4677716032769 -0.4808254219327 -0.0130538186558
12 0.85 0.40 0.10 -0.4812292975343 -0.4869582835412 -0.0057289860069
14 0.85 0.40 0.10 -0.4901951629822 -0.4907569943827 -0.0005618314005
16 0.85 0.40 0.10 -0.4957282428501 -0.4929920156038 0.0027362272463
18 0.85 0.40 0.10 -0.4992934773538 -0.4945027803337 0.0047906970201
20 0.85 0.40 0.10 -0.5015198952946 -0.4953558259289 0.0061640693658
22 0.85 0.40 0.10 -0.5030162238681 -0.4959464082831 0.0070698155850
