10 0.8 0.05 0.15 -0.7488216373627 -0.7996273406779 -0.0508057033152
12 0.8 0.05 0.15 -0.7783050239221 -0.8088730328074 -0.0305680088853
14 0.8 0.05 0.15 -0.7941591051137 -0.8126060983564 -0.0184469932427
16 0.8 0.05 0.15 -0.8069135807874 -0.8160317652068 -0.0091181844194
18 0.8 0.05 0.15 -0.8138643969575 -0.8175907840221 -0.0037263870646
20 0.8 0.05 0.15 -0.8192240568410 -0.8189192472333 0.0003048096077
22 0.8 0.05 0.15 -0.8209376789337 -0.8195628906443 0.0013747882894
24 0.8 0.05 0.15 -0.8231391005767 -0.8200849986496 0.0030541019271
10 0.85 0.05 0.15 -0.6557224084375 -0.6974522661267 -0.0417298576892
12 0.85 0.05 0.15 -0.6810785319037 -0.7050020858085 -0.0239235539048
14 0.85 0.05 0.15 -0.6944741500353 -0.7080187516184 -0.0135446015831
16 0.85 0.05 0.15 -0.7049450124408 -0.7106824929078 -0.0057374804670
18 0.85 0.05 0.15 -0.7102786556130 -0.7118755448662 -0.0015968892532
20 0.85 0.05 0.15 -0.7144598105194 -0.7128529758567 0.0016068346628
22 0.85 0.05 0.15 -0.7167397852352 -0.7133187926097 0.0034209926256
24 0.85 0.05 0.15 -0.7182764957180 -0.7136812394653 0.0045952562527
10 0.9 0.05 0.15 -0.5803678763442 -0.6121013323719 -0.0317334560277
12 0.9 0.05 0.15 -0.6016195115349 -0.6182806086267 -0.0166610970918
14 0.9 0.05 0.15 -0.6125252876403 -0.6207238724628 -0.0081985848225
16 0.9 0.05 0.15 -0.6207811302632 -0.6227964904814 -0.0020153602182
18 0.9 0.05 0.15 -0.6247026377160 -0.6237110058051 0.0009916319109
20 0.9 0.05 0.15 -0.6277885201208 -0.6244298399098 0.0033586802110
22 0.9 0.05 0.15 -0.6294268799405 -0.6247673927723 0.0046594871682
24 0.9 0.05 0.15 -0.6303143455089 -0.6250187238022 0.0052956217068
10 0.95 0.05 0.15 -0.5184930289148 -0.5401324552773 -0.0216394263625
12 0.95 0.05 0.15 -0.5356242364081 -0.5451992667956 -0.0095750303875
14 0.95 0.05 0.15 -0.5440305992412 -0.5471821090605 -0.0031515098193
16 0.95 0.05 0.15 -0.5495839443760 -0.5487954122481 0.0007885321278
18 0.95 0.05 0.15 -0.5526880083188 -0.5494974992047 0.0031905091141
20 0.95 0.05 0.15 -0.5548307153103 -0.5500259232367 0.0048047920737
22 0.95 0.05 0.15 -0.5559289831443 -0.5502708392565 0.0056581438878
24 0.95 0.05 0.15 -0.5566513830702 -0.5504450075351 0.0062063755352
10 1.0 0.05 0.15 -0.4616498074301 -0.4789405755446 -0.0172907681145
12 1.0 0.05 0.15 -0.4764389289486 -0.4831012529915 -0.0066623240429
14 1.0 0.05 0.15 -0.4834964018105 -0.4847135524733 -0.0012171506628
16 1.0 0.05 0.15 -0.4885690266194 -0.4859695924764 0.0025994341430
18 1.0 0.05 0.15 -0.4910669837625 -0.4865093543963 0.0045576293662
20 1.0 0.05 0.15 -0.4927264669031 -0.4868976595685 0.0058288073346
22 1.0 0.05 0.15 -0.4935635436283 -0.4870755914390 0.0064879521893
24 1.0 0.05 0.15 -0.4940911673067 -0.4871962323920 0.0068949349147
10 1.05 0.05 0.15 -0.4144181771057 -0.4265238335681 -0.0121056564625
12 1.05 0.05 0.15 -0.4266660116852 -0.4299449356800 -0.0032789239948
14 1.05 0.05 0.15 -0.4324559125363 -0.4312579439072 0.0011979686291
16 1.05 0.05 0.15 -0.4364171729605 -0.4322361324557 0.0041810405048
18 1.05 0.05 0.15 -0.4383158609374 -0.4326517681750 0.0056640927624
20 1.05 0.05 0.15 -0.4395284488870 -0.4329370897467 0.0065913591403
22 1.05 0.05 0.15 -0.4401059225293 -0.4330665651396 0.0070393573897
24 1.05 0.05 0.15 -0.4404673236118 -0.4331501271061 0.0073171965057
10 1.1 0.05 0.15 -0.3734341680154 -0.3813235332997 -0.0078893652843
12 1.1 0.05 0.15 -0.3836205183683 -0.3841398106070 -0.0005192922387
14 1.1 0.05 0.15 -0.3882979517082 -0.3852108354515 0.0030871162567
16 1.1 0.05 0.15 -0.3913660784325 -0.3859728533966 0.0053932250359
18 1.1 0.05 0.15 -0.3928077039195 -0.3862934136491 0.0065142902704
20 1.1 0.05 0.15 -0.3936917780628 -0.3865030950762 0.0071886829866
22 1.1 0.05 0.15 -0.3941174061029 -0.3865974709919 0.0075199351110
24 1.1 0.05 0.15 -0.3943644897893 -0.3866553676595 0.0077091221298
10 1.15 0.05 0.15 -0.3375889599487 -0.3421116443416 -0.0045226843930
12 1.15 0.05 0.15 -0.3461142189670 -0.3444318939217 0.0016823250453
14 1.15 0.05 0.15 -0.3498740242388 -0.3453069774170 0.0045670468217
16 1.15 0.05 0.15 -0.3522728299164 -0.3459008435577 0.0063719863587
18 1.15 0.05 0.15 -0.3533657981795 -0.3461484984795 0.0072172997000
20 1.15 0.05 0.15 -0.3540091038009 -0.3463026537424 0.0077064500585
22 1.15 0.05 0.15 -0.3543122510563 -0.3463715764633 0.0079406745930
24 1.15 0.05 0.15 -0.3544809754337 -0.3464117180192 0.0080692574145
10 1.2 0.05 0.15 -0.3062077267102 -0.3079081223500 -0.0017003956398
12 1.2 0.05 0.15 -0.3132613227707 -0.3098215771281 0.0034397456426
14 1.2 0.05 0.15 -0.3163083344218 -0.3105377920843 0.0057705423376
16 1.2 0.05 0.15 -0.3181695083016 -0.3110008707243 0.0071686375773
18 1.2 0.05 0.15 -0.3189974984984 -0.3111925532304 0.0078049452680
20 1.2 0.05 0.15 -0.3194649977562 -0.3113059655351 0.0081590322211
22 1.2 0.05 0.15 -0.3196808198892 -0.3113564063158 0.0083244135734
24 1.2 0.05 0.15 -0.3197959598638 -0.3113842672213 0.0084116926425
10 1.25 0.05 0.15 -0.2785359481867 -0.2779245738493 0.0006113743374
12 1.25 0.05 0.15 -0.2843890641430 -0.2795040695278 0.0048849946152
14 1.25 0.05 0.15 -0.2868443257052 -0.2800912386488 0.0067530870564
16 1.25 0.05 0.15 -0.2882858408792 -0.2804526098787 0.0078332310005
18 1.25 0.05 0.15 -0.2889128281223 -0.2806012624929 0.0083115656294
20 1.25 0.05 0.15 -0.2892536170165 -0.2806847835540 0.0085688334625
22 1.25 0.05 0.15 -0.2893799175154 -0.2807217843827 0.0086581331327
24 1.25 0.05 0.15 -0.2894579894553 -0.2807411494136 0.0087168400417
10 1.3 0.05 0.15 -0.2540609272948 -0.2515201820184 0.0025407452765
12 1.3 0.05 0.15 -0.2589027035678 -0.2528253704507 0.0060773331171
14 1.3 0.05 0.15 -0.2608563282900 -0.2533075938684 0.0075487344217
16 1.3 0.05 0.15 -0.2619727203117 -0.2535898639970 0.0083828563146
18 1.3 0.05 0.15 -0.2624479943148 -0.2537052370195 0.0087427572953
20 1.3 0.05 0.15 -0.2626945036220 -0.2537667938077 0.0089277098142
22 1.3 0.05 0.15 -0.2628040379937 -0.2537939808891 0.0090100571047
24 1.3 0.05 0.15 -0.2628576823435 -0.2538074557107 0.0090502266328
10 1.35 0.05 0.15 -0.2322992528239 -0.2281699699144 0.0041292829096
12 1.35 0.05 0.15 -0.2363012728572 -0.2292496390004 0.0070516338568
14 1.35 0.05 0.15 -0.2378960795255 -0.2296463454275 0.0082497340980
16 1.35 0.05 0.15 -0.2387597822581 -0.2298670011252 0.0088927811329
18 1.35 0.05 0.15 -0.2391192493055 -0.2299569168364 0.0091623324691
20 1.35 0.05 0.15 -0.2392981990326 -0.2300023755240 0.0092958235086
22 1.35 0.05 0.15 -0.2393762476509 -0.2300224205948 0.0093538270561
24 1.35 0.05 0.15 -0.2394128848109 -0.2300318220480 0.0093810627629
