10 0.8 0.00 0.20 -0.7871716982653 -0.8596008627473 -0.0724291644820
12 0.8 0.00 0.20 -0.8196957410944 -0.8642461918437 -0.0445504507493
14 0.8 0.00 0.20 -0.8361226998226 -0.8662310650262 -0.0301083652035
16 0.8 0.00 0.20 -0.8504068217719 -0.8678652112960 -0.0174583895241
18 0.8 0.00 0.20 -0.8574720869517 -0.8687386349340 -0.0112665479824
20 0.8 0.00 0.20 -0.8635684754294 -0.8693642385895 -0.0057957631601
22 0.8 0.00 0.20 -0.8651794851708 -0.8698142489885 -0.0046347638178
24 0.8 0.00 0.20 -0.8677176979944 -0.8700600636591 -0.0023423656647
10 0.85 0.00 0.20 -0.6912338122099 -0.7513836135529 -0.0601498013430
12 0.85 0.00 0.20 -0.7193902362447 -0.7551443679278 -0.0357541316830
14 0.85 0.00 0.20 -0.7332712557882 -0.7568104586962 -0.0235392029080
16 0.85 0.00 0.20 -0.7450861260747 -0.7580794036150 -0.0129932775404
18 0.85 0.00 0.20 -0.7504855558760 -0.7588192787832 -0.0083337229072
20 0.85 0.00 0.20 -0.7552777906672 -0.7592801175911 -0.0040023269238
22 0.85 0.00 0.20 -0.7575500308530 -0.7595434385484 -0.0019934076954
24 0.85 0.00 0.20 -0.7593441562229 -0.7597157835058 -0.0003716272829
10 0.9 0.00 0.20 -0.6135465735039 -0.6609113073025 -0.0473647337985
12 0.9 0.00 0.20 -0.6373296753389 -0.6639567184857 -0.0266270431468
14 0.9 0.00 0.20 -0.6486075133659 -0.6653409776011 -0.0167334642352
16 0.9 0.00 0.20 -0.6580147467195 -0.6663277527436 -0.0083130060241
18 0.9 0.00 0.20 -0.6619511983791 -0.6669370649892 -0.0049858666101
20 0.9 0.00 0.20 -0.6655283829015 -0.6672780026817 -0.0017496197802
22 0.9 0.00 0.20 -0.6671507240043 -0.6674713016005 -0.0003205775962
24 0.9 0.00 0.20 -0.6682173456154 -0.6675920620074 0.0006252836079
10 0.95 0.00 0.20 -0.5497315039267 -0.5845314649548 -0.0347999610281
12 0.95 0.00 0.20 -0.5690940327099 -0.5870197039770 -0.0179256712671
14 0.95 0.00 0.20 -0.5777344234458 -0.5881748468695 -0.0104404234237
16 0.95 0.00 0.20 -0.5841881157565 -0.5889932289953 -0.0048051132388
18 0.95 0.00 0.20 -0.5872939429928 -0.5894071830100 -0.0021132400172
20 0.95 0.00 0.20 -0.5898182499097 -0.5896599995929 0.0001582503168
22 0.95 0.00 0.20 -0.5908901831699 -0.5898022303065 0.0010879528634
24 0.95 0.00 0.20 -0.5917570283398 -0.5898869877304 0.0018700406094
10 1.0 0.00 0.20 -0.4907800362944 -0.5195116833687 -0.0287316470743
12 1.0 0.00 0.20 -0.5076068910338 -0.5215473660654 -0.0139404750316
14 1.0 0.00 0.20 -0.5148562677835 -0.5225322725274 -0.0076760047439
16 1.0 0.00 0.20 -0.5207560932193 -0.5231342616317 -0.0023781684125
18 1.0 0.00 0.20 -0.5232533079354 -0.5234594386036 -0.0002061306681
20 1.0 0.00 0.20 -0.5252238244458 -0.5236477092765 0.0015761151692
22 1.0 0.00 0.20 -0.5260406016144 -0.5237529337716 0.0022876678428
24 1.0 0.00 0.20 -0.5266787055778 -0.5238126605824 0.0028660449954
10 1.05 0.00 0.20 -0.4417763055909 -0.4637329654695 -0.0219566598786
12 1.05 0.00 0.20 -0.4558360394095 -0.4654185202711 -0.0095824808617
14 1.05 0.00 0.20 -0.4617672309331 -0.4662213824151 -0.0044541514820
16 1.05 0.00 0.20 -0.4664241563700 -0.4666926542907 -0.0002684979206
18 1.05 0.00 0.20 -0.4683106475753 -0.4669469534721 0.0013636941032
20 1.05 0.00 0.20 -0.4697683381622 -0.4670867574814 0.0026815806808
22 1.05 0.00 0.20 -0.4703250387839 -0.4671684490442 0.0031565897397
24 1.05 0.00 0.20 -0.4707679824221 -0.4672103969071 0.0035575855149
10 1.1 0.00 0.20 -0.3991626506928 -0.4155514175518 -0.0163887668590
12 1.1 0.00 0.20 -0.4109606936503 -0.4169378114995 -0.0059771178491
14 1.1 0.00 0.20 -0.4157327480674 -0.4176070577273 -0.0018743096599
16 1.1 0.00 0.20 -0.4193811233436 -0.4179803856467 0.0014007376969
18 1.1 0.00 0.20 -0.4208043678751 -0.4181793431701 0.0026250247050
20 1.1 0.00 0.20 -0.4218805252165 -0.4182832319548 0.0035972932617
22 1.1 0.00 0.20 -0.4222895471322 -0.4183404853370 0.0039490617952
24 1.1 0.00 0.20 -0.4225965364010 -0.4183699945812 0.0042265418197
10 1.15 0.00 0.20 -0.3618062398348 -0.3736913217503 -0.0118850819156
12 1.15 0.00 0.20 -0.3717667929010 -0.3748184139093 -0.0030516210084
14 1.15 0.00 0.20 -0.3755841482751 -0.3753797851023 0.0002043631729
16 1.15 0.00 0.20 -0.3784676913441 -0.3756697794454 0.0027979118987
18 1.15 0.00 0.20 -0.3795394584810 -0.3758257297181 0.0037137287628
20 1.15 0.00 0.20 -0.3803326351136 -0.3759030649652 0.0044295701484
22 1.15 0.00 0.20 -0.3806216504356 -0.3759454317079 0.0046762187277
24 1.15 0.00 0.20 -0.3808342061256 -0.3759662214126 0.0048679847130
10 1.2 0.00 0.20 -0.3290335042816 -0.3370870617235 -0.0080535574418
12 1.2 0.00 0.20 -0.3373532303391 -0.3380211364761 -0.0006679061371
14 1.2 0.00 0.20 -0.3404332810030 -0.3384861030141 0.0019471779889
16 1.2 0.00 0.20 -0.3426965224938 -0.3387141493497 0.0039823731440
18 1.2 0.00 0.20 -0.3435027681926 -0.3388365758239 0.0046661923687
20 1.2 0.00 0.20 -0.3440867566444 -0.3388942304461 0.0051925261983
22 1.2 0.00 0.20 -0.3442908467970 -0.3389256525692 0.0053651942278
24 1.2 0.00 0.20 -0.3444379533574 -0.3389403251118 0.0054976282456
10 1.25 0.00 0.20 -0.3000697934356 -0.3049304362889 -0.0048606428533
12 1.25 0.00 0.20 -0.3070392677624 -0.3057003162078 0.0013389515545
14 1.25 0.00 0.20 -0.3095082058457 -0.3060883005683 0.0034199052774
16 1.25 0.00 0.20 -0.3112819796907 -0.3062679147170 0.0050140649736
18 1.25 0.00 0.20 -0.3118880776117 -0.3063641920640 0.0055238855477
20 1.25 0.00 0.20 -0.3123192787459 -0.3064072471030 0.0059120316428
22 1.25 0.00 0.20 -0.3124328908876 -0.3064370511665 0.0059958397211
24 1.25 0.00 0.20 -0.3125341434009 -0.3064474191886 0.0060867242122
10 1.3 0.00 0.20 -0.2743960209755 -0.2765406312904 -0.0021446103149
12 1.3 0.00 0.20 -0.2802182130265 -0.2771788832419 0.0030393297846
14 1.3 0.00 0.20 -0.2821690076805 -0.2775087091744 0.0046602985061
16 1.3 0.00 0.20 -0.2835591759592 -0.2776502953956 0.0059088805635
18 1.3 0.00 0.20 -0.2840153173864 -0.2777260738788 0.0062892435076
20 1.3 0.00 0.20 -0.2843315677844 -0.2777582606252 0.0065733071592
22 1.3 0.00 0.20 -0.2844334458065 -0.2777756595971 0.0066577862094
24 1.3 0.00 0.20 -0.2845039690730 -0.2777830089014 0.0067209601715
10 1.35 0.00 0.20 -0.2515164038546 -0.2513749555027 0.0001414483519
12 1.35 0.00 0.20 -0.2563771729229 -0.2519046243438 0.0044725485791
14 1.35 0.00 0.20 -0.2579629620881 -0.2521751951739 0.0057877669141
16 1.35 0.00 0.20 -0.2590517476811 -0.2522870942521 0.0067646534290
18 1.35 0.00 0.20 -0.2593939873117 -0.2523469296391 0.0070470576726
20 1.35 0.00 0.20 -0.2596267511814 -0.2523710615019 0.0072556896795
22 1.35 0.00 0.20 -0.2596986982210 -0.2523840701121 0.0073146281089
24 1.35 0.00 0.20 -0.2597475805218 -0.2523892931314 0.0073582873903
