10 1.0 1.60 0.50 -0.1336271050719 0.1069485192527 0.2405756243246
12 1.0 1.60 0.50 -0.1351219099167 0.1086477291693 0.2437696390860
14 1.0 1.60 0.50 -0.1360791156931 0.1096975381871 0.2457766538802
16 1.0 1.60 0.50 -0.1365922196314 0.1102484133750 0.2468406330063
18 1.0 1.60 0.50 -0.1369193891408 0.1105954522155 0.2475148413563
20 1.0 1.60 0.50 -0.1370892962236 0.1107744019679 0.2478636981915
22 1.0 1.60 0.50 -0.1371963254969 0.1108866829877 0.2480830084846
24 1.0 1.60 0.50 -0.1372511742433 0.1109440907548 0.2481952649981
10 1.05 1.60 0.50 -0.1161385615367 0.1265679078720 0.2427064694087
12 1.05 1.60 0.50 -0.1172916256422 0.1278668662093 0.2451584918515
14 1.05 1.60 0.50 -0.1180295858025 0.1286720463073 0.2467016321098
16 1.05 1.60 0.50 -0.1184043018136 0.1290733279126 0.2474776297261
18 1.05 1.60 0.50 -0.1186381863846 0.1293212675709 0.2479594539555
20 1.05 1.60 0.50 -0.1187545850372 0.1294439462929 0.2481985313301
22 1.05 1.60 0.50 -0.1188241947266 0.1295170859209 0.2483412806475
24 1.05 1.60 0.50 -0.1188594804165 0.1295540968031 0.2484135772196
10 1.1 1.60 0.50 -0.1015270288824 0.1427839476513 0.2443109765337
12 1.1 1.60 0.50 -0.1024239517269 0.1437865044729 0.2462104561998
14 1.1 1.60 0.50 -0.1029869800189 0.1443982357959 0.2473852158148
16 1.1 1.60 0.50 -0.1032591182034 0.1446891810679 0.2479482992713
18 1.1 1.60 0.50 -0.1034266085046 0.1448667418292 0.2482933503338
20 1.1 1.60 0.50 -0.1035064574024 0.1449509922508 0.2484574496532
22 1.1 1.60 0.50 -0.1035546314002 0.1450016975381 0.2485563289383
24 1.1 1.60 0.50 -0.1035773634244 0.1450255917051 0.2486029551295
10 1.15 1.60 0.50 -0.0892225044101 0.1562913829602 0.2455138873703
12 1.15 1.60 0.50 -0.0899280096227 0.1570749395144 0.2470029491370
14 1.15 1.60 0.50 -0.0903568762466 0.1575393945193 0.2478962707659
16 1.15 1.60 0.50 -0.0905574020591 0.1577535589266 0.2483109609857
18 1.15 1.60 0.50 -0.0906775082707 0.1578809332329 0.2485584415036
20 1.15 1.60 0.50 -0.0907323492916 0.1579388702874 0.2486712195790
22 1.15 1.60 0.50 -0.0907647695471 0.1579730554738 0.2487378250209
24 1.15 1.60 0.50 -0.0907794428781 0.1579885116837 0.2487679545618
10 1.2 1.60 0.50 -0.0788045676526 0.1676445918875 0.2464491595401
12 1.2 1.60 0.50 -0.0793536775806 0.1682511075605 0.2476047851410
14 1.2 1.60 0.50 -0.0796834722706 0.1686073781750 0.2482908504456
16 1.2 1.60 0.50 -0.0798304155609 0.1687642244023 0.2485946399632
18 1.2 1.60 0.50 -0.0799167036315 0.1688557916522 0.2487724952836
20 1.2 1.60 0.50 -0.0799544342305 0.1688957067254 0.2488501409559
22 1.2 1.60 0.50 -0.0799763022694 0.1689188065833 0.2488951088527
24 1.2 1.60 0.50 -0.0799857955312 0.1689288267422 0.2489146222734
10 1.25 1.60 0.50 -0.0699224602284 0.1772473634729 0.2471698237013
12 1.25 1.60 0.50 -0.0703526811026 0.1777204536522 0.2480731347549
14 1.25 1.60 0.50 -0.0706056741030 0.1779931339298 0.2485988080327
16 1.25 1.60 0.50 -0.0707134713501 0.1781082588486 0.2488217301987
18 1.25 1.60 0.50 -0.0707755930451 0.1781742328820 0.2489498259272
20 1.25 1.60 0.50 -0.0708017191206 0.1782019097423 0.2490036288629
22 1.25 1.60 0.50 -0.0708141384022 0.1782149593633 0.2490290977655
24 1.25 1.60 0.50 -0.0708202552757 0.1782215216728 0.2490417769485
10 1.3 1.60 0.50 -0.0623089028620 0.1854259012547 0.2477348041168
12 1.3 1.60 0.50 -0.0626456674622 0.1857946917977 0.2484403592600
14 1.3 1.60 0.50 -0.0628381319570 0.1860018950378 0.2488400269949
16 1.3 1.60 0.50 -0.0629174471503 0.1860865411512 0.2490039883015
18 1.3 1.60 0.50 -0.0629623162864 0.1861342359686 0.2490965522549
20 1.3 1.60 0.50 -0.0629803010947 0.1861533149847 0.2491336160793
22 1.3 1.60 0.50 -0.0629903379584 0.1861639529837 0.2491542909421
24 1.3 1.60 0.50 -0.0629943466779 0.1861681998876 0.2491625465655
10 1.35 1.60 0.50 -0.0557452525775 0.1924310984327 0.2481763510102
12 1.35 1.60 0.50 -0.0560093780826 0.1927194062452 0.2487287843278
14 1.35 1.60 0.50 -0.0561593339406 0.1928806585763 0.2490399925169
16 1.35 1.60 0.50 -0.0562177618855 0.1929430171373 0.2491607790227
18 1.35 1.60 0.50 -0.0562501829176 0.1929775062009 0.2492276891184
20 1.35 1.60 0.50 -0.0562626408841 0.1929907374681 0.2492533783523
22 1.35 1.60 0.50 -0.0562694668707 0.1929979821204 0.2492674489911
24 1.35 1.60 0.50 -0.0562720824857 0.1930007572241 0.2492728397098
