10 0.8 0.80 0.10 -0.3992921387525 -0.4052245236314 -0.0059323848788
12 0.8 0.80 0.10 -0.4086804190705 -0.4095025427503 -0.0008221236797
14 0.8 0.80 0.10 -0.4152760259376 -0.4124436331018 0.0028323928358
16 0.8 0.80 0.10 -0.4193463118214 -0.4141435722074 0.0052027396141
18 0.8 0.80 0.10 -0.4221872192329 -0.4153524850077 0.0068347342252
20 0.8 0.80 0.10 -0.4239117374510 -0.4160551002490 0.0078566372019
22 0.8 0.80 0.10 -0.4246535096679 -0.4165562990139 0.0080972106539
24 0.8 0.80 0.10 -0.4253712805576 -0.4168219513833 0.0085493291742
10 0.85 0.80 0.10 -0.3399510679305 -0.3431019372143 -0.0031508692838
12 0.85 0.80 0.10 -0.3476334775722 -0.3464054005132 0.0012280770591
14 0.85 0.80 0.10 -0.3529213332400 -0.3486604286811 0.0042609045589
16 0.85 0.80 0.10 -0.3561054034601 -0.3499126057980 0.0061927976621
18 0.85 0.80 0.10 -0.3581808737185 -0.3507891206258 0.0073917530927
20 0.85 0.80 0.10 -0.3594659456497 -0.3512747729566 0.0081911726930
22 0.85 0.80 0.10 -0.3603326369454 -0.3516148119081 0.0087178250374
24 0.85 0.80 0.10 -0.3608080664800 -0.3518021618537 0.0090059046263
10 0.9 0.80 0.10 -0.2924864804607 -0.2925536910230 -0.0000672105623
12 0.9 0.80 0.10 -0.2985740373719 -0.2951124928541 0.0034615445178
14 0.9 0.80 0.10 -0.3026877894974 -0.2968455617879 0.0058422277095
16 0.9 0.80 0.10 -0.3050653113440 -0.2977682346461 0.0072970766979
18 0.9 0.80 0.10 -0.3065287495299 -0.2984054829804 0.0081232665495
20 0.9 0.80 0.10 -0.3074288902680 -0.2987435288985 0.0086853613695
22 0.9 0.80 0.10 -0.3080221316574 -0.2989763577370 0.0090457739204
24 0.9 0.80 0.10 -0.3082776487152 -0.2990991828037 0.0091784659115
10 0.95 0.80 0.10 -0.2539662216082 -0.2513248757765 0.0026413458317
12 0.95 0.80 0.10 -0.2585636675699 -0.2532112817274 0.0053523858425
14 0.95 0.80 0.10 -0.2616234214031 -0.2544809214894 0.0071424999137
16 0.95 0.80 0.10 -0.2631016922734 -0.2550854243071 0.0080162679663
18 0.95 0.80 0.10 -0.2642035354889 -0.2555207721545 0.0086827633344
20 0.95 0.80 0.10 -0.2647931291963 -0.2557371502190 0.0090559789774
22 0.95 0.80 0.10 -0.2651750433666 -0.2558853230424 0.0092897203242
24 0.95 0.80 0.10 -0.2653769926875 -0.2559586923949 0.0094183002926
10 1.0 0.80 0.10 -0.2206508288013 -0.2165972155238 0.0040536132775
12 1.0 0.80 0.10 -0.2244517306639 -0.2181437863005 0.0063079443634
14 1.0 0.80 0.10 -0.2268966040783 -0.2191743981070 0.0077222059713
16 1.0 0.80 0.10 -0.2282139341170 -0.2196751080111 0.0085388261058
18 1.0 0.80 0.10 -0.2290558207203 -0.2200130891252 0.0090427315951
20 1.0 0.80 0.10 -0.2294937039132 -0.2201770622176 0.0093166416956
22 1.0 0.80 0.10 -0.2297697613172 -0.2202853691208 0.0094843921964
24 1.0 0.80 0.10 -0.2299112995660 -0.2203381068536 0.0095731927124
10 1.05 0.80 0.10 -0.1932489835044 -0.1878397652358 0.0054092182686
12 1.05 0.80 0.10 -0.1962351442922 -0.1890461198334 0.0071890244588
14 1.05 0.80 0.10 -0.1981547672243 -0.1898406867330 0.0083140804913
16 1.05 0.80 0.10 -0.1991340284697 -0.1902121971404 0.0089218313293
18 1.05 0.80 0.10 -0.1997464934212 -0.1904577349024 0.0092887585188
20 1.05 0.80 0.10 -0.2000517004410 -0.1905717864285 0.0094799140125
22 1.05 0.80 0.10 -0.2002343434043 -0.1906468814990 0.0095874619053
24 1.05 0.80 0.10 -0.2003269618144 -0.1906813997066 0.0096455621078
10 1.1 0.80 0.10 -0.1700936317033 -0.1636429642292 0.0064506674741
12 1.1 0.80 0.10 -0.1724553857593 -0.1645865082006 0.0078688775587
14 1.1 0.80 0.10 -0.1739442801214 -0.1652007771881 0.0087435029333
16 1.1 0.80 0.10 -0.1746669038408 -0.1654747064223 0.0091921974185
18 1.1 0.80 0.10 -0.1751124426775 -0.1656544664060 0.0094579762715
20 1.1 0.80 0.10 -0.1753250820323 -0.1657336380749 0.0095914439574
22 1.1 0.80 0.10 -0.1754534407050 -0.1657851693684 0.0096682713366
24 1.1 0.80 0.10 -0.1755140284633 -0.1658077781104 0.0097062503529
10 1.15 0.80 0.10 -0.1503822236801 -0.1431498891327 0.0072323345474
12 1.15 0.80 0.10 -0.1522679942059 -0.1438870949434 0.0083808992625
14 1.15 0.80 0.10 -0.1534190146405 -0.1443640545833 0.0090549600572
16 1.15 0.80 0.10 -0.1539591663106 -0.1445670348948 0.0093921314158
18 1.15 0.80 0.10 -0.1542831973391 -0.1446982099450 0.0095849873941
20 1.15 0.80 0.10 -0.1544312881458 -0.1447534200041 0.0096778681417
22 1.15 0.80 0.10 -0.1545188736369 -0.1447888378145 0.0097300358224
24 1.15 0.80 0.10 -0.1545585242981 -0.1448036640272 0.0097548602709
10 1.2 0.80 0.10 -0.1335405568904 -0.1256891124829 0.0078514444074
12 1.2 0.80 0.10 -0.1350283735379 -0.1262657128164 0.0087626607215
14 1.2 0.80 0.10 -0.1359253542013 -0.1266364517341 0.0092889024672
16 1.2 0.80 0.10 -0.1363263034763 -0.1267866706935 0.0095396327828
18 1.2 0.80 0.10 -0.1365620647588 -0.1268819132462 0.0096801515126
20 1.2 0.80 0.10 -0.1366652339158 -0.1269204148153 0.0097448191006
22 1.2 0.80 0.10 -0.1367250505131 -0.1269448251286 0.0097802253845
24 1.2 0.80 0.10 -0.1367510228153 -0.1269545716374 0.0097964511779
10 1.25 0.80 0.10 -0.1190554409488 -0.1107258975056 0.0083295434432
12 1.25 0.80 0.10 -0.1202355133382 -0.1111798691814 0.0090556441568
14 1.25 0.80 0.10 -0.1209318935486 -0.1114674338682 0.0094644596804
16 1.25 0.80 0.10 -0.1212294537182 -0.1115787518520 0.0096507018661
18 1.25 0.80 0.10 -0.1214011289599 -0.1116489621417 0.0097521668181
20 1.25 0.80 0.10 -0.1214733753311 -0.1116758309194 0.0097975444117
22 1.25 0.80 0.10 -0.1215077276454 -0.1116926803869 0.0098150472585
24 1.25 0.80 0.10 -0.1215246494420 -0.1116990954978 0.0098255539443
10 1.3 0.80 0.10 -0.1065425364611 -0.0978392099396 0.0087033265215
12 1.3 0.80 0.10 -0.1074765631342 -0.0981957739447 0.0092807891895
14 1.3 0.80 0.10 -0.1080120613390 -0.0984200883167 0.0095919730222
16 1.3 0.80 0.10 -0.1082332856217 -0.0985026278678 0.0097306577538
18 1.3 0.80 0.10 -0.1083585554762 -0.0985541722306 0.0098043832456
20 1.3 0.80 0.10 -0.1084087936057 -0.0985729805344 0.0098358130713
22 1.3 0.80 0.10 -0.1084368366402 -0.0985846412012 0.0098521954389
24 1.3 0.80 0.10 -0.1084480383169 -0.0985888735689 0.0098591647480
10 1.35 0.80 0.10 -0.0956762203745 -0.0866856550556 0.0089905653189
12 1.35 0.80 0.10 -0.0964161287900 -0.0869667041901 0.0094494246000
14 1.35 0.80 0.10 -0.0968374151331 -0.0871416444785 0.0096957706546
16 1.35 0.80 0.10 -0.0970019177149 -0.0872029409423 0.0097989767726
18 1.35 0.80 0.10 -0.0970932733412 -0.0872408477288 0.0098524256124
20 1.35 0.80 0.10 -0.0971283924473 -0.0872540105577 0.0098743818897
22 1.35 0.80 0.10 -0.0971476384456 -0.0872621061252 0.0098855323203
24 1.35 0.80 0.10 -0.0971550138838 -0.0872649069009 0.0098901069829
