10 0.8 0.10 0.20 -0.7130484961170 -0.7579900637797 -0.0449415676627
12 0.8 0.10 0.20 -0.7398223460902 -0.7624282345640 -0.0226058884738
14 0.8 0.10 0.20 -0.7550463934200 -0.7638758968346 -0.0088295034146
16 0.8 0.10 0.20 -0.7665186448083 -0.7654118943724 0.0011067504360
18 0.8 0.10 0.20 -0.7732526906880 -0.7660632922228 0.0071893984653
20 0.8 0.10 0.20 -0.7780399125814 -0.7666348427907 0.0114050697907
22 0.8 0.10 0.20 -0.7797636025357 -0.7669806947322 0.0127829078035
24 0.8 0.10 0.20 -0.7817236693968 -0.7671985309227 0.0145251384742
10 0.85 0.10 0.20 -0.6227208432188 -0.6566979794793 -0.0339771362605
12 0.85 0.10 0.20 -0.6456142233421 -0.6602828941325 -0.0146686707905
14 0.85 0.10 0.20 -0.6584529522847 -0.6614807662722 -0.0030278139874
16 0.85 0.10 0.20 -0.6678176140955 -0.6626638927780 0.0051537213175
18 0.85 0.10 0.20 -0.6729829676728 -0.6632122660922 0.0097707015806
20 0.85 0.10 0.20 -0.6766996688381 -0.6636280550121 0.0130716138260
22 0.85 0.10 0.20 -0.6789119026693 -0.6638266846516 0.0150852180177
24 0.85 0.10 0.20 -0.6802704512435 -0.6639768827494 0.0162935684941
10 0.9 0.10 0.20 -0.5496506773285 -0.5723766709758 -0.0227259936473
12 0.9 0.10 0.20 -0.5687062346524 -0.5752729298079 -0.0065666951555
14 0.9 0.10 0.20 -0.5791553509154 -0.5762542078851 0.0029011430303
16 0.9 0.10 0.20 -0.5864837165264 -0.5771660678884 0.0093176486381
18 0.9 0.10 0.20 -0.5902891474182 -0.5776142792042 0.0126748682141
20 0.9 0.10 0.20 -0.5930121726553 -0.5779176614274 0.0150945112279
22 0.9 0.10 0.20 -0.5946005150545 -0.5780623423167 0.0165381727379
24 0.9 0.10 0.20 -0.5953719314787 -0.5781657874048 0.0172061440739
10 0.95 0.10 0.20 -0.4896822169946 -0.5014984000406 -0.0118161830460
12 0.95 0.10 0.20 -0.5049081082683 -0.5038552527569 0.0010528555114
14 0.95 0.10 0.20 -0.5129823592867 -0.5046637919202 0.0083185673665
16 0.95 0.10 0.20 -0.5178371242772 -0.5054054846861 0.0124316395911
18 0.95 0.10 0.20 -0.5208442875843 -0.5057043583214 0.0151399292629
20 0.95 0.10 0.20 -0.5227155595852 -0.5059260199927 0.0167895395925
22 0.95 0.10 0.20 -0.5237829979654 -0.5060317236794 0.0177512742860
24 0.95 0.10 0.20 -0.5244124922863 -0.5061030346747 0.0183094576117
10 1.0 0.10 0.20 -0.4348838081383 -0.4414234686079 -0.0065396604695
12 1.0 0.10 0.20 -0.4479569327882 -0.4433431333729 0.0046137994153
14 1.0 0.10 0.20 -0.4547212914382 -0.4440258386300 0.0106954528082
16 1.0 0.10 0.20 -0.4591570080743 -0.4445706791722 0.0145863289021
18 1.0 0.10 0.20 -0.4615690377025 -0.4448034297015 0.0167656080010
20 1.0 0.10 0.20 -0.4630120363213 -0.4449659059536 0.0180461303678
22 1.0 0.10 0.20 -0.4638218470899 -0.4450435881136 0.0187782589763
24 1.0 0.10 0.20 -0.4642800843002 -0.4450929078679 0.0191871764324
10 1.05 0.10 0.20 -0.3893754252099 -0.3901126691125 -0.0007372439026
12 1.05 0.10 0.20 -0.4001218459040 -0.3916911345819 0.0084307113221
14 1.05 0.10 0.20 -0.4056671059069 -0.3922402761522 0.0134268297547
16 1.05 0.10 0.20 -0.4091051014553 -0.3926619395294 0.0164431619258
18 1.05 0.10 0.20 -0.4109373997263 -0.3928424118135 0.0180949879128
20 1.05 0.10 0.20 -0.4119843991205 -0.3929611612213 0.0190232378992
22 1.05 0.10 0.20 -0.4125432305445 -0.3930211355392 0.0195220950053
24 1.05 0.10 0.20 -0.4128551614486 -0.3930551321516 0.0198000292969
10 1.1 0.10 0.20 -0.3499723858826 -0.3459861736561 0.0039862122264
12 1.1 0.10 0.20 -0.3588448484464 -0.3472769172726 0.0115679311738
14 1.1 0.10 0.20 -0.3633241154347 -0.3477298728406 0.0155942425941
16 1.1 0.10 0.20 -0.3659663325530 -0.3480593383125 0.0179069942405
18 1.1 0.10 0.20 -0.3673563824287 -0.3481993822299 0.0191570001988
20 1.1 0.10 0.20 -0.3681144988395 -0.3482861994519 0.0198282993876
22 1.1 0.10 0.20 -0.3685248212352 -0.3483279045723 0.0201969166629
24 1.1 0.10 0.20 -0.3687367949846 -0.3483513677335 0.0203854272510
10 1.15 0.10 0.20 -0.3155892429791 -0.3078160173605 0.0077732256186
12 1.15 0.10 0.20 -0.3229632078363 -0.3088617035113 0.0141015043250
14 1.15 0.10 0.20 -0.3265638851112 -0.3092380574973 0.0173258276139
16 1.15 0.10 0.20 -0.3286150906620 -0.3094912111504 0.0191238795116
18 1.15 0.10 0.20 -0.3296678974630 -0.3096001179712 0.0200677794918
20 1.15 0.10 0.20 -0.3302158238141 -0.3096636705234 0.0205521532907
22 1.15 0.10 0.20 -0.3305074464717 -0.3096943243061 0.0208131221656
24 1.15 0.10 0.20 -0.3306513475544 -0.3097105368352 0.0209408107192
10 1.2 0.10 0.20 -0.2855513394517 -0.2745897778055 0.0109615616461
12 1.2 0.10 0.20 -0.2916067873637 -0.2754498309548 0.0161569564090
14 1.2 0.10 0.20 -0.2945233023094 -0.2757583627755 0.0187649395339
16 1.2 0.10 0.20 -0.2961030831508 -0.2759548469147 0.0201482362361
18 1.2 0.10 0.20 -0.2968996856712 -0.2760396804346 0.0208600052366
20 1.2 0.10 0.20 -0.2972952350166 -0.2760862552595 0.0212089797571
22 1.2 0.10 0.20 -0.2975023640700 -0.2761088335928 0.0213935304772
24 1.2 0.10 0.20 -0.2976000054967 -0.2761200530394 0.0214799524573
10 1.25 0.10 0.20 -0.2591235304313 -0.2455306272043 0.0135929032269
12 1.25 0.10 0.20 -0.2641116973536 -0.2462349283823 0.0178767689713
14 1.25 0.10 0.20 -0.2664610586429 -0.2464899791861 0.0199710794568
16 1.25 0.10 0.20 -0.2676756762704 -0.2466426557261 0.0210330205443
18 1.25 0.10 0.20 -0.2682780508037 -0.2467088555211 0.0215691952827
20 1.25 0.10 0.20 -0.2685645943109 -0.2467430349420 0.0218215593689
22 1.25 0.10 0.20 -0.2686871253239 -0.2467642926974 0.0219228326265
24 1.25 0.10 0.20 -0.2687529451595 -0.2467720652395 0.0219808799200
10 1.3 0.10 0.20 -0.2357998694806 -0.2199912218635 0.0158086476171
12 1.3 0.10 0.20 -0.2398954408045 -0.2205705922300 0.0193248485745
14 1.3 0.10 0.20 -0.2417655072628 -0.2207857390759 0.0209797681869
16 1.3 0.10 0.20 -0.2426994535271 -0.2209044488930 0.0217950046341
18 1.3 0.10 0.20 -0.2431552917611 -0.2209561472898 0.0221991444713
20 1.3 0.10 0.20 -0.2433612071696 -0.2209812527016 0.0223799544680
22 1.3 0.10 0.20 -0.2434657647098 -0.2209935734352 0.0224721912746
24 1.3 0.10 0.20 -0.2435107657928 -0.2209989734779 0.0225117923149
10 1.35 0.10 0.20 -0.2151089371767 -0.1974530953747 0.0176558418020
12 1.35 0.10 0.20 -0.2184690368791 -0.1979300904008 0.0205389464783
14 1.35 0.10 0.20 -0.2199934834464 -0.1981047426331 0.0218887408133
16 1.35 0.10 0.20 -0.2207108500786 -0.1981972360043 0.0225136140742
18 1.35 0.10 0.20 -0.2210550567903 -0.1982377376119 0.0228173191784
20 1.35 0.10 0.20 -0.2212035997451 -0.1982562248149 0.0229473749302
22 1.35 0.10 0.20 -0.2212778923205 -0.1982653654403 0.0230125268801
24 1.35 0.10 0.20 -0.2213084640423 -0.1982691262862 0.0230393377561
