10 1.0 0.80 0.00 -0.2206508288013 -0.2206508288013 0.0000000000000
12 1.0 0.80 0.00 -0.2244517306639 -0.2244517306639 0.0000000000000
14 1.0 0.80 0.00 -0.2268966040783 -0.2268966040783 0.0000000000000
16 1.0 0.80 0.00 -0.2282139341170 -0.2282139341170 0.0000000000000
18 1.0 0.80 0.00 -0.2290558207203 -0.2290558207203 0.0000000000000
20 1.0 0.80 0.00 -0.2294937039132 -0.2294937039132 0.0000000000000
22 1.0 0.80 0.00 -0.2297697613172 -0.2297697613172 0.0000000000000
24 1.0 0.80 0.00 -0.2299112995660 -0.2299112995660 0.0000000000000
10 1.05 0.80 0.00 -0.1932489835044 -0.1932489835044 0.0000000000000
12 1.05 0.80 0.00 -0.1962351442922 -0.1962351442922 0.0000000000000
14 1.05 0.80 0.00 -0.1981547672243 -0.1981547672243 0.0000000000000
16 1.05 0.80 0.00 -0.1991340284697 -0.1991340284697 0.0000000000000
18 1.05 0.80 0.00 -0.1997464934212 -0.1997464934212 0.0000000000000
20 1.05 0.80 0.00 -0.2000517004410 -0.2000517004410 0.0000000000000
22 1.05 0.80 0.00 -0.2002343434043 -0.2002343434043 0.0000000000000
24 1.05 0.80 0.00 -0.2003269618144 -0.2003269618144 0.0000000000000
10 1.1 0.80 0.00 -0.1700936317033 -0.1700936317033 0.0000000000000
12 1.1 0.80 0.00 -0.1724553857593 -0.1724553857593 0.0000000000000
14 1.1 0.80 0.00 -0.1739442801214 -0.1739442801214 0.0000000000000
16 1.1 0.80 0.00 -0.1746669038408 -0.1746669038408 0.0000000000000
18 1.1 0.80 0.00 -0.1751124426775 -0.1751124426775 0.0000000000000
20 1.1 0.80 0.00 -0.1753250820323 -0.1753250820323 0.0000000000000
22 1.1 0.80 0.00 -0.1754534407050 -0.1754534407050 0.0000000000000
24 1.1 0.80 0.00 -0.1755140284633 -0.1755140284633 0.0000000000000
10 1.15 0.80 0.00 -0.1503822236801 -0.1503822236801 0.0000000000000
12 1.15 0.80 0.00 -0.1522679942059 -0.1522679942059 0.0000000000000
14 1.15 0.80 0.00 -0.1534190146405 -0.1534190146405 0.0000000000000
16 1.15 0.80 0.00 -0.1539591663106 -0.1539591663106 0.0000000000000
18 1.15 0.80 0.00 -0.1542831973391 -0.1542831973391 0.0000000000000
20 1.15 0.80 0.00 -0.1544312881458 -0.1544312881458 0.0000000000000
22 1.15 0.80 0.00 -0.1545188736369 -0.1545188736369 0.0000000000000
24 1.15 0.80 0.00 -0.1545585242981 -0.1545585242981 0.0000000000000
10 1.2 0.80 0.00 -0.1335405568904 -0.1335405568904 0.0000000000000
12 1.2 0.80 0.00 -0.1350283735379 -0.1350283735379 0.0000000000000
14 1.2 0.80 0.00 -0.1359253542013 -0.1359253542013 0.0000000000000
16 1.2 0.80 0.00 -0.1363263034763 -0.1363263034763 0.0000000000000
18 1.2 0.80 0.00 -0.1365620647588 -0.1365620647588 0.0000000000000
20 1.2 0.80 0.00 -0.1366652339158 -0.1366652339158 0.0000000000000
22 1.2 0.80 0.00 -0.1367250505131 -0.1367250505131 0.0000000000000
24 1.2 0.80 0.00 -0.1367510228153 -0.1367510228153 0.0000000000000
10 1.25 0.80 0.00 -0.1190554409488 -0.1190554409488 0.0000000000000
12 1.25 0.80 0.00 -0.1202355133382 -0.1202355133382 0.0000000000000
14 1.25 0.80 0.00 -0.1209318935486 -0.1209318935486 0.0000000000000
16 1.25 0.80 0.00 -0.1212294537182 -0.1212294537182 0.0000000000000
18 1.25 0.80 0.00 -0.1214011289599 -0.1214011289599 0.0000000000000
20 1.25 0.80 0.00 -0.1214733753311 -0.1214733753311 0.0000000000000
22 1.25 0.80 0.00 -0.1215077276454 -0.1215077276454 0.0000000000000
24 1.25 0.80 0.00 -0.1215246494420 -0.1215246494420 0.0000000000000
10 1.3 0.80 0.00 -0.1065425364611 -0.1065425364611 0.0000000000000
12 1.3 0.80 0.00 -0.1074765631342 -0.1074765631342 0.0000000000000
14 1.3 0.80 0.00 -0.1080120613390 -0.1080120613390 0.0000000000000
16 1.3 0.80 0.00 -0.1082332856217 -0.1082332856217 0.0000000000000
18 1.3 0.80 0.00 -0.1083585554762 -0.1083585554762 0.0000000000000
20 1.3 0.80 0.00 -0.1084087936057 -0.1084087936057 0.0000000000000
22 1.3 0.80 0.00 -0.1084368366402 -0.1084368366402 0.0000000000000
24 1.3 0.80 0.00 -0.1084480383169 -0.1084480383169 0.0000000000000
10 1.35 0.80 0.00 -0.0956762203745 -0.0956762203745 0.0000000000000
12 1.35 0.80 0.00 -0.0964161287900 -0.0964161287900 0.0000000000000
14 1.35 0.80 0.00 -0.0968374151331 -0.0968374151331 0.0000000000000
16 1.35 0.80 0.00 -0.0970019177149 -0.0970019177149 0.0000000000000
18 1.35 0.80 0.00 -0.0970932733412 -0.0970932733412 0.0000000000000
20 1.35 0.80 0.00 -0.0971283924473 -0.0971283924473 0.0000000000000
22 1.35 0.80 0.00 -0.0971476384456 -0.0971476384456 0.0000000000000
24 1.35 0.80 0.00 -0.0971550138838 -0.0971550138838 0.0000000000000
