10 1.0 0.80 0.50 -0.2206508288013 -0.0021215115539 0.2185293172474
12 1.0 0.80 0.50 -0.2244517306639 0.0028625170322 0.2273142476961
14 1.0 0.80 0.50 -0.2268966040783 0.0059070125641 0.2328036166423
16 1.0 0.80 0.50 -0.2282139341170 0.0074965485606 0.2357104826776
18 1.0 0.80 0.50 -0.2290558207203 0.0084938233021 0.2375496440224
20 1.0 0.80 0.50 -0.2294937039132 0.0090071277573 0.2385008316705
22 1.0 0.80 0.50 -0.2297697613172 0.0093287629356 0.2390985242528
24 1.0 0.80 0.50 -0.2299112995660 0.0094931068752 0.2394044064412
10 1.05 0.80 0.50 -0.1932489835044 0.0308749680717 0.2241239515761
12 1.05 0.80 0.50 -0.1962351442922 0.0347769681540 0.2310121124462
14 1.05 0.80 0.50 -0.1981547672243 0.0371699484061 0.2353247156304
16 1.05 0.80 0.50 -0.1991340284697 0.0383569705441 0.2374909990138
18 1.05 0.80 0.50 -0.1997464934212 0.0390877374140 0.2388342308352
20 1.05 0.80 0.50 -0.2000517004410 0.0394487465100 0.2395004469510
22 1.05 0.80 0.50 -0.2002343434043 0.0396637360006 0.2398980794049
24 1.05 0.80 0.50 -0.2003269618144 0.0397724735691 0.2400994353835
10 1.1 0.80 0.50 -0.1700936317033 0.0583868286523 0.2284804603556
12 1.1 0.80 0.50 -0.1724553857593 0.0614666135325 0.2339219992917
14 1.1 0.80 0.50 -0.1739442801214 0.0633270733720 0.2372713534934
16 1.1 0.80 0.50 -0.1746669038408 0.0642081841649 0.2388750880057
18 1.1 0.80 0.50 -0.1751124426775 0.0647442124134 0.2398566550909
20 1.1 0.80 0.50 -0.1753250820323 0.0649982101996 0.2403232922318
22 1.1 0.80 0.50 -0.1754534407050 0.0651509344370 0.2406043751420
24 1.1 0.80 0.50 -0.1755140284633 0.0652228744548 0.2407369029180
10 1.15 0.80 0.50 -0.1503822236801 0.0814740973757 0.2318563210558
12 1.15 0.80 0.50 -0.1522679942059 0.0839326657053 0.2362006599112
14 1.15 0.80 0.50 -0.1534190146405 0.0853763820402 0.2387953966807
16 1.15 0.80 0.50 -0.1539591663106 0.0860395727167 0.2399987390273
18 1.15 0.80 0.50 -0.1542831973391 0.0864329102817 0.2407161076208
20 1.15 0.80 0.50 -0.1544312881458 0.0866116204601 0.2410429086059
22 1.15 0.80 0.50 -0.1545188736369 0.0867169864076 0.2412358600444
24 1.15 0.80 0.50 -0.1545585242981 0.0867646104900 0.2413231347880
10 1.2 0.80 0.50 -0.1335405568904 0.1010321869721 0.2345727438625
12 1.2 0.80 0.50 -0.1350283735379 0.1029736174351 0.2380019909730
14 1.2 0.80 0.50 -0.1359253542013 0.1041042217610 0.2400295759623
16 1.2 0.80 0.50 -0.1363263034763 0.1046002795299 0.2409265830062
18 1.2 0.80 0.50 -0.1365620647588 0.1048891828236 0.2414512475823
20 1.2 0.80 0.50 -0.1366652339158 0.1050150001669 0.2416802340828
22 1.2 0.80 0.50 -0.1367250505131 0.1050877686673 0.2418128191803
24 1.2 0.80 0.50 -0.1367510228153 0.1051193260226 0.2418703488380
10 1.25 0.80 0.50 -0.1190554409488 0.1176843420016 0.2367397829504
12 1.25 0.80 0.50 -0.1202355133382 0.1192276182260 0.2394631315642
14 1.25 0.80 0.50 -0.1209318935486 0.1201101151641 0.2410420087127
16 1.25 0.80 0.50 -0.1212294537182 0.1204815931058 0.2417110468240
18 1.25 0.80 0.50 -0.1214011289599 0.1206940328261 0.2420951617860
20 1.25 0.80 0.50 -0.1214733753311 0.1207830844748 0.2422564598059
22 1.25 0.80 0.50 -0.1215077276454 0.1208250517999 0.2423327794454
24 1.25 0.80 0.50 -0.1215246494420 0.1208461528398 0.2423708022818
10 1.3 0.80 0.50 -0.1065425364611 0.1319578980488 0.2385004345100
12 1.3 0.80 0.50 -0.1074765631342 0.1331827345093 0.2406592976434
14 1.3 0.80 0.50 -0.1080120613390 0.1338659694303 0.2418780307693
16 1.3 0.80 0.50 -0.1082332856217 0.1341443683114 0.2423776539331
18 1.3 0.80 0.50 -0.1083585554762 0.1343009565255 0.2426595120016
20 1.3 0.80 0.50 -0.1084087936057 0.1343635556599 0.2427723492657
22 1.3 0.80 0.50 -0.1084368366402 0.1343984452242 0.2428352818643
24 1.3 0.80 0.50 -0.1084480383169 0.1344123717982 0.2428604101151
10 1.35 0.80 0.50 -0.0956762203745 0.1442525381730 0.2399287585475
12 1.35 0.80 0.50 -0.0964161287900 0.1452266247854 0.2416427535754
14 1.35 0.80 0.50 -0.0968374151331 0.1457678907152 0.2426053058483
16 1.35 0.80 0.50 -0.0970019177149 0.1459767340636 0.2429786517785
18 1.35 0.80 0.50 -0.0970932733412 0.1460920652225 0.2431853385637
20 1.35 0.80 0.50 -0.0971283924473 0.1461362878303 0.2432646802776
22 1.35 0.80 0.50 -0.0971476384456 0.1461604935565 0.2433081320021
24 1.35 0.80 0.50 -0.0971550138838 0.1461697646655 0.2433247785492
