10 0.8 0.05 0.3 0.6399951297032086 -0.2537938777326628 1.423441253265557 1.2722526737402764
12 0.8 0.05 0.3 0.6138409104991869 -0.2536626788578665 1.3385845060599424 1.2236434921456192
14 0.8 0.05 0.3 0.5967484311651517 -0.25359676503722034 1.4322068772185386 1.1910308441056843
16 0.8 0.05 0.3 0.5849823927037378 -0.2537602781649053 1.3681844033827582 1.16827767751085
18 0.8 0.05 0.3 0.576573255623719 -0.2539113359034597 1.321987923328645 1.1518219214480845
20 0.8 0.05 0.3 0.5703488118304278 -0.25412718149182434 1.2852556467588245 1.139591302048536
10 0.85 0.05 0.3 0.6263145875943094 -0.24857118314135906 1.3369069423667812 1.2472311118030024
12 0.85 0.05 0.3 0.6030794781715382 -0.24842689635996537 1.2601818709450103 1.2038200670741832
14 0.85 0.05 0.3 0.5879441852408019 -0.24834337396547015 1.3451800650860717 1.1747793279359573
16 0.85 0.05 0.3 0.5775433102323442 -0.24849771694113587 1.2983022463644867 1.1545575159001067
18 0.85 0.05 0.3 0.5701224730400749 -0.24863964677404748 1.2910304922154956 1.1399568616747071
20 0.85 0.05 0.3 0.5646351013273389 -0.2488442890141779 1.1291122640207827 1.1291122640207827
10 0.9 0.05 0.3 0.6140429508644644 -0.2432251032890652 1.259712332794238 1.2251975770729207
12 0.9 0.05 0.3 0.5933240689361968 -0.24305744387197611 1.190231858898196 1.1862031001439133
14 0.9 0.05 0.3 0.5798642463482765 -0.24295893321043263 1.2677023972204178 1.1601800464949001
16 0.9 0.05 0.3 0.5706275647780749 -0.2431001563612719 1.225027343829753 1.1420797154919653
18 0.9 0.05 0.3 0.5640466348648004 -0.24322980816872042 1.2637941844324145 1.1290192219583328
20 0.9 0.05 0.3 0.5591845399409159 -0.2434194803488919 1.1193183713409696 1.1193183713409696
22 0.8 0.05 0.3 0.5656358430763362 -0.2542878576119834 1.1302670025039163 1.1302670025039163
22 0.85 0.05 0.3 0.5604775716484333 -0.24902429887914915 1.1208505715669335 1.1208505715669335
10 0.95 0.05 0.3 0.6028524185903155 -0.23774882835137046 1.190430052042686 1.2055113791827627
12 0.95 0.05 0.3 0.5843146842461769 -0.23755575019891473 1.1274063977909616 1.1702732991250595
14 0.95 0.05 0.3 0.5722998412989884 -0.23743508066704846 1.1981080214321749 1.146788307074871
16 0.95 0.05 0.3 0.5640637710247991 -0.23755681736280285 1.1592142609660154 1.1304635169993618
18 0.95 0.05 0.3 0.5582026569523556 -0.2376693248124817 1.1186829869861248 1.1186829869861248
20 0.95 0.05 0.3 0.5538756398840563 -0.23783934023259423 1.1099259906051435 1.1099259906051435
10 1.0 0.05 0.3 0.5924871678893815 -0.2321443829207554 0.90105065368224 1.187597950807437
12 1.0 0.05 0.3 0.575850893028683 -0.23191739708676873 1.0706748801582797 1.1555768189885418
14 1.0 0.05 0.3 0.5650911296611087 -0.23176135263131764 1.1352890496195789 1.1342341261881934
16 1.0 0.05 0.3 0.5577205200934343 -0.23185938988112204 1.0997856121203702 1.119401876470664
18 1.0 0.05 0.3 0.5524804226514939 -0.23195136810392813 1.1086840273411829 1.1086840273411829
22 0.9 0.05 0.3 0.5555038745103923 -0.24358549978737304 1.1119258616847143 1.1119258616847143
20 1.0 0.05 0.3 0.5486144681848026 -0.23209825927236408 1.100705263267086 1.100705263267086
10 1.05 0.05 0.3 0.5827483932859581 -0.22640378435026043 0.8641548788938087 1.1710472725992163
12 1.05 0.05 0.3 0.567779824003907 -0.22612457615240736 1.0191831791542267 1.1417604780707118
14 1.05 0.05 0.3 0.5581118139119995 -0.22594707043863735 1.0783069992692755 1.1222389212145514
16 1.05 0.05 0.3 0.5514947894403949 -0.22601360427211534 1.0458611933483208 1.1086419988089062
18 1.05 0.05 0.3 0.5467942895732177 -0.22607919135290905 1.081809383973657 1.0988051812582955
22 0.95 0.05 0.3 0.5506023243219192 -0.23798779762335717 1.1032468298802245 1.1032468298802245
20 1.05 0.05 0.3 0.5433284197693174 -0.22619863891912267 1.0595108577513637 1.0914665320670536
22 1.0 0.05 0.3 0.5456916445249673 -0.23222631460580567 1.0946103970492844 1.0946103970492844
22 1.05 0.05 0.3 0.5407098744926393 -0.22630053100574896 1.0838589386470194 1.0858490579304052
24 0.8 0.05 0.3 0.5619662407198049 -0.25448865153559247 1.1230169121517406 1.1230169121517406
24 0.9 0.05 0.3 0.5526468659112956 -0.24375716009256518 1.106171076318886 1.106171076318886
24 0.85 0.05 0.3 0.55724815027148 -0.24921180552541056 1.114422948039522 1.114422948039522
24 0.95 0.05 0.3 0.5480630842693919 -0.23814075743989604 1.0980408471994394 1.0980408471994394
24 1.0 0.05 0.3 0.5434255577406271 -0.23235828996695515 1.08985119504249 1.08985119504249
24 1.05 0.05 0.3 0.5386802429409205 -0.2264092421311277 1.0674826291798152 1.0814524460435457
10 1.1 0.05 0.3 0.5734805332835602 -0.2205252853605956 0.830422792334347 1.1554877079449744
12 1.1 0.05 0.3 0.5599782558648132 -0.22019595867419703 0.972232487497026 1.1285292873659647
14 1.1 0.05 0.3 0.5512691781687685 -0.21997965809551442 1.0264221847297132 1.1105353783687468
16 1.1 0.05 0.3 0.545312200980125 -0.22000668900316445 0.9967190349779651 1.0979745758530122
10 1.15 0.05 0.3 0.5645652875648483 -0.2144908640982876 0.7994177526315857 1.1406099174238484
12 1.15 0.05 0.3 0.5523570855440271 -0.21411483771083614 0.9292497501200923 1.1156326104550052
14 1.15 0.05 0.3 0.5444931299400783 -0.21385177721715845 0.9789948426696515 1.098924402489046
16 1.15 0.05 0.3 0.5391156838695838 -0.213839237425464 0.9517582969911842 1.0872272846860789
12 1.2 0.05 0.3 0.5448487283725459 -0.20787378362347977 0.8897555271486577 1.1028634056188542
10 1.2 0.05 0.3 0.5559071818913789 -0.2083193196334741 0.7707769063420851 1.1261584861087097
14 1.2 0.05 0.3 0.5377312938357657 -0.2075637222002426 0.8421937878766829 1.087237718249358
18 1.1 0.05 0.3 0.5410830608032058 -0.22004179438729463 1.0297444763876116 1.0888666739771786
16 1.2 0.05 0.3 0.5328661754777617 -0.2075041915951818 0.9104768537358546 1.0762612764525148
18 1.15 0.05 0.3 0.5353003907848461 -0.21383988586237562 0.9821381892859739 1.0787219876219116
20 1.1 0.05 0.3 0.5379663027497945 -0.22013054861657128 1.0092787972551018 1.0820536982794426
20 1.15 0.05 0.3 0.5324898458645091 -0.21389500310507592 0.9633313202770483 1.0723404661831055
20 1.2 0.05 0.3 0.5268751746885041 -0.20748569830952696 0.9211556149574246 1.0622297703562562
18 1.2 0.05 0.3 0.5294158885450503 -0.20746678950042075 0.9384605931091129 1.0682555226887616
24 1.2 0.05 0.3 0.5234720604734983 -0.207534141081913 0.9274321632729036 1.053908926906962
24 1.15 0.05 0.3 0.5287239515701796 -0.21400172796356917 0.9701208346228071 1.063564247906497
24 1.1 0.05 0.3 0.5337881999534732 -0.2202923076336204 1.016631519240132 1.0727221137424348
22 1.15 0.05 0.3 0.5303674411713396 -0.21394460332590368 0.9839735840651309 1.0674291106206333
22 1.1 0.05 0.3 0.5356119401448448 -0.22020863865372828 1.0316863845632906 1.0768250725104012
22 1.2 0.05 0.3 0.5249569849782298 -0.20750484789675874 0.9401919179795072 1.0575788980403438
