10 0.8 0.05 0.2 0.6834872572680578 -0.2484946635447655 1.4416167022513204 1.321879190925252
12 0.8 0.05 0.2 0.6586336694680345 -0.2512216198615153 1.355183526895733 1.2792649686281679
16 0.8 0.05 0.2 0.6314612900608844 -0.2544155383215221 1.3962275966571511 1.2332887567766357
14 0.8 0.05 0.2 0.642303086511538 -0.2531502229783544 1.4499614972701573 1.2512204229137192
18 0.8 0.05 0.2 0.6236979318862574 -0.25537916743706696 1.373443099295801 1.2204010491121615
20 0.8 0.05 0.2 0.6181463805458279 -0.25606826546912853 1.3408795328143492 1.211307395533966
10 0.85 0.05 0.2 0.6700919795797458 -0.24443016888700103 1.3556967069031125 1.2990850783733905
14 0.85 0.05 0.2 0.6337942073129492 -0.24877087378235904 1.3640442576468224 1.237536740892676
16 0.85 0.05 0.2 0.6243113682723557 -0.2499366016374821 1.315253552935906 1.2216065785184147
18 0.85 0.05 0.2 0.6174788525337828 -0.2508431827179372 1.3445570926881791 1.2103801161968035
12 0.85 0.05 0.2 0.6481701695983747 -0.24697203734162598 1.277604779622272 1.26161770489743
20 0.85 0.05 0.2 0.6126448194560321 -0.2514755349659721 1.3159428284578985 1.2025533408838889
22 0.8 0.05 0.2 0.6138623472450547 -0.256645583696788 1.315149882509349 1.2044771199810342
10 0.9 0.05 0.2 0.6580660724095502 -0.24024199972656363 1.6402829452206074 1.4069838172690696
12 0.9 0.05 0.2 0.6386816357354842 -0.24259954820999374 1.2082097955420075 1.246342131230873
14 0.9 0.05 0.2 0.6259941027868353 -0.2442679380912375 1.2871910636907864 1.2249989993285404
18 0.9 0.05 0.2 0.6116457516224205 -0.24618345627947166 1.2916610972902218 1.201253030482871
16 0.9 0.05 0.2 0.6176674737391125 -0.24533925307141677 1.2428247761832174 1.2110749081685304
22 0.85 0.05 0.2 0.608984582445094 -0.25198214262638446 1.2936995232037556 1.1967452839627681
20 0.9 0.05 0.2 0.6074139075945808 -0.24676392669860236 1.2609553813632544 1.1944241198500916
10 0.95 0.05 0.2 0.647101175161384 -0.2359339862571856 1.2103361244760518 1.2617781408688264
12 0.95 0.05 0.2 0.6299019613115476 -0.23811908994299158 1.1461320228147684 1.23247573825157
16 0.95 0.05 0.2 0.6112753871537204 -0.2406665357938754 1.1777870829564814 1.2012564615100847
14 0.95 0.05 0.2 0.6186644873763157 -0.2396643006126187 1.2182360803202548 1.2135629575149753
18 0.95 0.05 0.2 0.606039259326056 -0.24141503101499356 1.2225367419895743 1.1926798149986604
20 0.95 0.05 0.2 0.6023171381169261 -0.24194760153933617 1.1945037854106326 1.1866835533884048
10 1.0 0.05 0.2 0.6369295388828182 -0.23152231823456856 1.148466799068382 1.2459905016557493
12 1.0 0.05 0.2 0.6216375131456884 -0.23353905703525898 1.0901229917776438 1.2198146386330218
14 1.0 0.05 0.2 0.6116348893052734 -0.23497515743701647 1.1560067587880059 1.2029313004631499
16 1.0 0.05 0.2 0.6051432238612562 -0.2358746176117023 1.1191702492239886 1.192024538993103
18 1.0 0.05 0.2 0.6005137439380279 -0.2365608464580974 1.1601711966303285 1.1844063469015884
22 0.9 0.05 0.2 0.6042110113067638 -0.24722959979787118 1.2744677663751263 1.1893809924053615
20 1.0 0.05 0.2 0.5972252999746006 -0.2370491143496936 1.134546947240846 1.1790843167871805
22 0.95 0.05 0.2 0.5995005681432247 -0.24237547838734283 1.2252357797323274 1.1822596987468525
10 1.05 0.05 0.2 0.6273602563912342 -0.22701343708589578 1.0924578062082313 1.2315480538941288
12 1.05 0.05 0.2 0.6137190608451656 -0.22887559298822915 1.0393415684079585 1.2079812359395832
14 1.05 0.05 0.2 0.604835635794792 -0.23018792028812052 1.0996782381121448 1.1928243193204082
16 1.05 0.05 0.2 0.5990774432830296 -0.2310087122732158 1.0660386994631115 1.1830430209039564
18 1.05 0.05 0.2 0.5949726351131432 -0.23163543118481553 1.1036547825083713 1.1762063500630586
22 1.0 0.05 0.2 0.5947368867585983 -0.23744198378220893 1.1627425878276592 1.1751503622671544
20 1.05 0.05 0.2 0.5920567749008171 -0.23208190698785688 1.0802079178417827 1.1714263690359237
22 1.05 0.05 0.2 0.5898450320305686 -0.2324436952231487 1.1060923670565657 1.1678804481812082
24 0.8 0.05 0.2 0.6106807838898676 -0.25706903952553717 1.294761658436137 1.1994677072323143
24 0.9 0.05 0.2 0.6017877017711121 -0.24758983795779047 1.2587745918967688 1.185652659387249
24 0.85 0.05 0.2 0.6062164239764901 -0.2523726249338926 1.275724624108694 1.1924480358218315
24 0.95 0.05 0.2 0.5973676385323924 -0.24270786107697662 1.2044893608845944 1.17898103294089
24 1.0 0.05 0.2 0.5928501615775561 -0.23774849300097192 1.1437573444994396 1.1722336258462454
24 1.05 0.05 0.2 0.588169066892208 -0.2327257273940602 1.088705145897951 1.1652493736294203
12 1.1 0.05 0.2 0.6060647996077237 -0.22412118046262755 0.9931114018192351 1.1967294321190325
10 1.1 0.05 0.2 0.6182396484943709 -0.22241560880254552 1.0415475928874984 1.2180805258050171
14 1.1 0.05 0.2 0.5981409139865579 -0.22532388788046107 1.0484477870420394 1.1829879840676532
16 1.1 0.05 0.2 0.593014706546985 -0.22607240240689516 1.0176772169848751 1.1741234216879883
10 1.15 0.05 0.2 0.6094253830803653 -0.21774751658469493 0.995083358780807 1.2052461232674967
12 1.15 0.05 0.2 0.5985608119487351 -0.21929354623840844 0.9508446148215975 1.1857791416391088
14 1.15 0.05 0.2 0.5914754142364301 -0.22039289467920228 1.0016757652930037 1.1732067669027595
16 1.15 0.05 0.2 0.5869089037437256 -0.22106895667017643 0.9734886352792684 1.1651017367162495
18 1.1 0.05 0.2 0.5893644925302992 -0.2266428411673089 1.0522323378196312 1.1679216580013918
10 1.2 0.05 0.2 0.6008655543851716 -0.21299745304406362 0.952546730510823 1.1928212398973954
12 1.2 0.05 0.2 0.5911349677386617 -0.2144017885783653 0.9120564978621242 1.1749040828412833
14 1.2 0.05 0.2 0.5847969406057509 -0.21539770894925545 0.9588297994418564 1.1633096560300857
16 1.2 0.05 0.2 0.5807159495486038 -0.21600694382516464 0.9329656187029851 1.1558143655634558
20 1.1 0.05 0.2 0.5867700100232828 -0.2270499775510939 1.0307513313699233 1.163574916714414
18 1.2 0.05 0.2 0.577806770953399 -0.21647344837427576 0.9622425927594168 1.1505321379403686
20 1.15 0.05 0.2 0.5813383995956163 -0.2219560410511709 0.9855683999123698 1.1554072203111125
18 1.15 0.05 0.2 0.5836541682345935 -0.22158613199595575 1.0052740562419924 1.159411500862113
22 1.15 0.05 0.2 0.5795845031143828 -0.2222550183186212 1.0074528034691903 1.1524248439511557
20 1.2 0.05 0.2 0.5757339683503753 -0.2168078540250012 0.9441414708628654 1.146794469942362
24 1.1 0.05 0.2 0.5833113994535806 -0.22763736886270577 1.03860216218403 1.1579406253448166
24 1.15 0.05 0.2 0.5782475350257151 -0.22249152749453407 0.9928270383536655 1.1501865883499365
22 1.1 0.05 0.2 0.5848058064871586 -0.22737857719849713 1.0545407700982607 1.1603489348390568
22 1.2 0.05 0.2 0.5741633421509588 -0.21707848707153365 0.9642950932761426 1.1439980004986539
24 1.2 0.05 0.2 0.5729637228352867 -0.21729345332221026 0.9508592381825212 1.1418858564875267
