10 0.8 0 0.2 0.6509135586733873 -0.26594941229017866 1.427002111377977 1.2876188063258915
12 0.8 0 0.2 0.6244845878310322 -0.2687358982123411 1.3412543044010965 1.2404482353219846
16 0.8 0 0.2 0.595264664048937 -0.27198123309210875 1.3838006405227739 1.1870439863495221
14 0.8 0 0.2 0.6070754384009647 -0.27070553021995897 1.4342915211733847 1.208845796329203
18 0.8 0 0.2 0.5867945255083704 -0.27295087922214334 1.3359631177447804 1.1712440201723517
20 0.8 0 0.2 0.5806224360903066 -0.27363541287632887 1.3001392606462367 1.1596037803652088
22 0.8 0 0.2 0.5759003397820195 -0.2742106995504627 1.2715249438914071 1.1506553641924917
10 0.85 0 0.2 0.6370202957296333 -0.2628570043040158 1.3405361531397637 1.2631312023581183
12 0.85 0 0.2 0.6135647854605093 -0.2654516642672946 1.2629701054059335 1.2211058781564237
14 0.85 0 0.2 0.5981590103418711 -0.2672869427955139 1.348403672699836 1.193024002555161
18 0.85 0 0.2 0.5802796400200962 -0.2693690863698528 1.3054922454452411 1.159623501110193
16 0.85 0 0.2 0.5877535622677355 -0.2684580339632217 1.3007155502619494 1.1736639550968886
20 0.85 0 0.2 0.5748650166730895 -0.2699936576844547 1.2736221737738829 1.1493170280672036
10 0.9 0 0.2 0.6245504024149234 -0.2596247865616025 1.2634183311416853 1.2415817956980184
12 0.9 0 0.2 0.6036705875532976 -0.26202730763161886 1.1930686820963616 1.2039948410750383
14 0.9 0 0.2 0.589993199799976 -0.2637266181431916 1.2710438643531374 1.1787861769108359
16 0.9 0 0.2 0.580788180778652 -0.2647982548917021 1.2276451490881837 1.1614894987183875
18 0.9 0 0.2 0.5741729660995921 -0.26564443072371924 1.2750051421338158 1.148918200723904
20 0.9 0 0.2 0.5693986929791242 -0.2662141735239613 1.2453543752755094 1.1397092096530654
22 0.85 0 0.2 0.57076150692651 -0.27049264345026763 1.1414493023319419 1.1414493023319419
12 0.95 0 0.2 0.5945348869367337 -0.25847858466707935 1.1304011676666939 1.188418423611921
14 0.95 0 0.2 0.5823489801615701 -0.2600493205120051 1.201561997662284 1.1657100792210808
16 0.95 0 0.2 0.5741495928947503 -0.2610497113924871 1.1620088203009533 1.150084768607017
10 0.95 0 0.2 0.6131828821661155 -0.25625592017317284 1.1941585600050315 1.2224155087973245
18 0.95 0 0.2 0.5683172237981987 -0.2617927441779952 1.2054439417867135 1.1388038394909992
22 0.9 0 0.2 0.5657837664031965 -0.26666992121655175 1.1326711911353022 1.1326711911353022
20 0.95 0 0.2 0.5640885876045331 -0.2623118913777636 1.1304901562786287 1.1304901562786287
10 1.0 0 0.2 0.6026529959396729 -0.25276767610802836 1.1317638570188338 1.2049418932071987
12 1.0 0 0.2 0.5859568385280598 -0.2548140892795299 1.0737926598954872 1.1740759388589512
14 1.0 0 0.2 0.5750563465112073 -0.2562715687902481 1.1388441372262244 1.1534267835772622
16 1.0 0 0.2 0.5677720139313345 -0.2571618630399122 1.1027593831556635 1.1392592963113892
18 1.0 0 0.2 0.5625800986715417 -0.2578392370161073 1.1289862097081969 1.1289862097081969
22 0.95 0 0.2 0.5608890214054321 -0.2627277514468206 1.1241296489203423 1.1241296489203423
20 1.0 0 0.2 0.5588191357057948 -0.25831167079246226 1.1177585310623517 1.1214070082822216
10 1.05 0 0.2 0.5927629280137415 -0.24916649171386845 1.0752241606142234 1.188804859239063
12 1.05 0 0.2 0.577770732558334 -0.2510514849943598 1.022420837567925 1.1605675414232293
14 1.05 0 0.2 0.5680151112995208 -0.2523782322136804 1.081992780699071 1.1416690407979984
16 1.05 0 0.2 0.5615042926889082 -0.25318544239684826 1.0490122883262456 1.1286798328103227
24 0.8 0 0.2 0.5723074670863 -0.2746257324777825 1.1437859349174062 1.1437859349174062
18 1.05 0 0.2 0.5568679940834883 -0.2538000026943853 1.0855667046830135 1.119239885341193
22 1.0 0 0.2 0.5559748853107163 -0.2586906645411114 1.11559400628422 1.11559400628422
20 1.05 0 0.2 0.5535109735559323 -0.25422843067286965 1.062818724713915 1.1122543228953126
22 1.05 0 0.2 0.5509706406453002 -0.2545749535813753 1.0877190691063767 1.106880462966013
24 0.85 0 0.2 0.5676152467950367 -0.27087285781925086 1.1353650236950548 1.1353650236950548
24 0.9 0 0.2 0.5630129776347573 -0.2670182460286614 1.1272234988168564 1.1272234988168564
24 0.95 0 0.2 0.5584366490566051 -0.263046776923995 1.1191970990857771 1.1191970990857771
24 1.05 0 0.2 0.5490242061061573 -0.2548412853812704 1.0709668714888632 1.1026904087550418
24 1.0 0 0.2 0.5537944247186433 -0.25898256951855975 1.1110741694523938 1.1110741694523938
12 1.1 0 0.2 0.5698729825589822 -0.2471814281880731 0.975598575208038 1.1476173919784325
10 1.1 0 0.2 0.5833555020435789 -0.24546102312233722 0.8352544538963824 1.1736248947009236
14 1.1 0 0.2 0.5611119501382307 -0.2483930225756994 1.0302338127249777 1.130169182753948
16 1.1 0 0.2 0.5552737776032708 -0.24912414462113994 1.0000417408073021 1.1181473931982466
12 1.15 0 0.2 0.5621581712172748 -0.2432237220715552 0.9327446426774397 1.1349531686285288
10 1.15 0 0.2 0.5742967945781761 -0.24167223640276997 0.8042806792682305 1.159069587532534
14 1.15 0 0.2 0.5542711397131077 -0.24432684966827306 0.9829317865481142 1.1187100377861225
18 1.1 0 0.2 0.5511212009880367 -0.2496793404848967 1.033638072935458 1.1093878783863946
16 1.15 0 0.2 0.549026891515056 -0.2449813536645536 0.955248965018378 1.107490374498583
10 1.2 0 0.2 0.565512559348904 -0.23778599145111784 0.7756804122471623 1.144897565724447
12 1.2 0 0.2 0.55455366990823 -0.23918853050475142 0.8933764972200252 1.1223548936112404
14 1.2 0 0.2 0.5474434667257181 -0.24018258018289784 0.9395540106481121 1.107121338786662
18 1.15 0 0.2 0.5452972907539025 -0.24548045238424804 0.9861682797031114 1.0992853137513399
16 1.2 0 0.2 0.5427196106671853 -0.24076674208297016 0.9141291521280701 1.0965578304011603
18 1.2 0 0.2 0.5393614496886521 -0.24121257975195798 0.9426238965928366 1.0888052185529327
20 1.2 0 0.2 0.5369288447814925 -0.24152369538496915 0.9249831193125693 1.0830012621459821
22 1.15 0 0.2 0.5405557046180318 -0.24610917672351873 0.9881043520803355 1.0884355876814737
20 1.1 0 0.2 0.5481147416715629 -0.25006645485874646 1.0127666663892565 1.1028831315570136
22 1.2 0 0.2 0.535090545122824 -0.2417747706209412 0.9444531563022467 1.0784970711118607
20 1.15 0 0.2 0.542596642016613 -0.24582859885396663 0.9669931713753968 1.0931679749920036
24 1.1 0 0.2 0.5440986407375276 -0.25062012518661714 1.0202917820529933 1.0939391531214293
24 1.2 0 0.2 0.5336779006500142 -0.24197158480079406 0.9314203943052302 1.0749428370054936
24 1.15 0 0.2 0.5389884615986551 -0.24632822982781374 0.9739493528408067 1.0847147003258122
22 1.1 0 0.2 0.5458424159577989 -0.2503779780663174 1.0356828042846795 1.0978675465363144
