10 0.8 0.2 0 1.127148893497886 -0.19228019843176045 1.7440755958871592 1.8176919496964858
12 0.8 0.2 0 1.0577383992743614 -0.20127574139063883 1.686381890780696 1.686381890780696
14 0.8 0.2 0 1.009996250716125 -0.20773688309088426 1.6410053228244241 1.6410053228244241
16 0.8 0.2 0 0.9802288670089361 -0.2120044595225564 1.613535618404566 1.613535618404566
18 0.8 0.2 0 0.9594084629823592 -0.21511506050998705 1.5932616849553825 1.5932616849553825
20 0.8 0.2 0 0.9462178980384366 -0.21722628406692346 1.5808747067333138 1.5808747067333138
22 0.8 0.2 0 0.9394751559642004 -0.2184854802724474 1.5749958270247824 1.5749958270247824
24 0.8 0.2 0 0.9334116410457853 -0.21960652732676186 1.5694862797008462 1.5694862797008462
10 0.85 0.2 0 1.1033019349868758 -0.188453279494277 1.6696183876884447 1.7116496913425192
12 0.85 0.2 0 1.0390584002608827 -0.19716662830735218 1.6471031443091435 1.6522510463891622
14 0.85 0.2 0 0.9956634441136336 -0.20333258687937558 1.6119971654649659 1.6119971654649659
16 0.85 0.2 0 0.9691447397330474 -0.2073515169689088 1.5881908895673083 1.5881908895673083
18 0.85 0.2 0 0.9515756692879328 -0.21016500177215738 1.5720553860221316 1.5720553860221316
20 0.85 0.2 0 0.9402555125115699 -0.21211363058282862 1.5620482284370356 1.5620482284370356
22 0.85 0.2 0 0.9323783599423258 -0.21355882924942443 1.5549399054089643 1.5549399054089643
24 0.85 0.2 0 0.9275606568620267 -0.2145604293527216 1.5507537041045842 1.5507537041045842
10 0.9 0.2 0 1.0755135575692667 -0.1854075851717554 1.5943409919952836 1.6657533677315264
12 0.9 0.2 0 1.0180091446373576 -0.19362417516605201 1.6146165311493468 1.6146165311493468
18 0.9 0.2 0 0.9426929391702443 -0.20552481730560698 1.5477140324757463 1.5477140324757463
14 0.9 0.2 0 0.9797357150508481 -0.19936518917377466 1.5614006407043606 1.5811856978252492
16 0.9 0.2 0 0.9570739750112 -0.20302921330413443 1.5607604390147565 1.5607604390147565
20 0.9 0.2 0 0.9334372548409727 -0.20726774142209542 1.5403084801956561 1.5403084801956561
22 0.9 0.2 0 0.9270839024261223 -0.20855892797828945 1.5349068776460575 1.5349068776460575
24 0.9 0.2 0 0.9236883844241478 -0.20940603412359482 1.532356480093419 1.532356480093419
10 0.95 0.2 0 1.0452817321611594 -0.1829913164534196 1.523702084679109 1.6173314593154373
12 0.95 0.2 0 0.9960985918830907 -0.19047294993782668 1.5750358396045687 1.5750358396045687
14 0.95 0.2 0 0.9637026930188264 -0.19565152237251823 1.49718097793839 1.547878476911126
16 0.95 0.2 0 0.9469441705064775 -0.19866446233439755 1.5337309614218106 1.5337309614218106
18 0.95 0.2 0 0.9345779307934529 -0.20096548754332222 1.4916920390588937 1.523576014293311
20 0.95 0.2 0 0.9273591414405558 -0.2024881421061769 1.5177029302151546 1.5177029302151546
22 0.95 0.2 0 0.9224329615134018 -0.20362455313688252 1.4913781486060251 1.513928050384421
24 0.95 0.2 0 0.9194100914993436 -0.2044431686416743 1.5116723439681075 1.5116723439681075
10 1.0 0.2 0 1.0303625486362433 -0.1790639626501847 1.4687762039871484 1.5820733925769592
14 1.0 0.2 0 0.9557051114811037 -0.1911329202636612 1.443824721194504 1.5210929689626647
16 1.0 0.2 0 0.9393200034146023 -0.1941646850841778 1.5035688326094143 1.5085862989121523
18 1.0 0.2 0 0.9285807812505658 -0.196302237574923 1.4383185758728252 1.4994119826013037
12 1.0 0.2 0 0.9848425572103368 -0.18625796781902526 1.539723507412304 1.5469586308416865
20 1.0 0.2 0 0.9224216599318829 -0.19771761357600803 1.4880036772682659 1.4949341568604946
22 1.0 0.2 0 0.9182833452111216 -0.19877285517813642 1.4834303087886296 1.49175561994364
10 1.05 0.2 0 1.0121171797182231 -0.17578718623422074 1.4165242659688329 1.5433628609794832
12 1.05 0.2 0 0.9719405223117615 -0.1824663586808963 1.4874642734212118 1.5126882502350292
14 1.05 0.2 0 0.9462076579836728 -0.18699867362399503 1.3948211809690658 1.4919418106205657
16 1.05 0.2 0 0.9323196813194915 -0.1897606226753281 1.4535412280192128 1.481632744147783
18 1.05 0.2 0 0.9233453329503615 -0.19170276078825882 1.4448222860047764 1.4746704461219395
20 1.05 0.2 0 0.9183113231674044 -0.19299293536747394 1.4391432450443329 1.471374627067969
24 1.0 0.2 0 0.9157678210111437 -0.19954015686613338 1.4801163421388548 1.490128856947106
22 1.05 0.2 0 0.9150166275212005 -0.19395272744156378 1.4349779300806458 1.469400008603554
24 1.05 0.2 0 0.9129888988347854 -0.19466660165027794 1.4319297028610296 -0.0
10 1.1 0.2 0 0.996175641890228 -0.17247001189343394 1.370037436299499 1.5058722056109695
12 1.1 0.2 0 0.9605900148450547 -0.17868717399567588 1.439045311976519 1.4947849803589524
14 1.1 0.2 0 0.9381351333600731 -0.18286623522604586 1.4195630302301838 1.4645517608995118
16 1.1 0.2 0 0.9264406049547194 -0.18538086373362736 1.4082157298616074 1.4554187510667083
18 1.1 0.2 0 0.9189429879360679 -0.1871540068233083 1.4003697510790059 1.4503237624346772
20 1.1 0.2 0 0.9148195025734135 -0.18834003779681535 1.3952547104345319 1.4474258712602732
10 1.15 0.2 0 0.9825199135302536 -0.1690914605964856 1.3287799460137666 1.4796332110787798
12 1.15 0.2 0 0.9508064005222966 -0.17490382363115975 1.3954422211042803 1.4499753924394423
14 1.15 0.2 0 0.9312971404349274 -0.17875076689846695 1.3777355382868128 1.4364732022871145
16 1.15 0.2 0 0.9213599434627309 -0.1810627022917172 1.367488430902092 1.4301173596413765
18 1.15 0.2 0 0.9150962733208776 -0.18269052128485483 1.360439482179012 1.4255666632255255
12 1.2 0.2 0 0.9424050910347783 -0.17112823079332262 1.3562369668150278 1.423834219980588
10 1.2 0.2 0 0.9703369144857967 -0.1657353162141058 1.291736750872366 1.4423470918354129
14 1.2 0.2 0 0.925370882403674 -0.1746877968088713 1.3400972447867912 1.4094062921308024
20 1.15 0.2 0 0.9117086793788036 -0.18379025203316263 1.3558299224040073 1.4237323185004862
16 1.2 0.2 0 0.9169750459383035 -0.17681596468691202 1.3308773256094066 1.4044277790261555
18 1.2 0.2 0 0.9117377712537875 -0.17831971659634893 1.3245379281154968 1.4013939297448454
20 1.2 0.2 0 0.9089434378612582 -0.17934814939923235 1.3203716194629647 1.4000951030927828
22 1.1 0.2 0 0.9120865856971528 -0.1892366835752675 1.3914532975072493 1.4459946958859862
22 1.15 0.2 0 0.9094704017400687 -0.18462885353337466 1.3523860313345533 1.422634902656524
22 1.2 0.2 0 0.9070985424858656 -0.1801393596593176 1.3172402994950254 1.3989851516425216
24 1.15 0.2 0 0.9081162825270596 -0.18526628091318484 1.349833795485124 1.421887432493496
24 1.2 0.2 0 0.9059747690087553 -0.18074941190306149 1.3148935560783759 1.3986721811402805
24 1.1 0.2 0 0.9104376848669196 -0.1899080626153615 1.3886671106807664 1.4451973781229426
