10 0.8 0.8 0.1 2.08820535729958 -0.11886859467534161 2.6692296131156623 2.633796281352688
12 0.8 0.8 0.1 2.0931438232151787 -0.12195622061730692 2.607783213491452 -0.0
14 0.8 0.8 0.1 2.040019981065937 -0.12416001658300027 2.592062223990401 2.592062223990401
16 0.8 0.8 0.1 2.0285721164314534 -0.1256618363059707 2.6197964399341465 -0.0
18 0.8 0.8 0.1 2.0204112877800733 -0.12679952229849778 2.575654221459678 2.5754483896551132
20 0.8 0.8 0.1 2.015535975043098 -0.12762939750712368 2.570288478450101 -0.0
10 0.85 0.8 0.1 2.070641193975341 -0.11355629953387861 2.5808838233164146 2.5948892787592435
12 0.85 0.8 0.1 2.0730481472183144 -0.11641065720478577 2.5557139671692637 -0.0
14 0.85 0.8 0.1 2.028872228618454 -0.11844024936457329 2.5387004302970153 -0.0
16 0.85 0.8 0.1 2.019357099209271 -0.1198149253213011 2.528787156411555 2.551462363937223
22 0.8 0.8 0.1 2.012016807385741 -0.12828649316682775 2.5685443210962924 2.5685443210962924
18 0.85 0.8 0.1 2.0126707294743142 -0.12085386672419977 2.52181364207094 2.5462041058190312
20 0.85 0.8 0.1 2.0088489603083133 -0.12161112867213905 2.517589492405918 -0.0
10 0.9 0.8 0.1 2.0550038593249003 -0.10850029773416736 2.529073442460488 2.5644106007717946
12 0.9 0.8 0.1 2.0554267271365663 -0.11113977258068732 2.50628845754421 -0.0
14 0.9 0.8 0.1 2.0189220272949777 -0.11301028721564961 2.4910293438323095 2.5271055409276606
16 0.9 0.8 0.1 2.0110774159163607 -0.114271328377383 2.4824363362295236 2.520711831831744
18 0.9 0.8 0.1 2.005635433288606 -0.11522374509609278 2.4764683223929174 -0.0
22 0.85 0.8 0.1 2.0061339670811797 -0.12221140044145566 2.514546038688197 -0.0
20 0.9 0.8 0.1 2.0026582191099487 -0.11591965513906137 2.4729546068207555 -0.0
10 0.95 0.8 0.1 2.0381532589986655 -0.10381406864858418 2.4828375427017 2.5215467293592786
12 0.95 0.8 0.1 2.037995678568434 -0.10621457008326846 2.4632610605059235 -0.0
14 0.95 0.8 0.1 2.0086587520107937 -0.10791296858741871 2.4502581258079013 2.4968625234183404
16 0.95 0.8 0.1 2.002937013670736 -0.10904040146182124 2.443482715325604 2.489150126869303
22 0.9 0.8 0.1 2.0005758118437766 -0.116472471761322 2.4704527007990884 -0.0
18 0.95 0.8 0.1 1.9988086733898012 -0.1099043721338979 2.4386474861824867 -0.0
20 0.95 0.8 0.1 1.9966978966013156 -0.11053899475708244 2.4359006160806143 -0.0
10 1.0 0.8 0.1 2.0282047917616395 -0.09909696577462523 2.4484391816960147 2.4903267003007863
12 1.0 0.8 0.1 2.0122452718768784 -0.1013587190990445 2.4303066536745157 2.476271673410226
14 1.0 0.8 0.1 2.001589279966928 -0.10295355593046629 2.4183929912819124 2.466287333925002
16 1.0 0.8 0.1 1.9964189172653202 -0.10402329368776402 2.412140819963607 2.4620439538581724
18 1.0 0.8 0.1 1.992926063353279 -0.10483251980868963 2.4078856691760246 -0.0
20 1.0 0.8 0.1 1.996175099989792 -0.1054293731981385 2.405518464309809 -0.0
22 0.95 0.8 0.1 1.995232640490077 -0.11104605937290399 2.4339497007161297 -0.0
12 1.05 0.8 0.1 2.002824204967971 -0.09681835403029249 2.4016549976949886 2.4477023862121166
14 1.05 0.8 0.1 1.9938067454317798 -0.09829309004157485 2.391222225966297 2.4379971031317846
16 1.05 0.8 0.1 1.9896480320247623 -0.09928429539574078 2.3859096308486216 2.434735145757689
10 1.05 0.8 0.1 2.01651442850932 -0.0947212807847794 2.417713221761242 2.45996641842793
18 1.05 0.8 0.1 1.9869122773775687 -0.10003382213821772 2.382352519830597 -0.0
20 1.05 0.8 0.1 1.9891257856607578 -0.10059031109033396 2.3804246082061957 -0.0
22 1.0 0.8 0.1 1.990078063974532 -0.10590556700556703 2.403876466452082 -0.0
22 1.05 0.8 0.1 1.9876567738264876 -0.101036193807697 2.379089660314319 -0.0
24 0.9 0.8 0.1 1.999408582892043 -0.11690540878563549 2.4688976753886025 -0.0
24 0.95 0.8 0.1 1.9944629933553883 -0.11144685071065145 2.4327603009037833 -0.0
24 1.0 0.8 0.1 1.9895111900854765 -0.10628435081632683 2.402885066238056 -0.0
24 0.8 0.8 0.1 2.010022293808888 -0.12878716483403094 2.565084756693464 -0.0
24 0.85 0.8 0.1 2.0045477159944642 -0.12267825457795302 2.5126180599100545 -0.0
24 1.05 0.8 0.1 1.9844961017297504 -0.10139288103524285 2.3783005109947726 -0.0
14 1.1 0.8 0.1 1.986334597638867 -0.09385867723258469 2.3688700969883985 2.4152885717407284
10 1.1 0.8 0.1 2.005685192472752 -0.09054472986517055 2.392171861628432 2.432961056066998
12 1.1 0.8 0.1 1.9939547050679551 -0.09249207237428884 2.377986388790091 2.422253660415775
16 1.1 0.8 0.1 1.9830386157361528 -0.09477867466608679 2.364394639977755 2.410552569247924
18 1.1 0.8 0.1 1.9809001112173996 -0.09547617060207525 2.361416763188521 2.4089304179943656
10 1.15 0.8 0.1 1.9955495764396693 -0.08655460976172141 2.3710514986024003 2.4092920250600516
12 1.15 0.8 0.1 1.9855264549113862 -0.08836405372554546 2.3585791192017544 2.3999600025575187
14 1.15 0.8 0.1 1.979062192251983 -0.0896336414089707 2.350614980004062 2.393929178095645
20 1.1 0.8 0.1 1.9822175460271207 -0.09599701105631261 2.3598525739161116 2.409341296699655
16 1.15 0.8 0.1 1.9764382532783407 -0.0904907457575441 2.3468446139576886 2.391410240607949
10 1.2 0.8 0.1 1.9859735060842403 -0.08273890494995438 2.353696921868639 2.3888271458331096
14 1.2 0.8 0.1 1.9742153293558946 -0.08560391452816955 2.3358176881914634 2.3754666823706656
12 1.2 0.8 0.1 1.9811589496306 -0.08442252372026443 2.34275897312099 -0.0
16 1.2 0.8 0.1 1.9697690155246979 -0.08640437534395645 2.3326532134096705 2.3734055454028655
18 1.15 0.8 0.1 1.9747682643238065 -0.09114148191892213 2.3443651699974097 2.3897923360481808
20 1.15 0.8 0.1 1.9753782321447342 -0.09163082128003742 2.3430948018888147 2.3891343727820105
20 1.2 0.8 0.1 1.9685851183548455 -0.08747389796269317 2.3295702137593373 2.3716167914076065
18 1.2 0.8 0.1 1.9684460542787836 -0.0870128827098644 2.330601097350417 2.3721109890514103
22 1.1 0.8 0.1 1.9811662449719074 -0.09641562828905413 2.358775903313552 -0.0
22 1.15 0.8 0.1 1.9746414459605695 -0.09202512804320516 2.3422264969639994 -0.0
24 1.1 0.8 0.1 1.9792498104942633 -0.0967526412412596 2.358147089661597 -0.0
24 1.2 0.8 0.1 1.967839580268746 -0.08814928129489608 2.3284661838879024 -0.0
22 1.2 0.8 0.1 1.9680725821925091 -0.08784629159085995 2.328868995045785 -0.0
24 1.15 0.8 0.1 1.973618686950798 -0.09234437352996751 2.3417241965593694 -0.0
