-0.3 -0.170850632289183
-0.28 -0.1471573461211565
-0.26 -0.1230798769405496
-0.24 -0.09944427150371893
-0.22 -0.07700631534118584
-0.2 -0.05632853855195424
-0.18 -0.03772861206425252
-0.16 -0.021298385966838154
-0.14 -0.006963277781706249
-0.12 0.0054507716295533375
-0.1 0.016162430638347672
-0.08 0.02539808232992592
-0.06 0.033370840889932696
-0.04 0.04027082965042324
-0.02 0.04626234206059527
0.0 0.05148470041842041
0.02 0.0560548035039258
0.04 0.06007022183863874
0.06 0.06361225457956642
0.08 0.06674868597420539

