10 1.0 0.1 0.4 0.02839807306311567 -0.052131283394020914 0.08052935645713657
12 1.0 0.1 0.4 0.021353534086072757 -0.04276473286784368 0.06411826695391644
14 1.0 0.1 0.4 0.016699501792160485 -0.03631575721064998 0.05301525900281047
16 1.0 0.1 0.4 0.015008873254120859 -0.033379206676722326 0.04838807993084318
18 1.0 0.1 0.4 0.014021043474142706 -0.0314481437898863 0.04546918726402901
20 1.0 0.1 0.4 0.013933459120458036 -0.030701611334494942 0.04463507045495298
22 1.0 0.1 0.4 0.014027259516786638 -0.030295701843782694 0.04432296136056933
24 1.0 0.1 0.4 0.014366442548979444 -0.030273921362422084 0.044640363911401526
10 1.05 0.1 0.4 0.026761659495103004 -0.05452712089556803 0.08128878039067103
12 1.05 0.1 0.4 0.020787206293377467 -0.04662698556497904 0.06741419185835651
14 1.05 0.1 0.4 0.016938587424659632 -0.04133354693318117 0.0582721343578408
16 1.05 0.1 0.4 0.015703218400648797 -0.039120497300332395 0.05482371570098119
18 1.05 0.1 0.4 0.01504297491774301 -0.03774081797682243 0.052783792894565446
20 1.05 0.1 0.4 0.015134610153009017 -0.03734091340343874 0.05247552355644775
22 1.05 0.1 0.4 0.015344585352852193 -0.037183939637711806 0.052528524990564
24 1.05 0.1 0.4 0.015737193760848884 -0.03731205809065956 0.05304925185150844
10 1.1 0.1 0.4 0.025459043141092146 -0.0572396577949968 0.08269870093608894
12 1.1 0.1 0.4 0.020428058633091776 -0.05063829206366342 0.0710663506967552
14 1.1 0.1 0.4 0.017265636050253417 -0.04633399517574935 0.06359963122600276
16 1.1 0.1 0.4 0.016411835425353172 -0.04471974437085133 0.0611315797962045
18 1.1 0.1 0.4 0.016035207330437 -0.043795551621174766 0.059830758951611766
20 1.1 0.1 0.4 0.016258937278784566 -0.04364153335423038 0.05990047063301494
22 1.1 0.1 0.4 0.01655264223732561 -0.04364940652743368 0.06020204876475929
24 1.1 0.1 0.4 0.016964284519449792 -0.04384368756167566 0.06080797208112545
10 1.15 0.1 0.4 0.0244290243241342 -0.0601727406803785 0.08460176500451269
12 1.15 0.1 0.4 0.02024834681384665 -0.05472908220417225 0.0749774290180189
14 1.15 0.1 0.4 0.017641985938027953 -0.05122948211891608 0.06887146805694402
16 1.15 0.1 0.4 0.01711779954899973 -0.05010666956040002 0.06722446910939975
18 1.15 0.1 0.4 0.016942361417493095 -0.049497378641030654 0.06643974005852375
20 1.15 0.1 0.4 0.017261424498120292 -0.04950057604515145 0.06676200054327175
22 1.15 0.1 0.4 0.017612341687231966 -0.04959927621055729 0.06721161789778926
24 1.15 0.1 0.4 0.01804119309316033 -0.04981849716110732 0.06785969025426765
10 1.2 0.1 0.4 0.02359693376611335 -0.06321941182882895 0.0868163455949423
12 1.2 0.1 0.4 0.020144122084505313 -0.05875581940306274 0.07889994148756804
14 1.2 0.1 0.4 0.018049393004881415 -0.05596069759287551 0.07401009059775693
16 1.2 0.1 0.4 0.017767701323758787 -0.0551849423846032 0.07295264370836199
18 1.2 0.1 0.4 0.017762150293741563 -0.05480747289092832 0.07256962318466989
20 1.2 0.1 0.4 0.018147805438953876 -0.05489467416275428 0.07304247960170815
22 1.2 0.1 0.4 0.01853576312948372 -0.055026387101172324 0.07356215023065604
24 1.2 0.1 0.4 0.0189751982553208 -0.055234423380221144 0.07420962163554194
10 1.25 0.1 0.4 0.02295693615712789 -0.06634470209901779 0.08930163825614568
12 1.25 0.1 0.4 0.020104526849408486 -0.06267775451517626 0.08278228136458475
14 1.25 0.1 0.4 0.018433510242835363 -0.06044159810239412 0.07887510834522948
16 1.25 0.1 0.4 0.018357064730107793 -0.05992472139105141 0.0782817861211592
18 1.25 0.1 0.4 0.01847835155998382 -0.05969147666715289 0.07816982822713671
20 1.25 0.1 0.4 0.01890831170491844 -0.059806864147867546 0.07871517585278598
22 1.25 0.1 0.4 0.019318093255174567 -0.05993102448937957 0.07924911774455413
24 1.25 0.1 0.4 0.01975539153714475 -0.060098236759560324 0.07985362829670507
10 1.3 0.1 0.4 0.022403613802053992 -0.06942071185994857 0.09182432566200256
12 1.3 0.1 0.4 0.02008735808432325 -0.06642988286030439 0.08651724094462765
14 1.3 0.1 0.4 0.018795359853599432 -0.06465357541947066 0.0834489352730701
16 1.3 0.1 0.4 0.01887805521834909 -0.06430653812425956 0.08318459334260865
18 1.3 0.1 0.4 0.01909765623830834 -0.06415528666449777 0.0832529429028061
20 1.3 0.1 0.4 0.0195556598598313 -0.06426086683020721 0.0838165266900385
22 1.3 0.1 0.4 0.019975800842736004 -0.06435246868786992 0.08432826953060593
24 1.3 0.1 0.4 0.020393213279093766 -0.06445637380942815 0.08484958708852192
10 1.35 0.1 0.4 0.021922098795847646 -0.07241463020849846 0.09433672900434611
12 1.35 0.1 0.4 0.020085315174546897 -0.06998923935933381 0.0900745545338807
14 1.35 0.1 0.4 0.019089674448417106 -0.06854474437049711 0.08763441881891422
16 1.35 0.1 0.4 0.0192973378637471 -0.06830096427277994 0.08759830213652704
18 1.35 0.1 0.4 0.01959233873496532 -0.06818661763388836 0.08777895636885369
20 1.35 0.1 0.4 0.020063824723143914 -0.06825753115733903 0.08832135588048294
22 1.35 0.1 0.4 0.02048628396780325 -0.06830494136834404 0.08879122533614729
24 1.35 0.1 0.4 0.020895539185614584 -0.06835798312235677 0.08925352230797136
10 1.4 0.1 0.4 0.02150348229322156 -0.07530340395123693 0.09680688624445849
12 1.4 0.1 0.4 0.020055178739804547 -0.07330752760063348 0.09336270634043803
14 1.4 0.1 0.4 0.019322911883453173 -0.07212304534711385 0.09144595723056702
16 1.4 0.1 0.4 0.019626234769050843 -0.07193147875285538 0.09155771352190623
18 1.4 0.1 0.4 0.019973894720458324 -0.07181993398442596 0.09179382870488428
20 1.4 0.1 0.4 0.02045033897196039 -0.07184560347149234 0.09229594244345272
22 1.4 0.1 0.4 0.020869173446181465 -0.07184585975797254 0.092715033204154
24 1.4 0.1 0.4 0.021267265952274735 -0.07185131415660953 0.09311858010888427
10 1.45 0.1 0.4 0.02110381076293837 -0.07803767646890665 0.09914148723184502
12 1.45 0.1 0.4 0.019999342287460413 -0.07638622579501887 0.09638556808247928
14 1.45 0.1 0.4 0.019485341016424407 -0.07538881760688391 0.09487415862330832
16 1.45 0.1 0.4 0.019860240515748483 -0.07521346544465804 0.09507370596040653
18 1.45 0.1 0.4 0.02024552925304814 -0.07508635081153735 0.09533188006458548
20 1.45 0.1 0.4 0.020719930800131552 -0.0750636716544536 0.09578360245458516
22 1.45 0.1 0.4 0.02113095705063566 -0.07501942584276636 0.09615038289340203
24 1.45 0.1 0.4 0.021509363027563407 -0.07497848454932139 0.0964878475768848
10 1.5 0.1 0.4 0.020717463458471037 -0.08060834118712465 0.10132580464559568
12 1.5 0.1 0.4 0.01990503241951901 -0.07921873336217179 0.0991237657816908
14 1.5 0.1 0.4 0.019572722987520615 -0.07835320354740533 0.09792592653492593
16 1.5 0.1 0.4 0.019999502440223294 -0.07817049081644727 0.09816999325667056
18 1.5 0.1 0.4 0.020410368430426144 -0.07801835221143773 0.09842872064186386
20 1.5 0.1 0.4 0.02087762559743314 -0.07794952022187963 0.09882714581931278
22 1.5 0.1 0.4 0.021277939965308773 -0.07786633669813177 0.09914427666344054
24 1.5 0.1 0.4 0.02163665695981531 -0.07778765603409209 0.0994243129939074
