10 1.0 0.3 0.15 -0.2947674946990926 0.18536298688088731 -0.4801304815799799
12 1.0 0.3 0.15 -0.2926905780145654 0.18165713249201385 -0.4743477105065792
14 1.0 0.3 0.15 -0.2912730858287128 0.17892606437203515 -0.470199150200748
16 1.0 0.3 0.15 -0.2905893164783703 0.17740440690624937 -0.46799372338461964
18 1.0 0.3 0.15 -0.2901043736517335 0.1762415016379953 -0.4663458752897288
20 1.0 0.3 0.15 -0.2898533907424079 0.1755099833545834 -0.4653633740969913
22 1.0 0.3 0.15 -0.28966908232651484 0.1749313610992961 -0.46460044342581097
24 1.0 0.3 0.15 -0.2895627773303348 0.17452059067026252 -0.46408336800059735
10 1.05 0.3 0.15 -0.2884179085020182 0.17649885002970264 -0.4649167585317209
12 1.05 0.3 0.15 -0.2866485382698292 0.17322439956368219 -0.4598729378335114
14 1.05 0.3 0.15 -0.2854428915204612 0.1708016713938444 -0.4562445629143056
16 1.05 0.3 0.15 -0.2848732832397196 0.1694687929087297 -0.45434207614844935
18 1.05 0.3 0.15 -0.2844688804460584 0.1684455379836518 -0.4529144184297102
20 1.05 0.3 0.15 -0.2842589857864466 0.16779777412040295 -0.45205675990684957
22 1.05 0.3 0.15 -0.28410352041611303 0.16728217109933363 -0.45138569151544666
24 1.05 0.3 0.15 -0.28401086338415554 0.16691007739671984 -0.4509209407808754
10 1.1 0.3 0.15 -0.2823861724139506 0.16799779039080678 -0.45038396280475734
12 1.1 0.3 0.15 -0.2808747161549203 0.1651053226498022 -0.44598003880472253
14 1.1 0.3 0.15 -0.2798459079405746 0.16295400969192866 -0.44279991763250326
16 1.1 0.3 0.15 -0.2793674661296831 0.1617821807292513 -0.44114964685893443
18 1.1 0.3 0.15 -0.27902690194652285 0.1608771411288713 -0.43990404307539416
20 1.1 0.3 0.15 -0.2788481009074073 0.1602985893488426 -0.4391466902562499
22 1.1 0.3 0.15 -0.2787142904972034 0.1598348711786272 -0.43854916167583063
24 1.1 0.3 0.15 -0.27863140421764243 0.15949441411690923 -0.43812581833455166
10 1.15 0.3 0.15 -0.27662801633396267 0.15979198190847194 -0.4364199982424346
12 1.15 0.3 0.15 -0.27533319426099917 0.15724047794872492 -0.4325736722097241
14 1.15 0.3 0.15 -0.27445201826204424 0.15532939042030697 -0.4297814086823512
16 1.15 0.3 0.15 -0.2740464310052329 0.15429600390481527 -0.4283424349100482
18 1.15 0.3 0.15 -0.2737565613190073 0.15349181729396286 -0.42724837861297016
20 1.15 0.3 0.15 -0.2736014226163846 0.15297117941685515 -0.42657260203323977
22 1.15 0.3 0.15 -0.27348400356958247 0.15255075601170312 -0.42603475958128556
24 1.15 0.3 0.15 -0.27340824801963626 0.15223670758494967 -0.42564495560458593
10 1.2 0.3 0.15 -0.27110878115141646 0.1518231210304949 -0.42293190218191135
12 1.2 0.3 0.15 -0.26999561597375876 0.14957754516431376 -0.4195731611380725
14 1.2 0.3 0.15 -0.2692377356291044 0.1478805685852535 -0.4171183042143579
16 1.2 0.3 0.15 -0.26889048215216643 0.1469674424151845 -0.41585792456735093
18 1.2 0.3 0.15 -0.26864099837398897 0.1462502011188434 -0.4148911994928324
20 1.2 0.3 0.15 -0.26850402425227443 0.14577880049132153 -0.41428282474359596
22 1.2 0.3 0.15 -0.26839916292364324 0.14539510756052776 -0.413794270484171
24 1.2 0.3 0.15 -0.2683287632486413 0.145103621537553 -0.41343238478619426
10 1.25 0.3 0.15 -0.26580031725780845 0.1440380191608093 -0.4098383364186178
12 1.25 0.3 0.15 -0.26483955081860067 0.14206942208365805 -0.4069089729022587
14 1.25 0.3 0.15 -0.2641847668483381 0.1405651009411693 -0.4047498677895074
16 1.25 0.3 0.15 -0.2638843603039569 0.13975787179677898 -0.4036422321007359
18 1.25 0.3 0.15 -0.26366720191103604 0.13911662549880696 -0.402783827409843
20 1.25 0.3 0.15 -0.263544345767919 0.13868793287400372 -0.40223227864192274
22 1.25 0.3 0.15 -0.2634492628134776 0.13833603466961794 -0.40178529748309555
24 1.25 0.3 0.15 -0.26338304158842085 0.13806433098792428 -0.4014473725763451
10 1.3 0.3 0.15 -0.2606801882560462 0.13638809599332152 -0.39706828424936774
12 1.3 0.3 0.15 -0.25984732293046825 0.13467287190881969 -0.3945201948392879
14 1.3 0.3 0.15 -0.2592788472207821 0.13334387529238528 -0.3926227225131674
16 1.3 0.3 0.15 -0.2590162357953319 0.13263156785833066 -0.3916478036536626
18 1.3 0.3 0.15 -0.25882520684851157 0.13205814798332233 -0.3908833548318339
20 1.3 0.3 0.15 -0.25871352078291826 0.13166746834654508 -0.39038098912946334
22 1.3 0.3 0.15 -0.25862622244656636 0.13134379624201328 -0.3899700186885796
24 1.3 0.3 0.15 -0.2585634144078028 0.1310899498410624 -0.3896533642488652
10 1.35 0.3 0.15 -0.25573031452509754 0.1288274402704596 -0.3845577547955571
12 1.35 0.3 0.15 -0.25500495059315165 0.12734704639488073 -0.38235199698803235
14 1.35 0.3 0.15 -0.25450889367110363 0.1261799666865546 -0.38068886035765825
16 1.35 0.3 0.15 -0.2542770081632919 0.12555477184016275 -0.37983178000345463
18 1.35 0.3 0.15 -0.25410706147943335 0.1250427554656938 -0.37914981694512717
20 1.35 0.3 0.15 -0.2540043556072356 0.12468685068872414 -0.37869120629595976
22 1.35 0.3 0.15 -0.2539233778886934 0.1243889002053394 -0.3783122780940328
24 1.35 0.3 0.15 -0.25386347883683413 0.12415165560524351 -0.3780151344420776
0 0 0.3 0.15 0 0 0
0 0 0.3 0.15 0 0 0
0 0 0.3 0.15 0 0 0
0 0 0.3 0.15 0 0 0
0 0 0.3 0.15 0 0 0
0 0 0.3 0.15 0 0 0
0 0 0.3 0.15 0 0 0
0 0 0.3 0.15 0 0 0
0 0 0.3 0.15 0 0 0
0 0 0.3 0.15 0 0 0
0 0 0.3 0.15 0 0 0
0 0 0.3 0.15 0 0 0
0 0 0.3 0.15 0 0 0
0 0 0.3 0.15 0 0 0
0 0 0.3 0.15 0 0 0
0 0 0.3 0.15 0 0 0
0 0 0.3 0.15 0 0 0
0 0 0.3 0.15 0 0 0
0 0 0.3 0.15 0 0 0
0 0 0.3 0.15 0 0 0
0 0 0.3 0.15 0 0 0
0 0 0.3 0.15 0 0 0
0 0 0.3 0.15 0 0 0
0 0 0.3 0.15 0 0 0
