10 1.0 0.8 0.15 -0.4132516686701265 0.3763073166401989 -0.7895589853103254
12 1.0 0.8 0.15 -0.4118152278511839 0.37397163972053243 -0.7857868675717163
14 1.0 0.8 0.15 -0.4108011954409605 0.372318717983309 -0.7831199134242695
16 1.0 0.8 0.15 -0.4101577767436362 0.37126251266948185 -0.781420289413118
18 1.0 0.8 0.15 -0.40967061730586324 0.37046141921342685 -0.7801320365192901
20 1.0 0.8 0.15 -0.40932436895042185 0.369889149389599 -0.7792135183400208
22 1.0 0.8 0.15 -0.4090475270920918 0.3694310382355979 -0.7784785653276898
24 1.0 0.8 0.15 -0.4088320784385297 0.3690734306042179 -0.7779055090427476
10 1.05 0.8 0.15 -0.3991453373799825 0.3630812664108734 -0.7622266037908558
12 1.05 0.8 0.15 -0.3979110311229777 0.3610012814463957 -0.7589123125693734
14 1.05 0.8 0.15 -0.39703985812541354 0.3595299370864338 -0.7565697952118473
16 1.05 0.8 0.15 -0.3964854585935347 0.35858798737745307 -0.7550734459709878
18 1.05 0.8 0.15 -0.3960647826512272 0.35787222611399466 -0.7539370087652218
20 1.05 0.8 0.15 -0.39576276638531926 0.3573563405595825 -0.7531191069449017
22 1.05 0.8 0.15 -0.39552044261478003 0.35694205456410855 -0.7524624971788886
24 1.05 0.8 0.15 -0.39532989222452597 0.35661558532836657 -0.7519454775528925
10 1.1 0.8 0.15 -0.38588792627769114 0.35071223400096 -0.7366001602786512
12 1.1 0.8 0.15 -0.38482210585272303 0.34884995544247244 -0.7336720612951955
14 1.1 0.8 0.15 -0.3840698279742728 0.3475328802540122 -0.731602708228285
16 1.1 0.8 0.15 -0.3835887719685712 0.3466865847416376 -0.7302753567102088
18 1.1 0.8 0.15 -0.38322288884412564 0.34604219113250256 -0.7292650799766283
20 1.1 0.8 0.15 -0.38295744096673795 0.34557335455579397 -0.728530795522532
22 1.1 0.8 0.15 -0.38274377386019925 0.3451957462435643 -0.7279395201037635
24 1.1 0.8 0.15 -0.38257417491929446 0.3448956000975095 -0.727469775016804
10 1.15 0.8 0.15 -0.3734033724199541 0.33911350284787845 -0.7125168752678326
12 1.15 0.8 0.15 -0.3724786062056213 0.3374374076602941 -0.7099160138659154
14 1.15 0.8 0.15 -0.3718256620456435 0.33625187100125153 -0.708077533046895
16 1.15 0.8 0.15 -0.37140544963823013 0.335486131403287 -0.7068915810415171
18 1.15 0.8 0.15 -0.3710850720666452 0.3349018307810846 -0.7059869028477298
20 1.15 0.8 0.15 -0.37085019266817737 0.3344726590153377 -0.705322851683515
22 1.15 0.8 0.15 -0.37066059144055363 0.3341260862326041 -0.7047866776731577
24 1.15 0.8 0.15 -0.37050884694508174 0.33384848568693665 -0.7043573326320184
10 1.2 0.8 0.15 -0.3616261084643845 0.32821099513564644 -0.6898371036000309
12 1.2 0.8 0.15 -0.3608197937304656 0.3266945174749933 -0.6875143112054589
14 1.2 0.8 0.15 -0.36025018285938926 0.32562154986773617 -0.6858717327271254
16 1.2 0.8 0.15 -0.3598808092663104 0.3249240770906922 -0.6848048863570027
18 1.2 0.8 0.15 -0.3595985224032114 0.32439073103466354 -0.6839892534378749
20 1.2 0.8 0.15 -0.3593894665481069 0.3239953375096516 -0.6833848040577585
22 1.2 0.8 0.15 -0.3592202935440344 0.32367530533417566 -0.68289559887821
24 1.2 0.8 0.15 -0.35908393073731065 0.32341724340619554 -0.6825011741435062
10 1.25 0.8 0.15 -0.3504987107621414 0.31794040153039005 -0.6684391122925315
12 1.25 0.8 0.15 -0.34979227765444165 0.3165612589238526 -0.6663535365782942
14 1.25 0.8 0.15 -0.34929289531814695 0.31558501467274375 -0.6648779099908907
16 1.25 0.8 0.15 -0.3489663115704321 0.3149457638763886 -0.6639120754468207
18 1.25 0.8 0.15 -0.3487161608424071 0.31445593189290716 -0.6631720927353142
20 1.25 0.8 0.15 -0.34852913554639325 0.314089584255013 -0.6626187198014062
22 1.25 0.8 0.15 -0.34837747260729607 0.3137924753299792 -0.6621699479372753
24 1.25 0.8 0.15 -0.34825448323158437 0.31355152160151417 -0.6618060048330985
10 1.3 0.8 0.15 -0.33997056871899395 0.3082457376141528 -0.6482163063331468
12 1.3 0.8 0.15 -0.3393487084784704 0.3069851631308362 -0.6463338716093066
14 1.3 0.8 0.15 -0.3389087805502006 0.30609234815927144 -0.645001128709472
16 1.3 0.8 0.15 -0.33861847793660843 0.3055030789538523 -0.6441215568904608
18 1.3 0.8 0.15 -0.3383956729515663 0.3050507188855897 -0.643446391837156
20 1.3 0.8 0.15 -0.33822761632589426 0.304709586906628 -0.6429372032325222
22 1.3 0.8 0.15 -0.3380910966259029 0.3044324661793475 -0.6425235628052504
24 1.3 0.8 0.15 -0.3379798248924945 0.3042066290186051 -0.6421864539110996
10 1.35 0.8 0.15 -0.32999666209680967 0.2990778513248885 -0.6290745134216982
12 1.35 0.8 0.15 -0.3294467407240246 0.29792003820632906 -0.6273667789303536
14 1.35 0.8 0.15 -0.3290573940984248 0.2970994919758003 -0.6261568860742251
16 1.35 0.8 0.15 -0.32879808830729784 0.29655343660939226 -0.6253515249166901
18 1.35 0.8 0.15 -0.32859867220782496 0.29613346001174756 -0.6247321322195725
20 1.35 0.8 0.15 -0.32844707044728544 0.29581438551551636 -0.6242614559628018
22 1.35 0.8 0.15 -0.32832374015850874 0.2955548238187895 -0.6238785639772982
24 1.35 0.8 0.15 -0.3282227969863106 0.2953424384131779 -0.6235652353994885
0 0 0.8 0.15 0 0 0
0 0 0.8 0.15 0 0 0
0 0 0.8 0.15 0 0 0
0 0 0.8 0.15 0 0 0
0 0 0.8 0.15 0 0 0
0 0 0.8 0.15 0 0 0
0 0 0.8 0.15 0 0 0
0 0 0.8 0.15 0 0 0
0 0 0.8 0.15 0 0 0
0 0 0.8 0.15 0 0 0
0 0 0.8 0.15 0 0 0
0 0 0.8 0.15 0 0 0
0 0 0.8 0.15 0 0 0
0 0 0.8 0.15 0 0 0
0 0 0.8 0.15 0 0 0
0 0 0.8 0.15 0 0 0
0 0 0.8 0.15 0 0 0
0 0 0.8 0.15 0 0 0
0 0 0.8 0.15 0 0 0
0 0 0.8 0.15 0 0 0
0 0 0.8 0.15 0 0 0
0 0 0.8 0.15 0 0 0
0 0 0.8 0.15 0 0 0
0 0 0.8 0.15 0 0 0
