10 1.0 0.1 0.2 -0.15204190478914345 -0.02924977179861039 -0.12279213299053306
12 1.0 0.1 0.2 -0.1518801095405312 -0.032734102030557204 -0.11914600750997398
14 1.0 0.1 0.2 -0.15177509085874494 -0.03541794430208283 -0.1163571465566621
16 1.0 0.1 0.2 -0.1521017070636433 -0.036959290680899065 -0.11514241638274422
18 1.0 0.1 0.2 -0.15238636744709513 -0.03819072013194188 -0.11419564731515325
20 1.0 0.1 0.2 -0.15275264954415002 -0.039016366501738724 -0.11373628304241129
22 1.0 0.1 0.2 -0.15306751306035912 -0.03970061237898024 -0.11336690068137889
24 1.0 0.1 0.2 -0.15337751764794563 -0.04021794294750971 -0.11315957470043592
10 1.05 0.1 0.2 -0.15029975783945018 -0.038710540243529816 -0.11158921759592036
12 1.05 0.1 0.2 -0.15025941846601348 -0.04204476206187112 -0.10821465640414236
14 1.05 0.1 0.2 -0.15026940094982488 -0.044552823194812935 -0.10571657775501195
16 1.05 0.1 0.2 -0.1506294825237288 -0.046020328680697886 -0.1046091538430309
18 1.05 0.1 0.2 -0.1509349048385071 -0.047179320118309206 -0.1037555847201979
20 1.05 0.1 0.2 -0.15129761004832548 -0.04796028096693951 -0.10333732908138597
22 1.05 0.1 0.2 -0.15160200163174192 -0.04860047399792325 -0.10300152763381867
24 1.05 0.1 0.2 -0.15189757260754802 -0.049074765132927 -0.10282280747462103
10 1.1 0.1 0.2 -0.14865747596092097 -0.047840197586873655 -0.1008172783740473
12 1.1 0.1 0.2 -0.1487306453095728 -0.05096520720458469 -0.09776543810498811
14 1.1 0.1 0.2 -0.14881518123911144 -0.0532865490233423 -0.09552863221576914
16 1.1 0.1 0.2 -0.1491923460870405 -0.05463967621633844 -0.09455266987070204
18 1.1 0.1 0.2 -0.14950986154701465 -0.055678306222115434 -0.09383155532489922
20 1.1 0.1 0.2 -0.1498643768358509 -0.056365771632888716 -0.09349860520296219
22 1.1 0.1 0.2 -0.15016369494277002 -0.05690411799040703 -0.09325957695236298
24 1.1 0.1 0.2 -0.15044380987398337 -0.057293081533288964 -0.0931507283406944
10 1.15 0.1 0.2 -0.14707471608067268 -0.05661691158880156 -0.09045780449187113
12 1.15 0.1 0.2 -0.14725634164314955 -0.059463345507888794 -0.08779299613526076
14 1.15 0.1 0.2 -0.14739622066784952 -0.061554208236095656 -0.08584201243175386
16 1.15 0.1 0.2 -0.14778922010699555 -0.06273330855396696 -0.0850559115530286
18 1.15 0.1 0.2 -0.14811184058714214 -0.06360942202012651 -0.08450241856701562
20 1.15 0.1 0.2 -0.14845490606990766 -0.06416496374970752 -0.08428994232020014
22 1.15 0.1 0.2 -0.14874275867544634 -0.06457741749033057 -0.08416534118511577
24 1.15 0.1 0.2 -0.14900710712888496 -0.0648566288404558 -0.08415047828842916
10 1.2 0.1 0.2 -0.1455737156432396 -0.06493499282510001 -0.08063872281813958
12 1.2 0.1 0.2 -0.14582086793619287 -0.0674867598166354 -0.07833410811955746
14 1.2 0.1 0.2 -0.14601120749505653 -0.069291206568784 -0.07672000092627253
16 1.2 0.1 0.2 -0.14640822743783422 -0.070264124958685 -0.07614410247914921
18 1.2 0.1 0.2 -0.14673073278327178 -0.07095003472767256 -0.07578069805559923
20 1.2 0.1 0.2 -0.1470602801878493 -0.07135295610936805 -0.07570732407848126
22 1.2 0.1 0.2 -0.147335419192886 -0.07162855443278486 -0.07570686476010115
24 1.2 0.1 0.2 -0.14758415196869218 -0.07179340565339166 -0.07579074631530051
10 1.25 0.1 0.2 -0.14411816639123814 -0.07278099885681115 -0.071337167534427
12 1.25 0.1 0.2 -0.1444229462283535 -0.07498238285575777 -0.06944056337259573
14 1.25 0.1 0.2 -0.1446486747465733 -0.07647473971306165 -0.06817393503351166
16 1.25 0.1 0.2 -0.1450439639344426 -0.07721974996493093 -0.06782421396951167
18 1.25 0.1 0.2 -0.14536242633436733 -0.07770670330025277 -0.06765572303411456
20 1.25 0.1 0.2 -0.1456772287192681 -0.07795537885832277 -0.06772184986094534
22 1.25 0.1 0.2 -0.14593150403330565 -0.07810977467194002 -0.06782172936136563
24 1.25 0.1 0.2 -0.1461650927811347 -0.07817082498106721 -0.0679942678000675
10 1.3 0.1 0.2 -0.1427062337521458 -0.08010926767704636 -0.06259696607509944
12 1.3 0.1 0.2 -0.14305120620021552 -0.08193416225474183 -0.061117043945473695
14 1.3 0.1 0.2 -0.14329630855430653 -0.08310990188834134 -0.060186406665965184
16 1.3 0.1 0.2 -0.14368569370600745 -0.08362392698615768 -0.060061766719849766
18 1.3 0.1 0.2 -0.14399733485662877 -0.08392062935711929 -0.06007670549950948
20 1.3 0.1 0.2 -0.1442968305327233 -0.08402842669970055 -0.060268403833022746
22 1.3 0.1 0.2 -0.14454508391703502 -0.08406138859058061 -0.06048369532645441
24 1.3 0.1 0.2 -0.14476414493692705 -0.08403761343712997 -0.06072653149979708
10 1.35 0.1 0.2 -0.1413190456099208 -0.08691468069130381 -0.054404364918617
12 1.35 0.1 0.2 -0.14169377516790124 -0.08834872233117491 -0.05334505283672633
14 1.35 0.1 0.2 -0.14196518584175602 -0.08919662328201095 -0.052768562559745075
16 1.35 0.1 0.2 -0.14234529500169357 -0.08949410004385305 -0.05285119495784052
18 1.35 0.1 0.2 -0.1426479075794894 -0.08962261944283154 -0.053025288136657855
20 1.35 0.1 0.2 -0.1429318913645657 -0.0896120993466569 -0.05331979201790879
22 1.35 0.1 0.2 -0.14316668044452951 -0.08955582814511563 -0.05361085229941388
24 1.35 0.1 0.2 -0.14337195984628762 -0.08946800640409133 -0.053903953442196284
10 1.4 0.1 0.2 -0.13996585064995384 -0.09317575111547868 -0.04679009953447516
12 1.4 0.1 0.2 -0.140360583405308 -0.09422616895722011 -0.046134414448087885
14 1.4 0.1 0.2 -0.1406446858932422 -0.09477864946955396 -0.045866036423688236
16 1.4 0.1 0.2 -0.14101325033865375 -0.0948853973860325 -0.04612785295262126
18 1.4 0.1 0.2 -0.14130541302770921 -0.09487418452909334 -0.046431228498615876
20 1.4 0.1 0.2 -0.14157405419140148 -0.09477064539596411 -0.04680340879543737
22 1.4 0.1 0.2 -0.141795697561494 -0.09464787799478275 -0.04714781956671124
24 1.4 0.1 0.2 -0.14198799153623232 -0.09451474675686297 -0.047473244779369345
10 1.45 0.1 0.2 -0.13863398869374696 -0.09891522876253485 -0.039718759931212114
12 1.45 0.1 0.2 -0.13904013823806033 -0.09960692185706653 -0.0394332163809938
14 1.45 0.1 0.2 -0.1393319205617941 -0.09989860132804713 -0.039433319233746975
16 1.45 0.1 0.2 -0.1396873966764243 -0.09984642957731907 -0.03984096709910523
18 1.45 0.1 0.2 -0.13996819560061335 -0.09972526876776659 -0.04024292683284676
20 1.45 0.1 0.2 -0.14022188703741795 -0.09955266135554265 -0.040669225681875296
22 1.45 0.1 0.2 -0.14043084645544449 -0.09938298669058418 -0.041047859764860306
24 1.45 0.1 0.2 -0.14061096484875354 -0.09921950003514203 -0.041391464813611514
10 1.5 0.1 0.2 -0.13731899740047976 -0.10415837174349614 -0.03316062565698362
12 1.5 0.1 0.2 -0.13773274738141686 -0.10452557732482136 -0.0332071700565955
14 1.5 0.1 0.2 -0.1380281296531437 -0.10459700833660555 -0.03343112131653815
16 1.5 0.1 0.2 -0.13836953056999127 -0.10441880429682719 -0.033950726273164075
18 1.5 0.1 0.2 -0.1386384348115654 -0.10421519218631457 -0.03442324262525083
20 1.5 0.1 0.2 -0.13887771193097737 -0.10399385200116106 -0.03488385992981631
22 1.5 0.1 0.2 -0.13907453384555923 -0.10379266423874439 -0.03528186960681484
24 1.5 0.1 0.2 -0.13924327089964417 -0.10360980659592113 -0.035633464303723036
