10 1.0 1.6 0.15 -0.4673903669729158 0.45820059134076274 -0.9255909583136785
12 1.0 1.6 0.15 -0.46676754666543885 0.45732986484921506 -0.9240974115146539
14 1.0 1.6 0.15 -0.4663244553249667 0.4567099297899467 -0.9230343851149134
16 1.0 1.6 0.15 -0.4660215970208906 0.4562866731461457 -0.9223082701670362
18 1.0 1.6 0.15 -0.46578920660817014 0.4559618954355279 -0.921751102043698
20 1.0 1.6 0.15 -0.46561440211663724 0.4557178678919328 -0.92133227000857
22 1.0 1.6 0.15 -0.46547299614286175 0.4555204966857755 -0.9209934928286372
24 1.0 1.6 0.15 -0.4653590885363999 0.45536162222916104 -0.920720710765561
10 1.05 1.6 0.15 -0.4477326150401714 0.4391152015965803 -0.8868478166367517
12 1.05 1.6 0.15 -0.447202136955386 0.43835768428694144 -0.8855598212423275
14 1.05 1.6 0.15 -0.44682485030980423 0.43781854446524626 -0.8846433947750505
16 1.05 1.6 0.15 -0.44656604490085533 0.4374492364634616 -0.884015281364317
18 1.05 1.6 0.15 -0.4463671958920268 0.43716549637109037 -0.8835326922631171
20 1.05 1.6 0.15 -0.4462166658093969 0.436950963403929 -0.8831676292133259
22 1.05 1.6 0.15 -0.4460946665735576 0.4367771220502177 -0.8828717886237754
24 1.05 1.6 0.15 -0.4459958432678459 0.43663640625013106 -0.882632249517977
10 1.1 1.6 0.15 -0.4295847359158467 0.4214937019490694 -0.8510784378649161
12 1.1 1.6 0.15 -0.42912986153237814 0.4208302697670359 -0.8499601312994141
14 1.1 1.6 0.15 -0.4288063911544452 0.42035819004916397 -0.8491645812036092
16 1.1 1.6 0.15 -0.4285835277339974 0.4200334796049197 -0.8486170073389171
18 1.1 1.6 0.15 -0.4284120637223394 0.41978367763873664 -0.8481957413610761
20 1.1 1.6 0.15 -0.42828145167345044 0.41959363320893206 -0.8478750848823825
22 1.1 1.6 0.15 -0.42817541873761056 0.41943937866946307 -0.8476147974070736
24 1.1 1.6 0.15 -0.42808910886891816 0.41931390336291985 -0.847403012231838
10 1.15 1.6 0.15 -0.4127853039319291 0.40517806681116136 -0.8179633707430904
12 1.15 1.6 0.15 -0.41239277380717254 0.4045933678489891 -0.8169861416561617
14 1.15 1.6 0.15 -0.4121136228288138 0.404177316827124 -0.8162909396559378
16 1.15 1.6 0.15 -0.4119203401767458 0.40388978385320984 -0.8158101240299556
18 1.15 1.6 0.15 -0.4117714384170884 0.4036682967340583 -0.8154397351511466
20 1.15 1.6 0.15 -0.41165733800920945 0.40349879344946243 -0.8151561314586719
22 1.15 1.6 0.15 -0.41156457597566737 0.40336101232600513 -0.8149255883016725
24 1.15 1.6 0.15 -0.4114887516157739 0.4032484613532001 -0.8147372129689741
10 1.2 1.6 0.15 -0.39719466950575644 0.3900320341291456 -0.7872267036349021
12 1.2 1.6 0.15 -0.3968538695322212 0.38951360319679307 -0.7863674727290142
14 1.2 1.6 0.15 -0.3966114671459493 0.38914466778346535 -0.7857561349294147
16 1.2 1.6 0.15 -0.39644273654328316 0.388888381372443 -0.7853311179157262
18 1.2 1.6 0.15 -0.3963125861576956 0.388690719051627 -0.7850033052093226
20 1.2 1.6 0.15 -0.3962123034330142 0.3885386101776149 -0.7847509136106291
22 1.2 1.6 0.15 -0.3961306754381777 0.3884148156473462 -0.7845454910855238
24 1.2 1.6 0.15 -0.3960637154217366 0.3883133255919697 -0.7843770410137063
10 1.25 1.6 0.15 -0.382691354293141 0.3759373720110382 -0.7586287263041792
12 1.25 1.6 0.15 -0.3823937576572415 0.3754750620879579 -0.7578688197451994
14 1.25 1.6 0.15 -0.3821820333549901 0.37514600290981104 -0.7573280362648012
16 1.25 1.6 0.15 -0.38203384620041186 0.3749161854089053 -0.7569500316093172
18 1.25 1.6 0.15 -0.3819194094621995 0.37473873329692403 -0.7566581427591235
20 1.25 1.6 0.15 -0.3818307904384421 0.3746014835583519 -0.7564322739967939
22 1.25 1.6 0.15 -0.381758583039276 0.3744896668570727 -0.7562482498963488
24 1.25 1.6 0.15 -0.3816991754269041 0.37439771954528495 -0.7560968949721891
10 1.3 1.6 0.15 -0.3691692480448711 0.36279104544463653 -0.7319602934895076
12 1.3 1.6 0.15 -0.36890795960408923 0.36237654413292963 -0.7312845037370188
14 1.3 1.6 0.15 -0.36872201233035745 0.3620814423587618 -0.7308034546891192
16 1.3 1.6 0.15 -0.3685911475319888 0.36187421657795055 -0.7304653641099393
18 1.3 1.6 0.15 -0.36848998695320734 0.3617140493118699 -0.7302040362650772
20 1.3 1.6 0.15 -0.36841129222262037 0.36158959655393436 -0.7300008887765548
22 1.3 1.6 0.15 -0.36834711749675836 0.3614881189387376 -0.729835236435496
24 1.3 1.6 0.15 -0.36829418915182927 0.3614044637183148 -0.7296986528701441
10 1.35 1.6 0.15 -0.356535270351939 0.3505028431178279 -0.707038113469767
12 1.35 1.6 0.15 -0.35630468515407154 0.35012930996248715 -0.7064339951165587
14 1.35 1.6 0.15 -0.3561405357051694 0.34986330247879255 -0.706003838183962
16 1.35 1.6 0.15 -0.3560243863141389 0.34967550205403924 -0.7056998883681782
18 1.35 1.6 0.15 -0.3559345126220304 0.34953020524498585 -0.7054647178670163
20 1.35 1.6 0.15 -0.3558643204802918 0.34941685040075127 -0.7052811708810431
22 1.35 1.6 0.15 -0.3558070405511218 0.34932435751914176 -0.7051313980702636
24 1.35 1.6 0.15 -0.35575970404131 0.3492479517960741 -0.7050076558373841
0 0 1.6 0.15 0 0 0
0 0 1.6 0.15 0 0 0
0 0 1.6 0.15 0 0 0
0 0 1.6 0.15 0 0 0
0 0 1.6 0.15 0 0 0
0 0 1.6 0.15 0 0 0
0 0 1.6 0.15 0 0 0
0 0 1.6 0.15 0 0 0
0 0 1.6 0.15 0 0 0
0 0 1.6 0.15 0 0 0
0 0 1.6 0.15 0 0 0
0 0 1.6 0.15 0 0 0
0 0 1.6 0.15 0 0 0
0 0 1.6 0.15 0 0 0
0 0 1.6 0.15 0 0 0
0 0 1.6 0.15 0 0 0
0 0 1.6 0.15 0 0 0
0 0 1.6 0.15 0 0 0
0 0 1.6 0.15 0 0 0
0 0 1.6 0.15 0 0 0
0 0 1.6 0.15 0 0 0
0 0 1.6 0.15 0 0 0
0 0 1.6 0.15 0 0 0
0 0 1.6 0.15 0 0 0
