10 1.0 0.3 0 -0.3247106615689325 0.21129358863323328 -0.5360042502021658
12 1.0 0.3 0 -0.31629818736429804 0.19661076495061813 -0.5129089523149162
14 1.0 0.3 0 -0.31070764640556425 0.18686779498972594 -0.4975754413952902
16 1.0 0.3 0 -0.3074480193636411 0.18136932509903886 -0.48881734446267994
18 1.0 0.3 0 -0.30524453693958653 0.17772338503021584 -0.48296792196980237
20 1.0 0.3 0 -0.3039172036192299 0.1756577431489783 -0.4795749467682082
22 1.0 0.3 0 -0.3029834968325258 0.17426107963264947 -0.47724457646517526
24 1.0 0.3 0 -0.3023698929185733 0.1734196226901574 -0.47578951560873073
10 1.05 0.3 0 -0.3152918789568141 0.19832437518320947 -0.5136162541400235
12 1.05 0.3 0 -0.30806650236148925 0.18521624554157678 -0.49328274790306603
14 1.05 0.3 0 -0.303259619509359 0.17652715987156997 -0.47978677938092895
16 1.05 0.3 0 -0.3005442177794825 0.1718442262908304 -0.4723884440703129
18 1.05 0.3 0 -0.29872179118582676 0.16878419896528377 -0.4675059901511105
20 1.05 0.3 0 -0.29762825731708514 0.16708802498851372 -0.46471628230559886
22 1.05 0.3 0 -0.2968661484454304 0.16596968942362786 -0.46283583786905824
24 1.05 0.3 0 -0.29634919457314807 0.1652810956472963 -0.46163029022044433
10 1.1 0.3 0 -0.3066417517564332 0.18617479854912897 -0.49281655030556215
12 1.1 0.3 0 -0.3004061816025096 0.1744154058257482 -0.47482158742825775
14 1.1 0.3 0 -0.2963118057145084 0.16676057430913693 -0.4630723800236453
16 1.1 0.3 0 -0.2940517494053056 0.16279736280238183 -0.4568491122076874
18 1.1 0.3 0 -0.2925344954765103 0.16022543234762665 -0.45275992782413693
20 1.1 0.3 0 -0.29162221008247824 0.15882543008904818 -0.4504476401715264
22 1.1 0.3 0 -0.2909716153587088 0.15788386156956305 -0.4488554769282719
24 1.1 0.3 0 -0.29052720497750084 0.15731179837759426 -0.4478390033550951
10 1.15 0.3 0 -0.2986871114249879 0.17480571832054279 -0.47349282974553064
12 1.15 0.3 0 -0.29326818046306274 0.164178283298496 -0.45744646376155873
14 1.15 0.3 0 -0.28978556868529276 0.15746207641141505 -0.4472476450967078
16 1.15 0.3 0 -0.28787838515073866 0.1540706276879864 -0.44194901283872506
18 1.15 0.3 0 -0.2866054803888571 0.15190584036606014 -0.4385113207549172
20 1.15 0.3 0 -0.2858340481769239 0.1507437788411193 -0.43657782701804326
22 1.15 0.3 0 -0.2852775790162282 0.1499597666922475 -0.4352373457084757
24 1.15 0.3 0 -0.28488829008726196 0.14947708769988025 -0.43436537778714224
10 1.2 0.3 0 -0.29124485172196174 0.16388964782470353 -0.4551344995466653
12 1.2 0.3 0 -0.2865771674302454 0.15440456936017574 -0.4409817367904212
14 1.2 0.3 0 -0.2835926587644544 0.14847606424908733 -0.4320687230135417
16 1.2 0.3 0 -0.28198084888616565 0.14559193057382924 -0.4275727794599949
18 1.2 0.3 0 -0.28090328875672294 0.14376657561678163 -0.42466986437350457
20 1.2 0.3 0 -0.28024166000251743 0.14279615582173547 -0.4230378158242529
22 1.2 0.3 0 -0.27975808331262025 0.1421370142798503 -0.42189509759247057
24 1.2 0.3 0 -0.27941138748520267 0.1417236965936262 -0.4211350840788289
10 1.25 0.3 0 -0.28428625739572005 0.15343059809108223 -0.4377168554868023
12 1.25 0.3 0 -0.2802465800578291 0.1449373633140487 -0.4251839433718778
14 1.25 0.3 0 -0.27769008479232243 0.13972993478444437 -0.4174200195767668
16 1.25 0.3 0 -0.27631844037902187 0.13727988148305412 -0.413598321862076
18 1.25 0.3 0 -0.2753972117902842 0.13573852293114894 -0.41113573472143317
20 1.25 0.3 0 -0.2748209391259283 0.1349214742563406 -0.4097424133822689
22 1.25 0.3 0 -0.2744107281832247 0.13440637505446884 -0.40881710323769355
24 1.25 0.3 0 -0.27409791311902454 0.1340485370417266 -0.40814645016075113
10 1.3 0.3 0 -0.27772757309965856 0.1432749099359829 -0.4210024830356415
12 1.3 0.3 0 -0.27423193684890196 0.13569975708364437 -0.40993169393254636
14 1.3 0.3 0 -0.27204891012716276 0.13117478426042745 -0.4032236943875902
16 1.3 0.3 0 -0.2708715632695543 0.12909487799151198 -0.3999664412610663
18 1.3 0.3 0 -0.270075513474233 0.1277918891415707 -0.39786740261580367
20 1.3 0.3 0 -0.26956815447186966 0.12710447529570462 -0.3966726297675743
22 1.3 0.3 0 -0.26918690193383665 0.12662650227621447 -0.3958134042100511
24 1.3 0.3 0 -0.26890087465118323 0.12631223272454664 -0.3952131073757299
10 1.35 0.3 0 -0.2715362482394859 0.13338759809583658 -0.4049238463353225
12 1.35 0.3 0 -0.26850408664438347 0.1266436168122752 -0.39514770345665867
14 1.35 0.3 0 -0.2666062962011328 0.12264173335208747 -0.38924802955322024
16 1.35 0.3 0 -0.2655873198055999 0.12088366750114217 -0.38647098730674206
18 1.35 0.3 0 -0.2648927209861661 0.11978600153058024 -0.38467872251674634
20 1.35 0.3 0 -0.264439968359037 0.1192059525184545 -0.3836459208774915
22 1.35 0.3 0 -0.26409526827423757 0.11879602876586909 -0.38289129704010666
24 1.35 0.3 0 -0.26383162521099107 0.1185190812417562 -0.38235070645274727
0 0 0.3 0 0 0 0
0 0 0.3 0 0 0 0
0 0 0.3 0 0 0 0
0 0 0.3 0 0 0 0
0 0 0.3 0 0 0 0
0 0 0.3 0 0 0 0
0 0 0.3 0 0 0 0
0 0 0.3 0 0 0 0
0 0 0.3 0 0 0 0
0 0 0.3 0 0 0 0
0 0 0.3 0 0 0 0
0 0 0.3 0 0 0 0
0 0 0.3 0 0 0 0
0 0 0.3 0 0 0 0
0 0 0.3 0 0 0 0
0 0 0.3 0 0 0 0
0 0 0.3 0 0 0 0
0 0 0.3 0 0 0 0
0 0 0.3 0 0 0 0
0 0 0.3 0 0 0 0
0 0 0.3 0 0 0 0
0 0 0.3 0 0 0 0
0 0 0.3 0 0 0 0
0 0 0.3 0 0 0 0
