10 1.0 0.4 0.3 -0.30357485446413757 0.23995107644628147 -0.543525930910419
12 1.0 0.4 0.3 -0.30445571137220906 0.2394770952040036 -0.5439328065762127
14 1.0 0.4 0.3 -0.305067592488658 0.23905387689849666 -0.5441214693871547
16 1.0 0.4 0.3 -0.3053343757819273 0.2384815268805026 -0.5438159026624299
18 1.0 0.4 0.3 -0.30552631499596145 0.2380116281580903 -0.5435379431540517
20 1.0 0.4 0.3 -0.3056158781470734 0.23755499869190216 -0.5431708768389756
22 1.0 0.4 0.3 -0.30568201503673353 0.23717213942045987 -0.5428541544571934
24 1.0 0.4 0.3 -0.305715351337517 0.2368259335188205 -0.5425412848563375
10 1.05 0.4 0.3 -0.2971529891766788 0.23262165974554033 -0.5297746489222191
12 1.05 0.4 0.3 -0.29786963820882334 0.2320426229943383 -0.5299122612031617
14 1.05 0.4 0.3 -0.2983548097284321 0.23154189402858372 -0.5298967037570158
16 1.05 0.4 0.3 -0.2985573240050391 0.23094669313443741 -0.5295040171394765
18 1.05 0.4 0.3 -0.2987025167852217 0.23046369613808737 -0.529166212923309
20 1.05 0.4 0.3 -0.2987657049168107 0.23000861789840985 -0.5287743228152205
22 1.05 0.4 0.3 -0.29881388003961135 0.22963148793684438 -0.5284453679764557
24 1.05 0.4 0.3 -0.29883542725317036 0.22929334612295335 -0.5281287733761237
10 1.1 0.4 0.3 -0.29091953734153336 0.22560482365971868 -0.516524361001252
12 1.1 0.4 0.3 -0.2914947992954722 0.22493657025638192 -0.5164313695518541
14 1.1 0.4 0.3 -0.29188478524233435 0.2243865907903508 -0.5162713760326851
16 1.1 0.4 0.3 -0.29203853595821727 0.22378023729465613 -0.5158187732528734
18 1.1 0.4 0.3 -0.29214697474773155 0.22329045770321232 -0.5154374324509439
20 1.1 0.4 0.3 -0.2921901415435649 0.22284042130856327 -0.5150305628521281
22 1.1 0.4 0.3 -0.2922213877848982 0.222466612754571 -0.5146880005394692
24 1.1 0.4 0.3 -0.29223420985330967 0.222137613499659 -0.5143718233529686
10 1.15 0.4 0.3 -0.2848821463323896 0.21889602291273283 -0.5037781692451224
12 1.15 0.4 0.3 -0.28533429468197213 0.21814966087938498 -0.503483955561357
14 1.15 0.4 0.3 -0.2856480154202857 0.21756504469961016 -0.5032130601198959
16 1.15 0.4 0.3 -0.2857602273261047 0.21694993872800877 -0.5027101660541134
18 1.15 0.4 0.3 -0.28583992404342035 0.21645832241076315 -0.5022982464541835
20 1.15 0.4 0.3 -0.2858679641909814 0.2160158043428831 -0.5018837685338645
22 1.15 0.4 0.3 -0.2858878585263833 0.2156494116464086 -0.5015372701727919
24 1.15 0.4 0.3 -0.28589420840593416 0.2153301066066027 -0.5012243150125368
10 1.2 0.4 0.3 -0.2790213513337203 0.2124568947054674 -0.49147824603918766
12 1.2 0.4 0.3 -0.27938192231686576 0.21166310937133465 -0.4910450316882004
14 1.2 0.4 0.3 -0.2796301751032921 0.21104926075056285 -0.49067943585385493
16 1.2 0.4 0.3 -0.2797113092510954 0.21043329031531735 -0.49014459956641276
18 1.2 0.4 0.3 -0.2797685186466394 0.20994348811096217 -0.4897120067576015
20 1.2 0.4 0.3 -0.2797851333523979 0.20951011914535497 -0.48929525249775285
22 1.2 0.4 0.3 -0.27979645826841276 0.20915219949182096 -0.4889486577602337
24 1.2 0.4 0.3 -0.27979800732650717 0.20884278755727584 -0.488640794883783
10 1.25 0.4 0.3 -0.273343548361646 0.20628483938017084 -0.4796283877418168
12 1.25 0.4 0.3 -0.27362644785251233 0.20545259985217398 -0.47907904770468634
14 1.25 0.4 0.3 -0.2738226811781726 0.20481996142213882 -0.4786426426003114
16 1.25 0.4 0.3 -0.2738795256625837 0.20420722636713204 -0.47808675202971573
18 1.25 0.4 0.3 -0.2739191785584803 0.2037219527706647 -0.477641131329145
20 1.25 0.4 0.3 -0.2739271871878917 0.20329876488843165 -0.47722595207632335
22 1.25 0.4 0.3 -0.27393500699815315 0.20295424513594107 -0.4768892521340942
24 1.25 0.4 0.3 -0.2739329908474816 0.20265467901108794 -0.4765876698585696
10 1.3 0.4 0.3 -0.2678407127876942 0.20035937653968866 -0.4682000893273829
12 1.3 0.4 0.3 -0.2680617649311226 0.19950195082829691 -0.4675637157594195
14 1.3 0.4 0.3 -0.26821822257061895 0.1988609859106864 -0.46707920848130535
16 1.3 0.4 0.3 -0.268256070730135 0.19825444778434456 -0.46651051851447956
18 1.3 0.4 0.3 -0.2682820036887479 0.1977756244733592 -0.46605762816210705
20 1.3 0.4 0.3 -0.2682835357422793 0.19736318859310126 -0.46564672433538057
22 1.3 0.4 0.3 -0.2682835494823022 0.19702375876283698 -0.4653073082451392
24 1.3 0.4 0.3 -0.2682789115553109 0.19673384930738366 -0.4650127608626946
10 1.35 0.4 0.3 -0.2625119875356636 0.19467167623695367 -0.4571836637726173
12 1.35 0.4 0.3 -0.26268250148552447 0.19379743514917686 -0.4564799366347013
14 1.35 0.4 0.3 -0.2628015008034631 0.1931450395121279 -0.455946540315591
16 1.35 0.4 0.3 -0.26282466254296605 0.19254702878464772 -0.4553716913276138
18 1.35 0.4 0.3 -0.2628399952078483 0.19207614744062348 -0.4549161426484718
20 1.35 0.4 0.3 -0.2628367129129637 0.19167475891058153 -0.45451147182354523
22 1.35 0.4 0.3 -0.2628331157482078 0.19134482521129204 -0.4541779409594998
24 1.35 0.4 0.3 -0.26282655692571155 0.1910642739066748 -0.45389083083238635
0 0 0.4 0.3 0 0 0
0 0 0.4 0.3 0 0 0
0 0 0.4 0.3 0 0 0
0 0 0.4 0.3 0 0 0
0 0 0.4 0.3 0 0 0
0 0 0.4 0.3 0 0 0
0 0 0.4 0.3 0 0 0
0 0 0.4 0.3 0 0 0
0 0 0.4 0.3 0 0 0
0 0 0.4 0.3 0 0 0
0 0 0.4 0.3 0 0 0
0 0 0.4 0.3 0 0 0
0 0 0.4 0.3 0 0 0
0 0 0.4 0.3 0 0 0
0 0 0.4 0.3 0 0 0
0 0 0.4 0.3 0 0 0
0 0 0.4 0.3 0 0 0
0 0 0.4 0.3 0 0 0
0 0 0.4 0.3 0 0 0
0 0 0.4 0.3 0 0 0
0 0 0.4 0.3 0 0 0
0 0 0.4 0.3 0 0 0
0 0 0.4 0.3 0 0 0
0 0 0.4 0.3 0 0 0
