10 1.0 0.1 0.5 0.12841034672290702 -0.08882297047328003 0.21723331719618705
12 1.0 0.1 0.5 0.11286859932911238 -0.06530192471538512 0.1781705240444975
14 1.0 0.1 0.5 0.10296817033322794 -0.04936552514724638 0.15233369548047432
16 1.0 0.1 0.5 0.09779603717013606 -0.040656091150519325 0.1384521283206554
18 1.0 0.1 0.5 0.09454215280181776 -0.03502822737526564 0.1295703801770834
20 1.0 0.1 0.5 0.09293111581952229 -0.032219493004107466 0.12515060882362977
22 1.0 0.1 0.5 0.09195127453897865 -0.03052550487998753 0.12247677941896618
24 1.0 0.1 0.5 0.0915025903169254 -0.02979966915544696 0.12130225947237236
10 1.05 0.1 0.5 0.12390585242065777 -0.08528043126419113 0.2091862836848489
12 1.05 0.1 0.5 0.11044428681504541 -0.06484632463795624 0.17529061145300165
14 1.05 0.1 0.5 0.10186326997995775 -0.0510980513327656 0.15296132131272333
16 1.05 0.1 0.5 0.09762816926791604 -0.0440971745667706 0.14172534383468663
18 1.05 0.1 0.5 0.09502119150543366 -0.03973930102568402 0.1347604925311177
20 1.05 0.1 0.5 0.0937910165161027 -0.03774420027104746 0.13153521678715016
22 1.05 0.1 0.5 0.0930891112028366 -0.036671500247741524 0.12976061145057813
24 1.05 0.1 0.5 0.09277679199990359 -0.03629060620358987 0.12906739820349344
10 1.1 0.1 0.5 0.12019609875355027 -0.08275411888639811 0.20295021763994836
12 1.1 0.1 0.5 0.10848436163757627 -0.06499166776153636 0.17347602939911264
14 1.1 0.1 0.5 0.10116038489396804 -0.05337530506877919 0.15453568996274725
16 1.1 0.1 0.5 0.09772489979023005 -0.047860671102320014 0.14558557089255006
18 1.1 0.1 0.5 0.095638200766063 -0.0445390289164219 0.1401772296824849
20 1.1 0.1 0.5 0.09469928901860801 -0.043167005279886775 0.13786629429849478
22 1.1 0.1 0.5 0.09415830101689718 -0.042464606508295706 0.13662290752519288
24 1.1 0.1 0.5 0.09394116755612333 -0.04231133229392278 0.13625249985004612
10 1.15 0.1 0.5 0.11726247711578848 -0.08124142289948467 0.19850390001527315
12 1.15 0.1 0.5 0.1069910641422338 -0.06574600380806225 0.17273706795029606
14 1.15 0.1 0.5 0.10077241810743616 -0.05604114507549927 0.15681356318293543
16 1.15 0.1 0.5 0.09794770227007718 -0.051681194256097955 0.14962889652617514
18 1.15 0.1 0.5 0.09627826857800578 -0.049185225817372356 0.14546349439537815
20 1.15 0.1 0.5 0.09556083015422197 -0.04827187213803386 0.14383270229225584
22 1.15 0.1 0.5 0.09515723647926991 -0.047856531513045204 0.1430137679923151
24 1.15 0.1 0.5 0.09500514243232522 -0.04783758387604796 0.1428427263083732
10 1.2 0.1 0.5 0.1147587251569272 -0.08024411835491345 0.19500284351184066
12 1.2 0.1 0.5 0.10588301455999556 -0.06698022070393103 0.1728632352639266
14 1.2 0.1 0.5 0.10056435137134473 -0.05885613929252225 0.159420490663867
16 1.2 0.1 0.5 0.09825959698706106 -0.05546994872053519 0.15372954570759625
18 1.2 0.1 0.5 0.09692217230311924 -0.05361426808498847 0.1505364403881077
20 1.2 0.1 0.5 0.096371374126093 -0.05302331233743135 0.14939468646352436
22 1.2 0.1 0.5 0.09606768401116177 -0.05279172636404827 0.14885941037521003
24 1.2 0.1 0.5 0.09595893756902038 -0.05283794527627024 0.14879688284529063
10 1.25 0.1 0.5 0.11272486106214231 -0.07982891877737446 0.19255377983951677
12 1.25 0.1 0.5 0.10502182614232553 -0.06847089536943865 0.17349272151176418
14 1.25 0.1 0.5 0.10049715946308822 -0.061740175358740414 0.16223733482182864
16 1.25 0.1 0.5 0.09861377970012704 -0.059127835907622425 0.15774161560774946
18 1.25 0.1 0.5 0.09753902228889505 -0.05775483106183711 0.15529385335073215
20 1.25 0.1 0.5 0.09711032443784187 -0.057374731452497836 0.1544850558903397
22 1.25 0.1 0.5 0.09692358875687179 -0.057325248035595244 0.15424883679246704
24 1.25 0.1 0.5 0.09684172296121785 -0.05738769142031477 0.15422941438153262
10 1.3 0.1 0.5 0.11102685994608899 -0.07979976681462288 0.19082662676071188
12 1.3 0.1 0.5 0.10436714680283071 -0.07014793108796581 0.1745150778907965
14 1.3 0.1 0.5 0.10055560995662165 -0.06465426824573474 0.16520987820235639
16 1.3 0.1 0.5 0.09901297407881687 -0.06264617863530211 0.161659152714119
18 1.3 0.1 0.5 0.09814385516659978 -0.06162517544463515 0.15976903061123493
20 1.3 0.1 0.5 0.09780855341129399 -0.06138087230746391 0.1591894257187579
22 1.3 0.1 0.5 0.0976269792188796 -0.06130753147683786 0.15893451069571746
24 1.3 0.1 0.5 0.09756300220203658 -0.061360908142242473 0.15892391034427905
10 1.35 0.1 0.5 0.10965744740561817 -0.08014653403544963 0.1898039814410678
12 1.35 0.1 0.5 0.10389734605482322 -0.07197050984401952 0.17586785589884274
14 1.35 0.1 0.5 0.10061018195672594 -0.0673812761286651 0.16799145808539104
16 1.35 0.1 0.5 0.09934171748005337 -0.06583337984354476 0.16517509732359814
18 1.35 0.1 0.5 0.09863552679294925 -0.0650653207869525 0.16370084757990175
20 1.35 0.1 0.5 0.09836730777931901 -0.06489606871030731 0.16326337648962633
22 1.35 0.1 0.5 0.09822105906581838 -0.06484039300797977 0.16306145207379813
24 1.35 0.1 0.5 0.09816668672516832 -0.06486864326343272 0.16303532998860104
0 0 0.1 0.5 0 0 0
0 0 0.1 0.5 0 0 0
0 0 0.1 0.5 0 0 0
0 0 0.1 0.5 0 0 0
0 0 0.1 0.5 0 0 0
0 0 0.1 0.5 0 0 0
0 0 0.1 0.5 0 0 0
0 0 0.1 0.5 0 0 0
0 0 0.1 0.5 0 0 0
0 0 0.1 0.5 0 0 0
0 0 0.1 0.5 0 0 0
0 0 0.1 0.5 0 0 0
0 0 0.1 0.5 0 0 0
0 0 0.1 0.5 0 0 0
0 0 0.1 0.5 0 0 0
0 0 0.1 0.5 0 0 0
0 0 0.1 0.5 0 0 0
0 0 0.1 0.5 0 0 0
0 0 0.1 0.5 0 0 0
0 0 0.1 0.5 0 0 0
0 0 0.1 0.5 0 0 0
0 0 0.1 0.5 0 0 0
0 0 0.1 0.5 0 0 0
0 0 0.1 0.5 0 0 0
