10 1.0 0 0.35 0.09079681419761489 -0.1470559265468806 0.23785274074449547
12 1.0 0 0.35 0.08837852878631196 -0.14368439838924005 0.232062927175552
14 1.0 0 0.35 0.08676860477894319 -0.14120249761915452 0.2279711023980977
16 1.0 0 0.35 0.08653025059132576 -0.1399573492231626 0.22648759981448835
18 1.0 0 0.35 0.08645653197800451 -0.13898034647516214 0.22543687845316665
20 1.0 0 0.35 0.08675605914505033 -0.13840469857703197 0.2251607577220823
22 1.0 0 0.35 0.08705474032029656 -0.13793246218904054 0.2249872025093371
24 1.0 0 0.35 0.08742908520155117 -0.1376056794572635 0.22503476465881467
10 1.05 0 0.35 0.08955192243953503 -0.14837830888538323 0.23793023132491825
12 1.05 0 0.35 0.08763315727374268 -0.14538573213169326 0.23301888940543594
14 1.05 0 0.35 0.08637321375427501 -0.1431578964598369 0.2295311102141119
16 1.05 0 0.35 0.0863189942777679 -0.14202417866020248 0.22834317293797038
18 1.05 0 0.35 0.08637384304995967 -0.1411304196360432 0.22750426268600288
20 1.05 0 0.35 0.0867265163285845 -0.14058724358780103 0.22731375991638553
22 1.05 0 0.35 0.08705820915018604 -0.14014186104191642 0.22720007019210248
24 1.05 0 0.35 0.0874361532370136 -0.13982443486794863 0.22726058810496225
10 1.1 0 0.35 0.08848103016903874 -0.14963261064927985 0.2381136408183186
12 1.1 0 0.35 0.08698597010042154 -0.14694163147702954 0.23392760157745107
14 1.1 0 0.35 0.08602278687391844 -0.14492254450363448 0.2309453313775529
16 1.1 0 0.35 0.08611273677340782 -0.14387681460541452 0.22998955137882232
18 1.1 0 0.35 0.0862652331075664 -0.14305112501416445 0.22931635812173085
20 1.1 0 0.35 0.08665185538870272 -0.14253492627370054 0.22918678166240325
22 1.1 0 0.35 0.08700267056871554 -0.14211266420288435 0.2291153347715999
24 1.1 0 0.35 0.0873767829727374 -0.14180421545541178 0.22918099842814918
10 1.15 0 0.35 0.08753985373582797 -0.15078674112948326 0.23832659486531121
12 1.15 0 0.35 0.08640565781009024 -0.14834066216058236 0.2347463199706726
14 1.15 0 0.35 0.0856912202564089 -0.14649539345746596 0.23218661371387486
16 1.15 0 0.35 0.08589175115884752 -0.14552135891540116 0.2314131100742487
18 1.15 0 0.35 0.08611791262066276 -0.14475374168028815 0.2308716543009509
20 1.15 0 0.35 0.08652419860571237 -0.1442611615922866 0.23078536019799897
22 1.15 0 0.35 0.0868839884000792 -0.1438593148992736 0.23074330329935278
24 1.15 0 0.35 0.08724934380445663 -0.14355954049489614 0.23080888429935276
10 1.2 0 0.35 0.08669619002026682 -0.15182331087118667 0.2385195008914535
12 1.2 0 0.35 0.08586572255183053 -0.14957784376900618 0.2354435663208367
14 1.2 0 0.35 0.08535924953250733 -0.14788072403741961 0.23323997356992693
16 1.2 0 0.35 0.08564352716518067 -0.14696751798695218 0.23261104515213285
18 1.2 0 0.35 0.08592373474389874 -0.14625024329523945 0.2321739780391382
20 1.2 0 0.35 0.08633900717793314 -0.14577883732049765 0.2321178444984308
22 1.2 0 0.35 0.08670037059395687 -0.1453951440072062 0.23209551460116307
24 1.2 0 0.35 0.08705381477324084 -0.14510365867738304 0.23215747345062387
10 1.25 0 0.35 0.08592210719625999 -0.15273179642677362 0.23865390362303363
12 1.25 0 0.35 0.08534630333016728 -0.15065416772498252 0.23600047105514982
14 1.25 0 0.35 0.085013122781961 -0.14908587465215228 0.23409899743411328
16 1.25 0 0.35 0.08535936642502392 -0.14822563561592242 0.23358500204094634
18 1.25 0 0.35 0.08567811101208762 -0.14755262245638726 0.2332307334684749
20 1.25 0 0.35 0.0860944864912231 -0.14710037493843026 0.23319486142965334
22 1.25 0 0.35 0.08645210664185561 -0.14673283947661056 0.23318494611846619
24 1.25 0 0.35 0.08679174636068138 -0.14644919336793497 0.23324093972861634
10 1.3 0 0.35 0.08519569012958976 -0.15350820332882778 0.23870389345841753
12 1.3 0 0.35 0.08483275034725055 -0.1515742508716844 0.23640700121893496
14 1.3 0 0.35 0.0846433874815522 -0.15011971322739381 0.23476310070894602
16 1.3 0 0.35 0.08503396683909091 -0.1493063546311921 0.234340321470283
18 1.3 0 0.35 0.08537886181124 -0.1486724258506575 0.23405128766189753
20 1.3 0 0.35 0.08579062542244292 -0.14823756799565516 0.23402819341809808
22 1.3 0 0.35 0.08614077065123073 -0.14788442870554092 0.23402519935677163
24 1.3 0 0.35 0.08646560515141619 -0.14760816701804344 0.23407377216945963
10 1.35 0 0.35 0.0845005818216872 -0.1541533708743459 0.23865395269603312
12 1.35 0 0.35 0.08431440926890299 -0.15234469650708496 0.23665910577598795
14 1.35 0 0.35 0.08424273899588956 -0.15099100630243661 0.2352337452983262
16 1.35 0 0.35 0.0846636556625659 -0.15021964634437304 0.23488330200693894
18 1.35 0 0.35 0.08502504000757038 -0.14962038051268786 0.23464542052025825
20 1.35 0 0.35 0.08542819279449924 -0.14920136750901272 0.23462956030351195
22 1.35 0 0.35 0.08576836345134503 -0.1488611234280199 0.23462948687936494
24 1.35 0 0.35 0.08607802709909551 -0.14859184395405922 0.23466987105315473
0 0 0 0.35 0 0 0
0 0 0 0.35 0 0 0
0 0 0 0.35 0 0 0
0 0 0 0.35 0 0 0
0 0 0 0.35 0 0 0
0 0 0 0.35 0 0 0
0 0 0 0.35 0 0 0
0 0 0 0.35 0 0 0
0 0 0 0.35 0 0 0
0 0 0 0.35 0 0 0
0 0 0 0.35 0 0 0
0 0 0 0.35 0 0 0
0 0 0 0.35 0 0 0
0 0 0 0.35 0 0 0
0 0 0 0.35 0 0 0
0 0 0 0.35 0 0 0
0 0 0 0.35 0 0 0
0 0 0 0.35 0 0 0
0 0 0 0.35 0 0 0
0 0 0 0.35 0 0 0
0 0 0 0.35 0 0 0
0 0 0 0.35 0 0 0
0 0 0 0.35 0 0 0
0 0 0 0.35 0 0 0
