0 0.5 10 0.790631428828207 -0.28282291804477233 1.551007209470181 3
0 0.5 12 0.7333045902784114 -0.2854778615588927 1.4430499587745933 3
0 0.5 14 0.694818284705133 -0.2874353919832826 1.375239193517852 4
0 0.5 16 0.6678132375409085 -0.28893479324146387 1.323702655225035 4
0 0.5 18 0.6481801505211777 -0.29011702473602863 1.2863242658282505 4
0 0.5 20 0.6334845583237385 -0.2910710694869535 1.2583133506003357 5
0 0.5 22 0.6222134405018043 -0.2918559296296053 1.2368105331375414 5
0 0.5 24 0.6133882725143938 -0.2925122077526072 1.2199668653070095 5
0 0.525 10 0.7711456670674723 -0.28123554859990957 1.5115567551009934 3
0 0.525 12 0.7182599708818099 -0.2839050584348936 1.4210537146298179 4
0 0.525 14 0.6828876640212542 -0.28587148584365607 1.3507241713091613 4
0 0.525 16 0.6581397922312634 -0.2873758146909918 1.3038463421443585 4
0 0.525 18 0.6401885475777979 -0.288560509330797 1.2698412609207634 4
0 0.525 20 0.6267758998337064 -0.289515588094038 1.2444067940785348 5
0 0.525 22 0.6165034950749928 -0.29030069562028515 1.2249163033226884 5
0 0.525 24 0.6084696392995191 -0.2909568116342275 1.2096695877972008 5
0 0.55 10 0.7538453943263482 -0.2796070773507399 1.4756103275597743 3
0 0.55 12 0.7049592565123468 -0.2822907718489192 1.3911134687692999 4
0 0.55 14 0.6723745043077094 -0.28426535134129066 1.3290560909779945 4
0 0.55 16 0.6496369580278488 -0.2857739044056549 1.2862529643027354 4
0 0.55 18 0.6331774461360605 -0.2869605183502849 1.2552462015398624 5
0 0.55 20 0.6208989370236431 -0.2879162484506226 1.232098693048201 5
0 0.55 22 0.6115070334789554 -0.28870134826849303 1.2143894144536491 5
0 0.55 24 0.6041693002672818 -0.28935713795906765 1.2005192280396728 5
0 0.575 10 0.7384232169359791 -0.27793906377077926 1.4408525807409356 3
0 0.575 12 0.69315067361004 -0.2806363435035302 1.3662344658432917 4
0 0.575 14 0.6630697914238332 -0.28261826441431387 1.3097398306667014 4
0 0.575 16 0.6421293494445298 -0.2841303499290426 1.2705655647362537 4
0 0.575 18 0.626998263410833 -0.28531837924489095 1.2422392491823702 5
0 0.575 20 0.6157266706381421 -0.286274421403335 1.2211318992208187 5
0 0.575 22 0.6071146021436884 -0.28705929534140423 1.2050014493664967 5
0 0.575 24 0.6003921962677072 -0.28771462244769236 1.1924929881737443 6
0 0.6 10 0.7246253258135757 -0.2762329462248506 1.4282753457481516 4
0 0.6 12 0.6826273347387612 -0.2789430414976192 1.3441852790613706 4
0 0.6 14 0.6548026397424447 -0.2809314585088293 1.2924089698238073 4
0 0.6 16 0.6354742611597757 -0.28244641066762743 1.256494617908521 4
0 0.6 18 0.621530628144237 -0.2836353946230393 1.2305764833825095 5
0 0.6 20 0.611156615584456 -0.28459145053816887 1.2112961671924363 5
0 0.6 22 0.6032381838507518 -0.2853759127291237 1.1960478336357963 6
0 0.6 24 0.5970621282905683 -0.28603066404695693 1.1851965914709388 6
0 0.625 10 0.7122406749826438 -0.2744900659587343 1.3983218640587347 4
0 0.625 12 0.6732180717544939 -0.2772120791021172 1.3243568179608793 4
0 0.625 14 0.6474323916438329 -0.27920613666296684 1.2767711422482753 4
0 0.625 16 0.6295547933827705 -0.28072332491060087 1.2438025849231338 5
0 0.625 18 0.6166763618469095 -0.2819128463815168 1.2200573349073318 5
0 0.625 20 0.6071055057076169 -0.2828686551284437 1.202409541257874 5
0 0.625 22 0.5998065179089829 -0.28365254727773537 1.1890732150502592 6
0 0.625 24 0.5941176029957829 -0.2843066282006589 1.1786222926800738 6
0 0.65 10 0.7010926522376694 -0.2727116875946548 1.3736903255635209 4
0 0.65 12 0.6647803893284906 -0.27544462964854954 1.3063896189427784 4
0 0.65 14 0.640842559915931 -0.27744348053651996 1.262586711265888 4
0 0.65 16 0.6242745981947275 -0.27896231491840995 1.2322926654625934 5
0 0.65 18 0.6123548953042739 -0.28015199882950714 1.210514048060596 5
0 0.65 20 0.603505274835734 -0.2811073326740197 1.1953787486763439 5
0 0.65 22 0.5967615591009047 -0.28189051951999194 1.182177419180768 6
0 0.65 24 0.5915086975983422 -0.28254385011725563 1.1726547525686533 6
0 0.675 10 0.6910325978234148 -0.27089901642506337 1.3518304724814885 4
0 0.675 12 0.6571949903535781 -0.27364183823556937 1.2900157918913082 4
0 0.675 14 0.6349361343795065 -0.27564465714156333 1.2496563912403278 4
0 0.675 16 0.6195538227544375 -0.27716459067230503 1.2218000869135188 5
0 0.675 18 0.6084997414558644 -0.2783541011804688 1.2017970377710323 5
0 0.675 20 0.6002999740200781 -0.27930876121686377 1.187133446628945 6
0 0.675 22 0.5940557692405598 -0.28009112635614347 1.1758940192862652 6
0 0.675 24 0.5891946677928649 -0.2807436380096567 1.1672055291396473 7
0 0.7 10 0.6819347106369295 -0.2690532128451936 1.331997345186734 4
0 0.7 12 0.6503614809397233 -0.2718048308627716 1.2750198419518897 4
0 0.7 14 0.6296319104779985 -0.27381082385607247 1.2378126510647773 5
0 0.7 16 0.6153259466107093 -0.2753313527007923 1.2121846181105496 5
0 0.7 18 0.6050557548602645 -0.27652038964686526 1.1935748310916834 5
0 0.7 20 0.5974433835653089 -0.27747420152694896 1.1803908380487087 6
0 0.7 22 0.591650024702681 -0.27825564368930605 1.170130955237996 6
0 0.7 24 0.5871421038049336 -0.2789072762660575 1.1622010501260973 7
0 0.725 10 0.6736920081860204 -0.2671754042762454 1.3138234888817917 4
0 0.725 12 0.6441949705793135 -0.2699347215034901 1.2612227772462026 4
0 0.725 14 0.6248615918617874 -0.27194313216121807 1.2269131550302572 5
0 0.725 16 0.6115352942033279 -0.2734637942693671 1.203321140381971 5
0 0.725 18 0.6019769832154882 -0.2746520892792315 1.1866655775349635 6
0 0.725 20 0.5948971463311924 -0.2756048991976613 1.1741901580030778 6
0 0.725 22 0.5895119846996419 -0.2763853289961445 1.1648151920683307 7
0 0.725 24 0.5853234953403703 -0.27703602850839687 1.1575785674355699 7
0 0.75 10 0.6662130953099816 -0.2652666949189258 1.297064143364711 4
0 0.75 12 0.638623358697691 -0.2680326175371782 1.2484732641676817 4
0 0.75 14 0.6205674851326823 -0.2700427304311294 1.2168352555643112 5
0 0.75 16 0.6081350623765458 -0.2715631031265743 1.195059455215811 5
0 0.75 18 0.5992249690220399 -0.2727504156297098 1.1798272502463547 6
0 0.75 20 0.5926292961244397 -0.27370208665815376 1.1684490837209536 6
0 0.75 22 0.5876148077840315 -0.27448142380405394 1.1598846100118223 7
0 0.75 24 0.5837161047933352 -0.2751311404990033 1.1532818972143737 7
0 0.775 10 0.6594195597184903 -0.26332817365146594 1.281532400918873 4
0 0.775 12 0.6335851525656816 -0.266099623881282 1.2366416748908637 5
0 0.775 14 0.6167006519209152 -0.2681107660170833 1.2074701873132423 5
0 0.775 16 0.6050857444369432 -0.2696304629334462 1.1882431034638263 6
0 0.775 18 0.59676739674496 -0.27081657628080563 1.1735030765688963 6
0 0.775 20 0.5906130884298875 -0.27176698509350256 1.163103499040487 7
0 0.775 22 0.5859361341187067 -0.272545156044618 1.1552847580550727 7
0 0.775 24 0.5823010751830557 -0.27319384286313175 1.149622836211902 8
0 0.8 10 0.6532438577624092 -0.26136092035384967 1.2670761439025982 4
0 0.8 12 0.6290277002469907 -0.26413684609385363 1.2256155475694017 5
0 0.8 14 0.6132194172895894 -0.26614838680203146 1.198711597356727 5
0 0.8 16 0.602353862238526 -0.2676670544575183 1.1806605993645207 6
0 0.8 18 0.5945770075300167 -0.26885177225610024 1.167598563313888 6
0 0.8 20 0.5888260646148907 -0.2698008062558996 1.1580980495593607 7
0 0.8 22 0.5844572724725297 -0.2705777422559762 1.1509646431799347 7
0 0.8 24 0.5810627185304824 -0.2712253536027856 1.145522419641003 8
0 0.825 10 0.6476275868656264 -0.25936601090538436 1.2535673644430734 4
0 0.825 12 0.6249057504325397 -0.26214539266095777 1.2152956236453873 5
0 0.825 14 0.6100881580742115 -0.264156742351944 1.1903832974920396 5
0 0.825 16 0.599910939533333 -0.26567405658141613 1.1739657410048718 6
0 0.825 18 0.5926307228691334 -0.26685719931561 1.1620525277244835 7
0 0.825 20 0.587249297980819 -0.2678047541482734 1.1533830960027958 7
0 0.825 22 0.5831625463149406 -0.2685803896114267 1.1466505659204134 8
0 0.825 24 0.5799879442062498 -0.2692268803845393 1.141949852373977 8
0 0.85 10 0.6425200653441854 -0.2573445210688351 1.2408961040071806 4
0 0.85 12 0.6211802717507853 -0.26012637663647814 1.20559133923902 5
0 0.85 14 0.607276312857481 -0.2621369847538223 1.183995345214699 6
0 0.85 16 0.5977326657815779 -0.26365264715528597 1.1676841589837823 6
0 0.85 18 0.5909089327499689 -0.26483404913111136 1.1568128669172137 7
0 0.85 20 0.585866782618048 -0.2657800265629762 1.1489112482935702 7
0 0.85 22 0.582038764597219 -0.2665542977571558 1.1430545120115183 8
0 0.85 24 0.5790657967995422 -0.2671996225906751 1.1385463654450103 8
0 0.875 10 0.6378771584023801 -0.25529752944283823 1.2289664555208857 5
0 0.875 12 0.6178174795586766 -0.25808091676479455 1.196412031642548 5
0 0.875 14 0.6047575687080118 -0.2600902692037717 1.1759857410324182 6
0 0.875 16 0.5957982114294975 -0.26160400370915343 1.1617405899992714 6
0 0.875 18 0.5893949142678503 -0.2627835103336961 1.1518324464251535 7
0 0.875 20 0.5846649352669385 -0.2637278164608653 1.1446037948520296 7
0 0.875 22 0.5810747910288471 -0.26450066044717074 1.1393421503900605 8
0 0.875 24 0.5782870803926901 -0.2651447731284498 1.135275504101239 9
0 0.9 10 0.6336603026514225 -0.2532261196359471 1.2176935984015096 5
0 0.9 12 0.6147880297788958 -0.25601013818736357 1.1876301011227028 5
0 0.9 14 0.6025091898689213 -0.25801775438940205 1.1690145478622718 6
0 0.9 16 0.5940896644853231 -0.2595293040330705 1.1560815782761171 6
0 0.9 18 0.5880743544539108 -0.2607067694253229 1.1470665032599177 7
0 0.9 20 0.5836321872684026 -0.26164931317988505 1.1406221584790115 8
0 0.9 22 0.5802611917551862 -0.26242066696849625 1.1357653299987234 8
0 0.9 24 0.5776440515391642 -0.26306351999680916 1.132103520617577 9
0 0.925 10 0.6298356917602906 -0.2511313817908989 1.2070013196235627 5
0 0.925 12 0.612066348097954 -0.25391517281141224 1.178602029471563 5
0 0.925 14 0.6005114611760353 -0.255920602697471 1.162416221491128 6
0 0.925 16 0.5925915648711448 -0.25742972662840824 1.1506604818118915 7
0 0.925 18 0.5869349569117016 -0.2586050115471643 1.1424647570592898 7
0 0.925 20 0.5827586488299201 -0.259545703465786 1.1366420871579295 8
0 0.925 22 0.5795899458859798 -0.260315503353901 1.1322856107065193 9
0 0.925 24 0.5771301672781962 -0.2609570476135596 1.1289960836238284 9
0 0.95 10 0.626373593684634 -0.2490144135664004 1.1968195232849228 5
0 0.95 12 0.6096300695112995 -0.25179715940125785 1.1726844101898537 6
0 0.95 14 0.5987472247641188 -0.253799980268449 1.1561037755877634 6
0 0.95 16 0.5912905180722784 -0.2553064510313548 1.14543407832478 7
0 0.95 18 0.5859661162735484 -0.25647942109947763 1.138915162972139 7
0 0.95 20 0.5820358317141492 -0.257418172321197 1.1327766138625361 8
0 0.95 22 0.5790542067490065 -0.2581863533829694 1.1288684812912508 9
0 0.95 24 0.5767398775405992 -0.2588265379088002 1.1256394290449887 9
0 0.975 10 0.6232477759493072 -0.24687632066573112 1.187080796853869 5
0 0.975 12 0.6074595683292938 -0.24965724343920845 1.1647472369759397 6
0 0.975 14 0.5972014930540117 -0.25165705691338286 1.1500242221889598 6
0 0.975 16 0.5901748734615526 -0.2531606580089645 1.1403601901017066 7
0 0.975 18 0.5851586478580778 -0.25433118220988665 1.1337685309872718 8
0 0.975 20 0.581456419412983 -0.2552679036724335 1.1289768610556496 8
0 0.975 22 0.5786481043377353 -0.25603439937529465 1.125479414191772 9
0 0.975 24 0.5764684535954019 -0.2566731711926247 1.1228771875403971 10
0.125 0.5 10 0.9463018800500356 -0.2579039437993157 1.6916404727908936 3
0.125 0.5 12 0.9055022760963398 -0.2606931886791654 1.6178002326977197 4
0.125 0.5 14 0.8785509382561889 -0.2627203515838 1.569908040799941 4
0.125 0.5 16 0.8596898175669292 -0.26425462887580553 1.5390159861472963 4
0.125 0.5 18 0.8459505556862847 -0.2654535618842904 1.518071110844474 5
0.125 0.5 20 0.8356423703319944 -0.2664149909894824 1.5033482657888229 5
0.125 0.5 22 0.8277253588184053 -0.26720255258081194 1.4925579115475696 5
0.125 0.5 24 0.8215244265570476 -0.26785924219034396 1.484844243254189 6
0.125 0.525 10 0.9318719288748368 -0.2554405529532753 1.6569547249832708 3
0.125 0.525 12 0.8945622807767583 -0.25823565014708033 1.5954283606747757 4
0.125 0.525 14 0.8698838665914497 -0.2602635493581212 1.5532227746564309 4
0.125 0.525 16 0.8526202577934736 -0.2617964854101459 1.5260099910454037 4
0.125 0.525 18 0.8400648135230492 -0.26299341506450463 1.5076087817705324 5
0.125 0.525 20 0.8306636895150807 -0.2639527746283514 1.4946901640966856 5
0.125 0.525 22 0.8234570354824292 -0.2647384214384505 1.4854653145801613 6
0.125 0.525 24 0.8178213970609338 -0.26539341190144033 1.4785677790616831 6
0.125 0.55 10 0.919143120629241 -0.25296617644456676 1.639916152910612 4
0.125 0.55 12 0.8848952613826471 -0.25576536023960617 1.5758983853360413 4
0.125 0.55 14 0.8622226888666396 -0.25779284981159983 1.5385356097855838 4
0.125 0.55 16 0.8463760785905673 -0.2593237625433698 1.5144950317765842 5
0.125 0.55 18 0.834871971151035 -0.26051829341716515 1.4982764307948597 5
0.125 0.55 20 0.8262749731409517 -0.2614753516227938 1.4872192670359343 5
0.125 0.55 22 0.8196960961059726 -0.26225894214809053 1.478854669796164 6
0.125 0.55 24 0.8145583730647428 -0.26291214152918774 1.4728302230589139 6
0.125 0.575 10 0.9078473861331773 -0.25048180416540167 1.6142506299683437 4
0.125 0.575 12 0.8763056662912436 -0.2532833822550257 1.5586246965663397 4
0.125 0.575 14 0.8554168755922157 -0.25530942465383516 1.5254559847157592 4
0.125 0.575 16 0.840835069272355 -0.2568377186742132 1.5041651114061254 5
0.125 0.575 18 0.8302691959820289 -0.258029512228734 1.4897944818134659 5
0.125 0.575 20 0.822387983345263 -0.25898407082948716 1.4799673889821963 6
0.125 0.575 22 0.8163660637090921 -0.25976548192430104 1.4727740483668132 6
0.125 0.575 24 0.8116686932464182 -0.26041680762249375 1.4674897399455284 7
0.125 0.6 10 0.8977705127527075 -0.24798840418761242 1.5924954338861785 4
0.125 0.6 12 0.8686374236472856 -0.25079077830778834 1.5431771892900594 4
0.125 0.6 14 0.8493454914117532 -0.2528144406611871 1.5136697099517658 5
0.125 0.6 16 0.8358985052210727 -0.2543395962149002 1.4947680224452007 5
0.125 0.6 18 0.8261733318757134 -0.25552836015824065 1.4825468079279995 6
0.125 0.6 20 0.8189315554057518 -0.25648024652323553 1.4734069131691694 6
0.125 0.6 22 0.8134055441274224 -0.25725936814285255 1.4670815548020713 7
0.125 0.6 24 0.8090991274335891 -0.25790874367711536 1.4624305474128743 7
0.125 0.625 10 0.8887399857483852 -0.2454869341016764 1.5731801852113114 4
0.125 0.625 12 0.8617646346195057 -0.24828861145812967 1.5292142571977885 4
0.125 0.625 14 0.8439103259552871 -0.2503090584789354 1.5029194922765143 5
0.125 0.625 16 0.8314859187901402 -0.2518306204893774 1.486063989110159 5
0.125 0.625 18 0.8225166659737582 -0.2530160995288374 1.4750860710981872 6
0.125 0.625 20 0.815847976036137 -0.25396516024981763 1.4672457691443108 6
0.125 0.625 22 0.8107650185463422 -0.25474189148143184 1.4616641314278633 7
0.125 0.625 24 0.8068069886822504 -0.25538924419954456 1.4575460491553438 7
0.125 0.65 10 0.8806157731567493 -0.24297834840707394 1.555748707731813 4
0.125 0.65 12 0.855584723760899 -0.24577794618658197 1.5164570588088258 4
0.125 0.65 14 0.8390308826961563 -0.24779443126768302 1.4929880230803234 5
0.125 0.65 16 0.827531244906816 -0.24931199906616497 1.4761816946357278 5
0.125 0.65 18 0.8192437562088126 -0.2504939670877455 1.468286367048204 6
0.125 0.65 20 0.8130902356285467 -0.2514400629375958 1.4613656652793108 6
0.125 0.65 22 0.8084043975002277 -0.2522143090524006 1.4564246897051032 7
0.125 0.65 24 0.8047579315738836 -0.252859568525364 1.4528907394723496 8
0.125 0.675 10 0.8732833146432424 -0.24046360300807162 1.5398365460944676 4
0.125 0.675 12 0.8500133545433343 -0.24325984788864094 1.504673634362067 5
0.125 0.675 14 0.8346406656468276 -0.24527170342823917 1.4836727540955832 5
0.125 0.675 16 0.8239799239870459 -0.24678492148363218 1.4707956608483161 6
0.125 0.675 18 0.8163090090081807 -0.2479631750779985 1.4618011674431373 6
0.125 0.675 20 0.8106199110658607 -0.24890617709988389 1.4556699949271608 7
0.125 0.675 22 0.8062911320091972 -0.24967784739778034 1.4512447113753972 7
0.125 0.675 24 0.8029242554385451 -0.25032094431560176 1.4481337846175617 8
0.125 0.7 10 0.8666481651847275 -0.23794365762949252 1.5251631105662613 4
0.125 0.7 12 0.8449806179107702 -0.24073538183235757 1.49366648778772 5
0.125 0.7 14 0.830684383019919 -0.24274200950773092 1.4746364947599164 5
0.125 0.7 16 0.820786684524732 -0.24425055928717884 1.4634435762361377 6
0.125 0.7 18 0.8136747998313554 -0.24542491248402382 1.4555205281877825 7
0.125 0.7 20 0.8084055131499397 -0.2463646990030175 1.450071782870964 7
0.125 0.7 22 0.8043987393039446 -0.24713370526249542 1.446308188517492 8
0.125 0.7 24 0.801283584068471 -0.24777457069205056 1.4434024494532969 8
0.125 0.725 10 0.860631883702064 -0.23541947676772534 1.5114997462606363 4
0.125 0.725 12 0.8404281437349865 -0.23820561185873404 1.483259131388955 5
0.125 0.725 14 0.8271158073639898 -0.2402064733126171 1.4679287494721835 6
0.125 0.725 16 0.8179138178601421 -0.2417100662874075 1.456384340577149 6
0.125 0.725 18 0.8113099948021968 -0.24288034633824396 1.4493569913115039 7
0.125 0.725 20 0.8064211825312674 -0.24381680071160355 1.4444394894177575 7
0.125 0.725 22 0.8027056413870838 -0.24458305609573533 1.4411563839115151 8
0.125 0.725 24 0.7998178293092111 -0.24522162099766487 1.438608619590092 9
0.125 0.75 10 0.8551688600150238 -0.23289202963254726 1.4986549454821716 4
0.125 0.75 12 0.8363068858760015 -0.23567159899356105 1.4732667150005143 5
0.125 0.75 14 0.8238961125969237 -0.23766620721221524 1.459100642604622 6
0.125 0.75 16 0.8153298163451237 -0.23916457895309495 1.449483997267188 6
0.125 0.75 18 0.8091887743046862 -0.24033062300176 1.4432311490767642 7
0.125 0.75 20 0.8046456510146724 -0.24126363195199846 1.43912789551067 8
0.125 0.75 22 0.8011942424356384 -0.2420270502547204 1.435965370514673 8
0.125 0.75 24 0.7985123707996133 -0.24266324518427176 1.4337016836905216 9
0.125 0.775 10 0.8502038505999677 -0.2303622894111268 1.4864650552447152 5
0.125 0.775 12 0.8325754029697858 -0.23313440006541755 1.4633179986121838 5
0.125 0.775 14 0.8209925629183422 -0.23512231159628877 1.4511308866955797 6
0.125 0.775 16 0.8130082848316629 -0.23661521686431244 1.4426571850568082 7
0.125 0.775 18 0.8072896876703504 -0.23777686935531386 1.4370372689682083 7
0.125 0.775 20 0.8030614075389558 -0.23870632175781975 1.4334101968859896 8
0.125 0.775 22 0.7998501904028265 -0.23946681690203112 1.4306596501336935 9
0.125 0.775 24 0.7973554017590141 -0.24010057183996544 1.428620293250418 9
0.125 0.8 10 0.8456900513638399 -0.22783123209114473 1.4747866312921163 5
0.125 0.8 12 0.8291985075846778 -0.23059506637680907 1.4480533659246673 5
0.125 0.8 14 0.818377465551614 -0.23257587444334513 1.4433478588297346 6
0.125 0.8 16 0.8109270613001585 -0.23406308316514313 1.4358319172948342 7
0.125 0.8 18 0.805594887260223 -0.2352201938565227 1.431454572868197 8
0.125 0.8 20 0.8016540237554424 -0.23614597987836244 1.4276335817945687 8
0.125 0.8 22 0.7986617819741575 -0.2369034655993085 1.4251923250629042 9
0.125 0.8 24 0.7963374034223926 -0.23753470987459246 1.4234995562704207 10
0.125 0.825 10 0.8415875788753268 -0.22529983500958178 1.4634871636807083 5
0.125 0.825 12 0.8261461921136585 -0.22805464244602103 1.4467621602421354 6
0.125 0.825 14 0.8160273244912638 -0.23002797095709934 1.435632247922921 6
0.125 0.825 16 0.8090675000347928 -0.23150926496957097 1.4289352918601845 7
0.125 0.825 18 0.8040895035385571 -0.23266168743529272 1.4247797869160734 8
0.125 0.825 20 0.8004116052627497 -0.23358369794337586 1.421704794816853 9
0.125 0.825 22 0.7976194800250402 -0.23433808760784317 1.4195014396447465 9
0.125 0.825 24 0.7954507199744798 -0.234966749885146 1.4180019496987986 10
0.125 0.85 10 0.8378622638069868 -0.22276907524215378 1.4524255347158064 5
0.125 0.85 12 0.8233927650489605 -0.2255141648199819 1.4375598521678974 6
0.125 0.85 14 0.8139221497939588 -0.22747966323330832 1.42791185528166 7
0.125 0.85 16 0.8074138829089558 -0.2289548336869123 1.421795058967184 7
0.125 0.85 18 0.802761132153969 -0.23010242421196198 1.4182877668778104 8
0.125 0.85 20 0.7993243426286517 -0.2310205503865566 1.4155812154829315 9
0.125 0.85 22 0.7967155200771955 -0.23177175691137045 1.4138047601598418 10
0.125 0.85 24 0.7946892126402257 -0.2323977652245953 1.4122983485336604 10
0.125 0.875 10 0.83448468445446 -0.22023992791135583 1.441379385764891 5
0.125 0.875 12 0.8209161492135729 -0.22297466094942753 1.4286139423758257 6
0.125 0.875 14 0.8120448890170786 -0.22493199992584348 1.420129974064901 7
0.125 0.875 16 0.8059529328922642 -0.22640084524434292 1.4154264551436804 8
0.125 0.875 18 0.8015994108455898 -0.22754346203233297 1.411633711345141 8
0.125 0.875 20 0.7983841422943978 -0.22845759513645097 1.409220159997373 9
0.125 0.875 22 0.7959435877089315 -0.2292055309796023 1.4076112386426352 10
0.125 0.875 24 0.7940479766439318 -0.22982881279833578 1.40633342856676 11
0.125 0.9 10 0.8314293861534884 -0.21771336446475012 1.4295481007592183 5
0.125 0.9 12 0.8186973062813273 -0.22043714811386142 1.4197289573850054 6
0.125 0.9 14 0.8103809558941523 -0.22238601588790746 1.4122356974689112 7
0.125 0.9 16 0.8046734100073147 -0.22384834019318559 1.4078994262372784 8
0.125 0.9 18 0.8005956689887962 -0.22498584282103165 1.4047730119767292 9
0.125 0.9 20 0.7975843218963853 -0.2258958740876796 1.401999048480394 9
0.125 0.9 22 0.7952985529598474 -0.22664045129266064 1.4012170880857813 10
0.125 0.9 24 0.7935231085103415 -0.22726093361243535 1.4000811716687376 11
0.125 0.925 10 0.8286742457714221 -0.21519035095697553 1.4116102782526738 5
0.125 0.925 12 0.8167197610345982 -0.2179026323830897 1.4108297728092651 6
0.125 0.925 14 0.8089178373739967 -0.2198427317711321 1.4041627562270254 7
0.125 0.925 16 0.8035657744173762 -0.22129834369317253 1.4004101953442372 8
0.125 0.925 18 0.799742636322347 -0.2224305927598957 1.3976790763230587 9
0.125 0.925 20 0.7969193579030387 -0.22333641336824814 1.3959321834595693 10
0.125 0.925 22 0.7947762508615365 -0.22407754364745539 1.3945519673965214 11
0.125 0.925 24 0.7931115140112259 -0.22469515309748642 1.392582349660648 11
0.125 0.95 10 0.826199950377452 -0.21267184635657363 1.3860977845175724 5
0.125 0.95 12 0.8149692053657309 -0.21537210760346656 1.3971510666257114 6
0.125 0.95 14 0.8076447645051745 -0.21730315357139088 1.3955808093353623 7
0.125 0.95 16 0.8026219046172413 -0.21875186537465213 1.3927439098065846 8
0.125 0.95 18 0.7990342002172272 -0.2198787223019143 1.390322404313457 9
0.125 0.95 20 0.7963846760150717 -0.2207802234203585 1.3888009781789135 10
0.125 0.95 22 0.7943732995608443 -0.22151781826728953 1.3876009748825209 11
0.125 0.95 24 0.7928107491897501 -0.22213248123120444 1.3867773654943358 12
0.125 0.975 10 0.8239895665780512 -0.21015880089056385 1.3605128891371043 5
0.125 0.975 12 0.8134331667753575 -0.21284655439916603 1.3709391070709094 6
0.125 0.975 14 0.8065524358320927 -0.21476827211543137 1.3773573009921871 7
0.125 0.975 16 0.8018348611718611 -0.21620989908316293 1.3822142845493737 8
0.125 0.975 18 0.7984652029970383 -0.21733122603374302 1.3823533855155112 9
0.125 0.975 20 0.7959764767389689 -0.21822829891313372 1.3814226928870563 10
0.125 0.975 22 0.7940869492935516 -0.21896226973584898 1.3803346854074565 11
0.125 0.975 24 0.7926188885071112 -0.21957391248217997 1.3796455592286283 12
0.25 0.5 10 1.1364508048376472 -0.23624910392937407 1.8686911090617406 4
0.25 0.5 12 1.1056746382430616 -0.23905024181995527 1.8123033144090281 4
0.25 0.5 14 1.085019465955071 -0.24106637090974323 1.7808156741992303 4
0.25 0.5 16 1.070418690734554 -0.24258329334447837 1.760988622441018 5
0.25 0.5 18 1.0597547701080625 -0.24376466407861752 1.747723298299534 5
0.25 0.5 20 1.0517674489065119 -0.2447102594320718 1.7385186995397053 6
0.25 0.5 22 1.0456528457184078 -0.2454840912769007 1.7318336835513026 6
0.25 0.5 24 1.0408792959285549 -0.24612900480720615 1.7269030726662038 7
0.25 0.525 10 1.1251524815775746 -0.23313149909798286 1.8428481207138094 4
0.25 0.525 12 1.0969344066996731 -0.23592608663475736 1.7954003795788578 4
0.25 0.525 14 1.077975143876282 -0.2379350492450679 1.768080125976333 4
0.25 0.525 16 1.06461197803003 -0.23944560709483018 1.7508318737627393 5
0.25 0.525 18 1.0548878558531607 -0.24062164927013774 1.739208844735839 5
0.25 0.525 20 1.0476265913322493 -0.2415628404331959 1.7313027183610732 6
0.25 0.525 22 1.0420796329196658 -0.24233301679870112 1.7255113207325883 6
0.25 0.525 24 1.037755164616229 -0.2429748651136562 1.7212326388105592 7
0.25 0.55 10 1.1151196679067423 -0.23003443633574178 1.821508902011315 4
0.25 0.55 12 1.0891478870785767 -0.2328208485802357 1.780426053829572 4
0.25 0.55 14 1.0717057059641948 -0.23482181175003905 1.7566054123817858 5
0.25 0.55 16 1.0594531468650688 -0.23632556184442294 1.7415245699859259 5
0.25 0.55 18 1.050567892700731 -0.23749601740928666 1.7315927090753003 6
0.25 0.55 20 1.0439501287612547 -0.23843263618377675 1.724529415138382 6
0.25 0.55 22 1.0389032536445932 -0.23919903554433072 1.7194851853270416 7
0.25 0.55 24 1.0349727108847404 -0.2398377239261886 1.715752163109276 7
0.25 0.575 10 1.1061515293170987 -0.22695835668147804 1.802740078170367 4
0.25 0.575 12 1.082176887779364 -0.22973516076994047 1.766931714225366 4
0.25 0.575 14 1.0661018377430145 -0.23172740737131683 1.7460750148714739 5
0.25 0.575 16 1.0548492569779648 -0.23322396678632437 1.732665479100875 5
0.25 0.575 18 1.0467143804305066 -0.2343886068011878 1.7241885429285893 6
0.25 0.575 20 1.0406683697802723 -0.23532049859735063 1.7180382858904264 6
0.25 0.575 22 1.0360635404658407 -0.23608300580056255 1.7136262204919257 7
0.25 0.575 24 1.032480005103808 -0.23671844264863617 1.7105559661851897 8
0.25 0.6 10 1.0980919340182909 -0.223903733180202 1.7859065999399357 4
0.25 0.6 12 1.0759111216883501 -0.22666966876600325 1.754562927189653 5
0.25 0.6 14 1.061074485287118 -0.22865257754934132 1.736221165016989 5
0.25 0.6 16 1.050724431838877 -0.2301416102979626 1.7250036017748804 6
0.25 0.6 18 1.043262109812392 -0.23130022747836032 1.7170891057514768 6
0.25 0.6 20 1.0377254403948488 -0.23222724754912064 1.71170156670647 7
0.25 0.6 22 1.0335127205766326 -0.2329857520575197 1.7078026121696468 7
0.25 0.6 24 1.0302361571166194 -0.23361784812798944 1.705017705623732 8
0.25 0.625 10 1.090817709683261 -0.2208710647693802 1.7705610507781775 4
0.25 0.625 12 1.070261147423588 -0.22362502363313905 1.7430324297527844 5
0.25 0.625 14 1.0565504160514876 -0.22559805193902985 1.7267162327246377 5
0.25 0.625 16 1.0470164664291393 -0.22707925848041924 1.7170081957448602 6
0.25 0.625 18 1.0401581508363933 -0.22823166174516954 1.7101468624954324 7
0.25 0.625 20 1.035076477191258 -0.2291536726234494 1.7054051071760246 7
0.25 0.625 22 1.031212807497931 -0.22990806740840997 1.702129687096774 8
0.25 0.625 24 1.0282089279636086 -0.23053673538388142 1.699547812015948 8
0.25 0.65 10 1.0842302497535155 -0.21786086994534823 1.7563530733473487 4
0.25 0.65 12 1.0651534867116286 -0.2206018761664951 1.7320948146309658 5
0.25 0.65 14 1.052469026023889 -0.22256454533226447 1.7196461385280242 6
0.25 0.65 16 1.0436742410190942 -0.22403765444425355 1.7092709093711391 6
0.25 0.65 18 1.0373594968597089 -0.22518366499181056 1.7032475370801838 7
0.25 0.65 20 1.0326854344343848 -0.22610053478002762 1.698961643902294 7
0.25 0.65 22 1.029133585076083 -0.22685071564896814 1.6961718222732611 8
0.25 0.65 24 1.0263729047400088 -0.2274758699144052 1.693933335026582 9
0.25 0.675 10 1.0782495087115862 -0.21487368066701942 1.742999096220287 5
0.25 0.675 12 1.06052717442312 -0.217600872188728 1.7215015473528 5
0.25 0.675 14 1.0487799597986878 -0.21955275547875025 1.7097626800699073 6
0.25 0.675 16 1.0406556968974503 -0.22101751805656875 1.7016035618675383 6
0.25 0.675 18 1.0348311973287196 -0.22215696658606376 1.696283479954688 7
0.25 0.675 20 1.030523358101968 -0.2230685678417023 1.692816945926416 8
0.25 0.675 22 1.0272510389166887 -0.22381443305028392 1.6900832752581154 8
0.25 0.675 24 1.0247080946484404 -0.22443598959721311 1.688104298072657 9
0.25 0.7 10 1.07280968653509 -0.21191003673782194 1.7302640100422597 5
0.25 0.7 12 1.0563312575227282 -0.21462264876305268 1.7107182911779195 5
0.25 0.7 14 1.0454412787680218 -0.21656336155330205 1.7010016700541046 6
0.25 0.7 16 1.037926221173156 -0.218019545945076 1.6938959089550478 7
0.25 0.7 18 1.0325448638716856 -0.21915227072295712 1.6890440453459028 7
0.25 0.7 20 1.0285670187630647 -0.22005847975673215 1.6861317454552702 8
0.25 0.7 22 1.0255461274695106 -0.22079992980707097 1.6837658401568034 9
0.25 0.7 24 1.0231988325153296 -0.22141780621709115 1.681897839482163 9
0.25 0.725 10 1.0678561002530067 -0.20897048076914482 1.7179457015976591 5
0.25 0.725 12 1.05252293023373 -0.21166783115911392 1.6900653220798816 5
0.25 0.725 14 1.0424180129593155 -0.21359702307038012 1.6923058275423524 6
0.25 0.725 16 1.0354573401489042 -0.215044411618319 1.6860502616566306 7
0.25 0.725 18 1.030477466601411 -0.21617025716243998 1.6823171532868386 8
0.25 0.725 20 1.0267978220722176 -0.21707095361955595 1.6792484643182328 8
0.25 0.725 22 1.0240038120479737 -0.2178078911790204 1.6771497974922769 9
0.25 0.725 24 1.0218329239359198 -0.21842200665625197 1.6757172053904634 10
0.25 0.75 10 1.0633428873229307 -0.20605555374494905 1.7058544454821147 5
0.25 0.75 12 1.0490661036619733 -0.20873703041898098 1.6926843327707508 6
0.25 0.75 14 1.0396809918392707 -0.21065437909455415 1.683531231988805 6
0.25 0.75 16 1.0332256518727887 -0.21209276560915247 1.6779342410015987 7
0.25 0.75 18 1.0286103585206592 -0.21321158181926975 1.6746556293807067 8
0.25 0.75 20 1.025200935124588 -0.21410664845337957 1.672070189605299 9
0.25 0.75 22 1.0226122851754975 -0.21483897835117602 1.669627173606898 9
0.25 0.75 24 1.0206009666639897 -0.21544925378482882 1.6689502317346072 10
0.25 0.775 10 1.0592312923187779 -0.2031657911598185 1.693758325513947 5
0.25 0.775 12 1.0459302793190999 -0.205830841390392 1.6824399698907697 6
0.25 0.775 14 1.0372058853218884 -0.2077360476357877 1.6745886732247257 7
0.25 0.775 16 1.0312119477973123 -0.20916523558375838 1.6669515966565884 7
0.25 0.775 18 1.026928480620026 -0.21027687719189309 1.6668133713215578 8
0.25 0.775 20 1.0237645814483347 -0.21116619976926315 1.6645343528431684 9
0.25 0.775 22 1.02136235168515 -0.21189382904285378 1.6630615072742074 10
0.25 0.775 24 1.0194958078549956 -0.21250018708831056 1.6618120826129914 11
0.25 0.8 10 1.0554883646482143 -0.2003017196788434 1.6810863357601133 5
0.25 0.8 12 1.0430896413733444 -0.20294984111726003 1.6722540678228945 6
0.25 0.8 14 1.0349724081323435 -0.204842625151185 1.6654028635825349 7
0.25 0.8 16 1.0294004861011925 -0.20626242638375072 1.6616259604347559 8
0.25 0.8 18 1.025419710990024 -0.20736675263175253 1.6586429747834488 9
0.25 0.8 20 1.0224794684334662 -0.20825021992268025 1.6563854140057566 9
0.25 0.8 22 1.0202469282844746 -0.20897305789587062 1.6553430932979034 10
0.25 0.8 24 1.0185121057841962 -0.20957542306699994 1.654250940037541 11
0.25 0.825 10 1.0520859485971545 -0.19746385425854224 1.6638018597716386 5
0.25 0.825 12 1.0405223113079751 -0.20009458749981798 1.6619477041126558 6
0.25 0.825 14 1.0329636543579699 -0.2019746861002232 1.6558766119448365 7
0.25 0.825 16 1.0277783879264688 -0.20338491998664762 1.652641049319345 8
0.25 0.825 18 1.0240743293705763 -0.2044817944636858 1.650096455998856 9
0.25 0.825 20 1.0213383194093897 -0.2053592982917199 1.6485627290339724 10
0.25 0.825 22 1.019260635744974 -0.20607725667249613 1.6472241632199804 11
0.25 0.825 24 1.0176459727440603 -0.20667555544059266 1.645727398756673 11
0.25 0.85 10 1.0489998841671329 -0.19465269566763682 1.6618043233734108 5
0.25 0.85 12 1.0382097270253048 -0.19726561815687602 1.6465727080775805 6
0.25 0.85 14 1.0311655378193885 -0.1991327825199686 1.6454500347435586 7
0.25 0.85 16 1.026335134045928 -0.2005332753821006 1.6433767651515039 8
0.25 0.85 18 1.0228845747704585 -0.2016225659734789 1.641118431696342 9
0.25 0.85 20 1.0203354890157945 -0.20249400130226863 1.6398051651188592 10
0.25 0.85 22 1.0183994642082481 -0.203206994292539 1.6386691754906062 11
0.25 0.85 24 1.0168946817549351 -0.203801155188802 1.637934241243793 12
0.25 0.875 10 1.046209362690934 -0.1918687283509474 1.6032737250292945 5
0.25 0.875 12 1.036136120165974 -0.1944634494399372 1.6145834027709003 6
0.25 0.875 14 1.029566319760249 -0.19631744360122044 1.62162993690243 7
0.25 0.875 16 1.0250621441526417 -0.1977080283693321 1.626925058339134 8
0.25 0.875 18 1.0218442786005688 -0.19878960728164297 1.6296827333488513 9
0.25 0.875 20 1.0194666454257746 -0.1996548723255463 1.6306773349674228 10
0.25 0.875 22 1.0176604968279692 -0.2003628167374455 1.62956287183475 11
0.25 0.875 24 1.0162564240815588 -0.20095277045683888 1.629051858024868 12
0.25 0.9 10 1.0436963985913537 -0.18911241858648326 1.573688983386763 5
0.25 0.9 12 1.034288072975023 -0.1916885755630121 1.629708326968502 7
0.25 0.9 14 1.0281562094111283 -0.19352917525690266 1.5915292238642533 7
0.25 0.9 16 1.0239524245389275 -0.19490969128628285 1.6237897354045152 9
0.25 0.9 18 1.0209485595014234 -0.19598343512374408 1.6001334572565595 9
0.25 0.9 20 1.0187285067179852 -0.19684243147253358 1.6211460050676865 11
0.25 0.9 22 1.0170416804916036 -0.19754524684757432 1.6051132633668082 11
0.25 0.9 24 1.015730107745489 -0.19813092635248555 1.6068893314473942 12
0.25 0.925 10 1.0414453904095695 -0.18638421289335488 1.545894692212471 5
0.25 0.925 12 1.0326541409833452 -0.18894146782330382 1.618403754183083 7
0.25 0.925 14 1.0269270258962593 -0.19076845968145 1.5631051175750073 7
0.25 0.925 16 1.023000272709773 -0.1921387526839359 1.613432570148314 9
0.25 0.925 18 1.0201935689394894 -0.19320454255780417 1.5714293455632078 9
0.25 0.925 20 1.0181186215361147 -0.19405717530868094 1.611200201591409 11
0.25 0.925 22 1.0165416349893244 -0.19475478403705324 1.5762603301191682 11
0.25 0.925 24 1.0153151895629056 -0.1953361246594223 1.610016428972876 13
0.25 0.95 10 1.039442752160453 -0.1836845366556145 1.519853412334396 5
0.25 0.95 12 1.031224531053016 -0.18622257389667937 1.6066263258817017 7
0.25 0.95 14 1.0258719121091895 -0.1880357549048424 1.5364617219118781 7
0.25 0.95 16 1.0222010296513269 -0.18939567696078863 1.6023089810417106 9
0.25 0.95 18 1.019576278893144 -0.19045339861871732 1.5445189787409264 9
0.25 0.95 20 1.017635186319656 -0.19129957651072846 1.5981578394139733 11
0.25 0.95 22 1.0161594939452274 -0.19199190394869306 1.5954361791792981 12
0.25 0.95 24 1.0150115349632278 -0.1925688434895111 1.592959343863742 13
0.25 0.975 10 1.0376766014079137 -0.18101379293386882 1.4954755520428524 5
0.25 0.975 12 1.0299908265643298 -0.18353231719845478 1.5920934943291962 7
0.25 0.975 14 1.0249850928274864 -0.18533149434810325 1.5115157773604098 7
0.25 0.975 16 1.0215508721869442 -0.18668090397281856 1.580441862620345 9
0.25 0.975 18 1.0190943046815317 -0.18773044793863558 1.575911191259357 10
0.25 0.975 20 1.0172768930152394 -0.18857008348588072 1.5722502551276263 11
0.25 0.975 22 1.0158947722710459 -0.18925705806958054 1.5692708878069912 12
0.25 0.975 24 1.0148193010968969 -0.18982953689479196 1.5667987058722184 13
0.5 0.5 10 1.562162219196829 -0.20049689096507572 2.2584025364505687 4
0.5 0.5 12 1.540944375619353 -0.20316273247499242 2.228980921931971 4
0.5 0.5 14 1.5264663515895958 -0.20506902227553228 2.2113150250131746 5
0.5 0.5 16 1.516298684521848 -0.20649916075047334 2.199720371442898 5
0.5 0.5 18 1.5089607251932833 -0.2076115757946551 2.191818462741878 6
0.5 0.5 20 1.5035191966572663 -0.20850152525234456 2.1862442114072245 6
0.5 0.5 22 1.4993811008907816 -0.2092296693200325 2.1822018271472343 7
0.5 0.5 24 1.4961633726648884 -0.2098364567941627 2.1791892004579934 8
0.5 0.525 10 1.5536467204733855 -0.1965599625025344 2.2411659453733557 4
0.5 0.525 12 1.534113821509522 -0.19920114994806445 2.2159029703324657 5
0.5 0.525 14 1.5208897123313432 -0.20108926378177067 2.200548158655527 5
0.5 0.525 16 1.5116624015019366 -0.20250563593308163 2.1905661031920105 6
0.5 0.525 18 1.5050271173615621 -0.2036073125863662 2.1837157470053863 6
0.5 0.525 20 1.5001150372709822 -0.20448866415570888 2.1789155369047903 7
0.5 0.525 22 1.496382328179789 -0.205209771954055 2.175423591837608 7
0.5 0.525 24 1.49348075952718 -0.20581069550082143 2.1728443659359993 8
0.5 0.55 10 1.5459508610478656 -0.1927084486358663 2.2254783526089974 4
0.5 0.55 12 1.52796445286528 -0.19532428173012886 2.2036125570662457 5
0.5 0.55 14 1.515880952172678 -0.19719386458519855 2.1901012834170177 5
0.5 0.55 16 1.5074939103301834 -0.19859624598934245 2.181646820139485 6
0.5 0.55 18 1.5014786969257028 -0.1996870209974748 2.1757309685829656 7
0.5 0.55 20 1.4970306265999278 -0.20055964699998033 2.171579144086375 7
0.5 0.55 22 1.4936520066828953 -0.20127361480008873 2.168608214390866 8
0.5 0.55 24 1.491026150825399 -0.20186858815966732 2.1663513448924956 8
0.5 0.575 10 1.5389704620987688 -0.18894066525811004 2.210852252783544 4
0.5 0.575 12 1.5224087306370562 -0.19153056924018988 2.1918057091748806 5
0.5 0.575 14 1.5113608432220804 -0.19338132078018574 2.1806165912090965 6
0.5 0.575 16 1.503724434678071 -0.1947695154204544 2.1728288372985323 6
0.5 0.575 18 1.4982576618799184 -0.19584924361987074 2.167706238244318 7
0.5 0.575 20 1.4942179506684397 -0.19671302967253293 2.1643689769678893 8
0.5 0.575 22 1.4911502319406933 -0.1974197642954585 2.1615628621729512 8
0.5 0.575 24 1.4887661969775114 -0.1980087099116181 2.15960638272306 9
0.5 0.6 10 1.532621778114024 -0.18525499651156205 2.1969181375704667 5
0.5 0.6 12 1.5173735050659645 -0.18781849797326755 2.1801225809170894 5
0.5 0.6 14 1.5072644888102824 -0.18965016284171518 2.17060056946957 6
0.5 0.6 16 1.500299095107441 -0.19102399945193407 2.1639525130349586 6
0.5 0.6 18 1.4953188254879046 -0.19209255230764397 2.1594645288166596 7
0.5 0.6 20 1.4916400538626078 -0.19294739661937227 2.156506581987771 8
0.5 0.6 22 1.4888466924661847 -0.19364681500541814 2.1542188849436665 9
0.5 0.6 24 1.4866758885853055 -0.19422966370912884 2.152491777214644 9
0.5 0.625 10 1.5268358311440262 -0.18164988107561292 2.183381438207383 5
0.5 0.625 12 1.5127976424118357 -0.18418658947781621 2.1747358740496234 5
0.5 0.625 14 1.5035390437881035 -0.18599895036674985 2.1606284472297204 6
0.5 0.625 16 1.4971743460576552 -0.1873582798870324 2.154870920679113 7
0.5 0.625 18 1.4926270499109928 -0.1884155444357442 2.1514367890618322 8
0.5 0.625 20 1.4892686762586145 -0.1892613572471805 2.1484624874666904 8
0.5 0.625 22 1.4867185778690784 -0.18995338607929071 2.146470522555916 9
0.5 0.625 24 1.484736727228242 -0.19053007679705 2.1450868087987605 10
0.5 0.65 10 1.5215549457690294 -0.1781238016187343 2.1699805643260794 5
0.5 0.65 12 1.50863022971483 -0.18063339524115898 2.1586889776154807 6
0.5 0.65 14 1.5001417600260507 -0.18242626790473157 2.150473533760141 7
0.5 0.65 16 1.4943158610135598 -0.18377096165701612 2.14539910835879 7
0.5 0.65 18 1.4901552173685388 -0.18481683969532464 2.1423874368758917 8
0.5 0.65 20 1.487082433890621 -0.1856535428021227 2.1399835155102425 9
0.5 0.65 22 1.4847489884204481 -0.18633811816152024 2.137680130434598 9
0.5 0.65 24 1.4829353417558937 -0.18690859763981718 2.1370507691392135 10
0.5 0.675 10 1.5167305304662142 -0.17467527668200442 2.15639745469787 5
0.5 0.675 12 1.5048290971387233 -0.17715749196797922 2.146907648293221 6
0.5 0.675 14 1.4970383055839287 -0.17893072158963844 2.1399994371955096 7
0.5 0.675 16 1.4916967966393 -0.18026066991559037 2.1299770758311616 7
0.5 0.675 18 1.4878826229349982 -0.1812950773360606 2.133057463998855 8
0.5 0.675 20 1.4850654039211306 -0.18212260366138866 2.130959447273238 9
0.5 0.675 22 1.4829257078468192 -0.18279967070309072 2.1296247761838516 10
0.5 0.675 24 1.4812624222182007 -0.18336389324387958 2.128462451981219 11
0.5 0.7 10 1.5123215511293124 -0.17130285442642584 2.1416344465812136 5
0.5 0.7 12 1.5013595411064717 -0.17375747789109852 2.135032391263377 6
0.5 0.7 14 1.4942013242231098 -0.17551093638374823 2.129077304847561 7
0.5 0.7 16 1.4892963707875067 -0.17682604757769815 2.12583553712735 8
0.5 0.7 18 1.4857936938780452 -0.17784891379413437 2.1231946165649895 9
0.5 0.7 20 1.483206011002065 -0.17866720699054406 2.1180923255484827 9
0.5 0.7 22 1.4812402404601022 -0.17933671963154943 2.120241016039296 10
0.5 0.7 24 1.4797118823116509 -0.17989464683538403 2.119217772616491 11
0.5 0.725 10 1.5082933875300597 -0.16800510781075204 2.115584622249938 5
0.5 0.725 12 1.4981931973900662 -0.17043196986252074 2.1228259947560275 6
0.5 0.725 14 1.4916092066018465 -0.1721655538063853 2.117443558508602 7
0.5 0.725 16 1.487098696349437 -0.17346575323531216 2.1149564122715243 8
0.5 0.725 18 1.4838769604610198 -0.17447702066164383 2.1127089008186117 9
0.5 0.725 20 1.481496138408628 -0.1752860347306281 2.1113908228142133 10
0.5 0.725 22 1.4796870424163213 -0.17594795534625593 2.110214870345444 11
0.5 0.725 24 1.478280188311809 -0.17649955586076438 2.1095144782796513 12
0.5 0.75 10 1.504616907269713 -0.16478063087247108 2.076276289571092 5
0.5 0.75 12 1.4953070414580267 -0.1671796010482843 2.110189511182976 7
0.5 0.75 14 1.4892450460752356 -0.16889323006127147 2.096161514817765 7
0.5 0.75 16 1.4850918217201374 -0.17017845940252935 2.102365376102611 8
0.5 0.75 18 1.482124220623582 -0.17117808296375725 2.101121173136285 9
0.5 0.75 20 1.4799304084340463 -0.1719777818859201 2.1005045786569214 10
0.5 0.75 22 1.4782628975716288 -0.17263208101136363 2.099448853154099 11
0.5 0.75 24 1.4769658114095359 -0.17317733028330126 2.098879421697273 12
0.5 0.775 10 1.5012676727814762 -0.16162803586601068 2.038406999641115 5
0.5 0.775 12 1.492682504205447 -0.16399901910262235 2.0970608219281077 7
0.5 0.775 14 1.4870957538088203 -0.16569263450183105 2.057899668492096 7
0.5 0.775 16 1.4832669377434147 -0.1669628510543091 2.091510538814635 9
0.5 0.775 18 1.480529855292301 -0.16795079771634627 2.0675492851602746 9
0.5 0.775 20 1.4785055921488348 -0.16874115508779144 2.0889692557721973 11
0.5 0.775 22 1.4769664031753265 -0.16938781112285925 2.0732333539994388 11
0.5 0.775 24 1.4757687736479248 -0.16992669115244682 2.087602360472013 13
0.5 0.8 10 1.4982252406809597 -0.15854595107367092 2.003263211242941 5
0.5 0.8 12 1.4903046946828622 -0.16088888473223245 2.0833637187721172 7
0.5 0.8 14 1.485151310451903 -0.16256244838998032 2.021928267688405 7
0.5 0.8 16 1.4816177193509574 -0.1638176244305326 2.078823646310663 9
0.5 0.8 18 1.4790902623274438 -0.16479387274087565 2.154790628074284 10
0.5 0.8 20 1.477220120064785 -0.16557487141301905 2.0767353401733217 11
0.5 0.8 22 1.4757975411167152 -0.1662138703286556 2.07620597103883 12
0.5 0.8 24 1.474690266923156 -0.16674636942519885 2.0756065489333997 13
0.5 0.825 10 1.4954725351418503 -0.155533019150501 1.9707919112184236 5
0.5 0.825 12 1.4881617221886794 -0.15784787058536398 2.0685269933362975 7
0.5 0.825 14 1.4834041345960087 -0.1595013639141786 2.0684312922724373 8
0.5 0.825 16 1.480139777202354 -0.16074148608147015 2.0622181373077226 9
0.5 0.825 18 1.4778033856302413 -0.16170602571576845 2.058317460303005 10
0.5 0.825 20 1.476073673462699 -0.16247765743682266 2.054709462713116 11
0.5 0.825 22 1.474757317782714 -0.16310899248241803 2.051795999997448 12
0.5 0.825 24 1.4737323309334276 -0.1636351050205033 2.0493453773329793 13
0.5 0.85 10 1.4929952875533954 -0.1525878958980263 1.940815571216628 5
0.5 0.85 12 1.4862441100355317 -0.15487466041638784 2.0433452317284 7
0.5 0.85 14 1.4818485512413115 -0.15650808343884376 2.0359119564008297 8
0.5 0.85 16 1.4788302003181517 -0.1577331521334746 2.0301133483945186 9
0.5 0.85 18 1.4766683221986021 -0.15868598344503287 2.025633417055969 10
0.5 0.85 20 1.4750668419331858 -0.15944824850204295 2.0220599532745345 11
0.5 0.85 22 1.4738474606448884 -0.16007191991290468 2.0191519843608274 12
0.5 0.85 24 1.4728975803278832 -0.16059164608866808 2.0167402966252017 13
0.5 0.875 10 1.490781539040817 -0.14970924938629326 1.9131448635848591 5
0.5 0.875 12 1.4845442931676982 -0.1519679484872323 2.0128039677159553 7
0.5 0.875 14 1.4804803462110598 -0.15358131896126417 2.005184790702829 8
0.5 0.875 16 1.477687175055395 -0.15479134775529962 1.999490421366777 9
0.5 0.875 18 1.4756849943869483 -0.15573248132580964 1.9951002312693662 10
0.5 0.875 20 1.4742008366674297 -0.1564853881866418 1.991615964772956 11
0.5 0.875 22 1.473070163103867 -0.1571014028912669 1.9887858891044026 12
0.5 0.875 24 1.4721889742039185 -0.1576147484784782 1.9864424491905959 13
0.5 0.9 10 1.48882120363245 -0.14689575936159524 1.88759961721979 5
0.5 0.9 12 1.4830561918006002 -0.14912643917420856 1.983980140986645 7
0.5 0.9 14 1.4792963947410498 -0.15071979175459244 1.9765174562967553 8
0.5 0.9 16 1.4767096689898467 -0.15191480680647762 1.9709795574621187 9
0.5 0.9 18 1.4748538777333682 -0.1528442629971294 1.9667188909370126 10
0.5 0.9 20 1.4734772517061663 -0.15358782795217088 1.96334268816307 11
0.5 0.9 22 1.4724278713434114 -0.15419619927918682 1.9606029279933768 12
0.5 0.9 24 1.4716096229437776 -0.1547031753850446 1.9583357766361644 13
0.5 0.925 10 1.4871056896521764 -0.14414611689021709 1.9673615416500683 6
0.5 0.925 12 1.4817748533930464 -0.1463488467535635 1.9570905772962455 7
0.5 0.925 14 1.4782943543045732 -0.14792223217715975 1.9498467606736487 8
0.5 0.925 16 1.4758971705737751 -0.14910227164983006 1.944485746453015 9
0.5 0.925 18 1.474175776815222 -0.15002008015254598 1.9403661333126492 10
0.5 0.925 20 1.472897867089654 -0.15075432695615584 1.9371042400745393 11
0.5 0.925 22 1.4719231083416138 -0.15135507434101483 1.9344585784757127 12
0.5 0.925 24 1.4711626284941686 -0.1518556971617349 1.932270079498331 13
0.5 0.95 10 1.4856275762092748 -0.1414590241979486 1.9420215032057317 6
0.5 0.95 12 1.4806961555156142 -0.14363389534239807 1.9320644234584476 7
0.5 0.95 14 1.477472413156769 -0.14518737962946185 1.9250589260798086 8
0.5 0.95 16 1.4752494770542994 -0.1463524931106955 1.9198817133806092 9
0.5 0.95 18 1.4736516429850028 -0.14725869249965592 1.9159062443146706 10
0.5 0.95 20 1.4724644889464165 -0.14798365201164446 1.9127599114736815 11
0.5 0.95 22 1.4715583310188238 -0.14857680070331628 1.9102087435056894 12
0.5 0.95 24 1.4708509548133235 -0.14907109127971277 1.9080988587045757 13
0.5 0.975 10 1.4843803409035226 -0.13883319467206845 1.9184223860492857 6
0.5 0.975 12 1.4798165625094517 -0.14098031897393704 1.908794609743184 7
0.5 0.975 14 1.4768290871782195 -0.14251398264099052 1.9020325372739026 8
0.5 0.975 16 1.4747665242649874 -0.1436642305659138 1.897039726468423 9
0.5 0.975 18 1.4732824287458564 -0.1445588678498292 1.8932076690822373 10
0.5 0.975 20 1.4721788222292684 -0.14527457767743 1.8901757059893585 11
0.5 0.975 22 1.471335816976175 -0.1458601584454896 1.8877177349078873 12
0.5 0.975 24 1.4706773255242362 -0.14634814241887678 1.8856851949847722 13
5 0.5 10 10.272546696861367 -0.04330795635591957 10.540813020980371 6
5 0.5 12 10.270456891268271 -0.04409397722918925 10.535384748801317 7
5 0.5 14 10.269074172177582 -0.04465542071009472 10.531537508204034 8
5 0.5 16 10.268109762583334 -0.04507650332077458 10.52867214767041 9
5 0.5 18 10.267409502192423 -0.04540401201796935 10.526456547339196 10
5 0.5 20 10.266884596847586 -0.045666018975726044 10.524692668085903 11
5 0.5 22 10.266480816706878 -0.04588038830479883 10.523255342024635 12
5 0.5 24 10.26616345846309 -0.0460590294123601 10.52206166078718 13
5 0.525 10 10.26941503967625 -0.041316864929912364 10.509393650808203 6
5 0.525 12 10.267659582024072 -0.042068077964217236 10.50437067986309 7
5 0.525 14 10.266492899092816 -0.04260465870300649 10.500824010593979 8
5 0.525 16 10.265675974960963 -0.04300709425709865 10.498188734067204 9
5 0.525 18 10.265080776525883 -0.04332009968805884 10.496154376779984 10
5 0.525 20 10.26463329545612 -0.043570504032827154 10.494536749235209 11
5 0.525 22 10.264288177076601 -0.04377538031490967 10.493219833241024 12
5 0.525 24 10.264016304391678 -0.04394611054997943 10.492126969491554 13
5 0.55 10 10.266920811723214 -0.039495138382048066 10.482788796800422 6
5 0.55 12 10.265444411114087 -0.04021434565464219 10.47814023650887 7
5 0.55 14 10.264458873049254 -0.040728065135066216 10.474867067388022 8
5 0.55 16 10.26376605153533 -0.0411133547453852 10.472439362378141 9
5 0.55 18 10.263259495860574 -0.04141302444229929 10.470567608798513 10
5 0.55 20 10.262877473657301 -0.041652760199830434 10.469080681095285 11
5 0.55 22 10.262582030093789 -0.041848907637810656 10.467871059419078 12
5 0.55 24 10.262348722196908 -0.04201236383612766 10.466867829870784 13
5 0.575 10 10.265038310871835 -0.037822451354374606 10.460224517327601 6
5 0.575 12 10.263794680242569 -0.03851214260094108 10.45591853815191 7
5 0.575 14 10.26296099767702 -0.03900477920563157 10.45289302522353 8
5 0.575 16 10.262372626620795 -0.03937425665914936 10.450652127416125 9
5 0.575 18 10.261940911422702 -0.03966162801188539 10.44892611726116 10
5 0.575 20 10.261614293527387 -0.03989152509407384 10.447555996815227 11
5 0.575 22 10.261360978240337 -0.04007962270677384 10.446442054755495 12
5 0.575 24 10.261160428519071 -0.04023637071735796 10.44551861943023 13
5 0.6 10 10.263738453992415 -0.0362815488857746 10.44107338918801 6
5 0.6 12 10.262688913531383 -0.03694394436633828 10.437079298290676 7
5 0.6 14 10.261982511709052 -0.03741708399531242 10.434277572306865 8
5 0.6 16 10.261482064166392 -0.03777193871704333 10.432204712098843 9
5 0.6 18 10.261113568925342 -0.038047936833944924 10.430609399433346 10
5 0.6 20 10.26083388691472 -0.03826873532746549 10.429343794244682 11
5 0.6 22 10.260616344442667 -0.038449388640346735 10.428315317835562 12
5 0.6 24 10.26044366461004 -0.03859993306774739 10.427463063062502 13
5 0.625 10 10.262989444136739 -0.03485769747628033 10.42482328671779 6
5 0.625 12 10.262101744721647 -0.03549478407412227 10.42111247952423 7
5 0.625 14 10.261502031730377 -0.035949845929722724 10.418512889726932 8
5 0.625 16 10.261075613907904 -0.03629114232142382 10.416591286190261 9
5 0.625 18 10.26076054984036 -0.03655659507052341 10.415113339508618 10
5 0.625 20 10.260520662032125 -0.03676895726980428 10.413941424851368 11
5 0.625 22 10.260333529723935 -0.03694270816012417 10.412989459460803 12
5 0.625 24 10.260184594551529 -0.03708750056872506 10.412200859269543 13
5 0.65 10 10.26275771982072 -0.033538247918318685 10.411053371997482 6
5 0.65 12 10.262005034016441 -0.034151809640718914 10.407599690089805 7
5 0.65 14 10.26149478266409 -0.03459006801385969 10.405182795216504 8
5 0.65 16 10.261130723909611 -0.03491876179371676 10.403397533059426 9
5 0.65 18 10.26086084555251 -0.03517441251138207 10.402025180320166 10
5 0.65 20 10.260654725073039 -0.035378933085515596 10.400937441274014 11
5 0.65 22 10.260493472093824 -0.03554626810071495 10.400054142345386 12
5 0.65 24 10.260364793888737 -0.035685713946715776 10.399322620894134 13
5 0.675 10 10.263008933694767 -0.032312284651039726 10.462789669641111 6
5 0.675 12 10.262368985910372 -0.0329039284903307 10.396195341925084 7
5 0.675 14 10.261933805458986 -0.03332653123268114 10.393943780545486 8
5 0.675 16 10.261622311580135 -0.03364348328944399 10.392281639749188 9
5 0.675 18 10.261390675418122 -0.0338900015558161 10.391004498245483 10
5 0.675 20 10.261213234376726 -0.0340872161689125 10.389992572170916 11
5 0.675 22 10.26107402906397 -0.03424857357962789 10.389171063204063 12
5 0.675 24 10.260962654796606 -0.03438303808855772 10.388490867907743 13
5 0.7 10 10.263708821765134 -0.031170342598684682 10.38962014930987 6
5 0.7 12 10.2631631403888 -0.03174152053848096 10.386612114086418 7
5 0.7 14 10.262791023751898 -0.03214950478119329 10.384510424180188 8
5 0.7 16 10.262523881931152 -0.03245549296322742 10.382959697866285 9
5 0.7 18 10.262324642635592 -0.03269348377147539 10.381768608272575 10
5 0.7 20 10.262171584868403 -0.03288387641807522 10.380825138126303 11
5 0.7 22 10.262051184402925 -0.03303965221983746 10.380059382082395 12
5 0.7 24 10.261954610626727 -0.03316946538797214 10.379425470859243 13
5 0.725 10 10.264823903185665 -0.030104177023242796 10.38142457030409 6
5 0.725 12 10.264357181859634 -0.030656204832639835 10.378609653079709 7
5 0.725 14 10.264038118368356 -0.031050510410780545 10.376644077495257 8
5 0.725 16 10.263808445658386 -0.03134623959438534 10.375194395572622 9
5 0.725 18 10.263636683415855 -0.03157625118163479 10.374081268865465 10
5 0.725 20 10.26350438050376 -0.03176026045143347 10.373199771564583 11
5 0.725 22 10.26340003859754 -0.031910813490359395 10.372484457486951 12
5 0.725 24 10.263316140654291 -0.03203627435613069 10.371892400563077 13
5 0.75 10 10.266321999306765 -0.029106575312369994 10.37462458596153 6
5 0.75 12 10.265921555779542 -0.02964064865521986 10.371985723772243 7
5 0.75 14 10.265647201638519 -0.030022129614397628 10.370144020200115 8
5 0.75 16 10.265449230979034 -0.030308240333781652 10.368786186782467 9
5 0.75 18 10.26530080505023 -0.030530770893302153 10.367743867234473 10
5 0.75 20 10.265186191663268 -0.030708795340919238 10.36691861794228 11
5 0.75 22 10.265095581037986 -0.030854451707151283 10.366249062483035 12
5 0.75 24 10.265022553906451 -0.030975832012343107 10.365694957840908 13
5 0.775 10 10.268172587006882 -0.028171202158549912 10.369047301753879 6
5 0.775 12 10.267827908274317 -0.028688410450908714 10.366569229103543 7
5 0.775 14 10.267591307738865 -0.029057844945452334 10.36484049340543 8
5 0.775 16 10.267420206501003 -0.029334920816358065 10.363566340946768 9
5 0.775 18 10.267291631145856 -0.029550424271508502 10.362588485614054 10
5 0.775 20 10.267192116621233 -0.02972282703562721 10.361814417223032 11
5 0.775 22 10.267113263764795 -0.0298638838426352 10.36118647984324 12
5 0.775 24 10.267049572485782 -0.029981431181807686 10.3606668808726 13
5 0.8 10 10.270347012902365 -0.027292471494710407 10.364545613118556 6
5 0.8 12 10.270049375574395 -0.02779380986716892 10.362214665382282 7
5 0.8 14 10.269844726402695 -0.02815190870463832 10.416910194723476 8
5 0.8 16 10.26969644311275 -0.028420482832742025 10.359391432318969 9
5 0.8 18 10.269584782664104 -0.02862937382126533 10.358472406105477 10
5 0.8 20 10.269498176307335 -0.028796486612086003 10.357745022513203 11
5 0.8 22 10.269429406488106 -0.028933215259119235 10.357155032791084 12
5 0.8 24 10.26937374451774 -0.029047155798314586 10.356666886567695 13
5 0.825 10 10.409197461468752 -0.0264654399996051 10.39918482648902 2
5 0.825 12 10.272560753117677 -0.026951819659157425 10.358797688353794 7
5 0.825 14 10.27238321029561 -0.027299233701695295 10.357266747457341 8
5 0.825 16 10.272254345665697 -0.02755979423359757 10.356138939802863 9
5 0.825 18 10.272157125997662 -0.02776245242507781 10.355273724619586 10
5 0.825 20 10.272081574017092 -0.027924578978262858 10.354589026171277 11
5 0.825 22 10.272021464907839 -0.028057227976322 10.354033721621397 12
5 0.825 24 10.271972719063433 -0.028167768808039312 10.353574316311617 13
5 0.85 10 10.275562658836659 -0.02568571809231855 10.40422325665241 5
5 0.85 12 10.279260576683262 -0.026157975327919986 10.405280935612272 6
5 0.85 14 10.275184084774601 -0.026495301924778086 10.354767378141668 8
5 0.85 16 10.275071783571628 -0.02674829687242155 10.353703710124137 9
5 0.85 18 10.27498691757379 -0.026945070720588545 10.352887826490026 10
5 0.85 20 10.274920849886614 -0.02710248979912296 10.352242245982113 11
5 0.85 22 10.274868192434353 -0.027231287227014456 10.351718718891682 12
5 0.85 24 10.274825413343619 -0.02733861841692267 10.351285638919125 13
5 0.875 10 10.27855647279471 -0.024949395185613947 10.356322339675362 6
5 0.875 12 10.28197643360591 -0.025408299220346865 10.354364182916814 7
5 0.875 14 10.27822628503145 -0.02573608781658405 10.35299981362743 8
5 0.875 16 10.2781281456949 -0.025981929263764417 10.351995096958891 9
5 0.875 18 10.278053870672716 -0.026173139278235676 10.351224536429946 10
5 0.875 20 10.277995956085874 -0.026326107289813556 10.350614884186871 11
5 0.875 22 10.277949721492636 -0.026451262935651365 10.350120536136382 12
5 0.875 24 10.277912098650933 -0.02655555930718108 10.349711623923284 13
5 0.9 10 10.281779199535647 -0.024252976625881113 10.355028930194603 6
5 0.9 12 10.281608353372315 -0.024699236484971517 10.353175899317485 7
5 0.9 14 10.281490341223716 -0.025017993527177495 10.35188505624099 8
5 0.9 16 10.28140434050793 -0.025257061308833432 10.398690891639875 6
5 0.9 18 10.281339165700846 -0.025443002916786348 10.350205799890942 10
5 0.9 20 10.281288274187375 -0.025591756203149817 10.349629216597053 11
5 0.9 22 10.281247586047217 -0.02571346343744758 10.349161719503403 12
5 0.9 24 10.28121442674582 -0.02581488613269532 10.348775042764855 13
5 0.925 10 10.285211780239512 -0.02359333025982583 10.394166318771598 5
5 0.925 12 10.395110586762774 -0.02402760079610507 10.389356804822542 2
5 0.925 14 10.284958327913733 -0.02433779403630467 10.351354445889745 8
5 0.925 16 10.28488275817768 -0.024570438966454507 10.350454124618313 9
5 0.925 18 10.284825420829527 -0.02475138502323767 10.349763785952428 10
5 0.925 20 10.284780591807092 -0.02489614186866461 10.349217702088781 11
5 0.925 22 10.28474470260266 -0.02501457928765086 10.34877496477646 12
5 0.925 24 10.284715414113442 -0.025113277136806084 10.3484087885044 13
5 0.95 10 10.288836821411639 -0.02296764096935327 10.392193812313232 5
5 0.95 12 10.393101747153572 -0.02339052816506707 10.387577982147793 2
5 0.95 14 10.288613790347611 -0.02369259044771833 10.351348084055168 8
5 0.95 16 10.288547207440697 -0.02391913715970752 10.3504940848043 9
5 0.95 18 10.28849663607181 -0.02409534015792076 10.349839326681202 10
5 0.95 20 10.288457051751779 -0.02423630255649234 10.34932142758084 11
5 0.95 22 10.28842532302771 -0.02435163542804983 10.348901567036126 12
5 0.95 24 10.288399397535919 -0.02444774615434867 10.348554329442047 13
5 0.975 10 10.390808256322163 -0.022373371832319723 10.38296873844635 2
5 0.975 12 10.292522156501485 -0.022785437477384537 10.39168100807479 7
5 0.975 14 10.292441656941378 -0.02307977008100053 10.351813530150556 8
5 0.975 16 10.292382836928994 -0.023300519533713593 10.351002436412744 9
5 0.975 18 10.292338120657126 -0.023472213552491225 10.350380626667041 10
5 0.975 20 10.29230308366573 -0.02360956876751278 10.349888822349815 11
5 0.975 22 10.292274969312054 -0.023721950307076536 10.349490138944828 12
5 0.975 24 10.292251971166763 -0.023815601590044325 10.349160430750272 13
10 0.5 10 20.210294178358474 -0.022209205248059433 20.33898860980597 6
10 0.5 12 20.209615334418366 -0.02261828011771769 20.336046030269294 7
10 0.5 14 20.209156026758972 -0.02291047645318781 20.333984275048447 8
10 0.5 16 20.208828929450927 -0.023129623704791675 20.33246000411438 9
10 0.5 18 20.208586879209697 -0.02330007156714914 20.331287505343088 10
10 0.5 20 20.208402316058606 -0.02343642985703471 20.33035769348422 11
10 0.5 22 20.21094751778858 -0.02354799573057833 20.329602326844924 12
10 0.5 24 20.208143260557076 -0.023640967291864337 20.32897654232596 13
10 0.525 10 20.219151820696247 -0.02115832447719573 20.32547741149321 6
10 0.525 12 20.209525656552344 -0.021548235704353418 20.322787005322063 7
10 0.525 14 20.209151218937443 -0.02182674372375171 20.320904446912795 8
10 0.525 16 20.208883433030792 -0.02203562473830159 20.319513931922092 9
10 0.525 18 20.208684460714867 -0.02219808774961658 20.318445043412098 10
10 0.525 20 20.208532156572048 -0.022328058158669575 20.317597838775725 11
10 0.525 22 20.20841275537772 -0.02243439758425704 20.31690986809287 12
10 0.525 24 20.20831728775417 -0.022523013772247705 20.316340112446014 13
10 0.55 10 20.2104684627042 -0.0202013128031975 20.364744894035116 6
10 0.55 12 20.21001902257308 -0.02057374799618376 20.312099589509224 7
10 0.55 14 20.209712547588186 -0.020839773134031604 20.31037510773461 8
10 0.55 16 20.20949252702462 -0.02103929198741783 20.30910227390794 9
10 0.55 18 20.209328424913366 -0.02119447331782786 20.308124373191813 10
10 0.55 20 20.209202352788513 -0.021318618382156932 20.307349609900836 11
10 0.55 22 20.209103173756517 -0.021420191616607413 20.30672067612848 12
10 0.55 24 20.209023616386812 -0.021504835978650882 20.306199956587083 13
10 0.575 10 20.211412330445924 -0.019326193017597366 20.305821512005842 6
10 0.575 12 20.21104402120239 -0.019682628310944663 20.30355266931535 7
10 0.575 14 20.210792081371228 -0.01993722494905131 20.30196804715477 8
10 0.575 16 20.210610595970966 -0.020128172427629615 20.300799121907065 9
10 0.575 18 20.21047476730199 -0.020276687133190762 20.299901443181227 10
10 0.575 20 20.212413087071837 -0.020395498897638566 20.299190479113626 11
10 0.575 22 20.210287423402743 -0.020492708523097584 20.29861349386569 12
10 0.575 24 20.21022092769343 -0.020573716544312674 20.298135892294567 13
10 0.6 10 20.212854249326163 -0.018522933143382495 20.298893948736886 6
10 0.6 12 20.212550894955402 -0.01886466680540319 20.344640216578497 7
10 0.6 14 20.212342834704454 -0.019108762278273208 20.295340994214943 8
10 0.6 16 20.21219251052408 -0.019291833882927756 20.294264158054407 9
10 0.6 18 20.212079654857448 -0.01943422290877115 20.293437493735638 10
10 0.6 20 20.21199238927699 -0.01954813412944365 20.292782956158014 11
10 0.6 22 20.211923305899226 -0.019641334219085513 20.292251883883704 12
10 0.6 24 20.211867555361163 -0.019719000960454574 20.291812368890785 13
10 0.625 10 20.214743810573733 -0.017783068613560077 20.293502792704672 6
10 0.625 12 20.214492661865293 -0.01811124828936689 20.291567688601514 7
10 0.625 14 20.21432002344147 -0.01834566234351478 20.290217792536346 8
10 0.625 16 20.214194969012663 -0.018521472884125093 20.289222874854886 9
10 0.625 18 20.214100826668048 -0.018658214415709754 20.28845932277696 10
10 0.625 20 20.214027827832332 -0.01876760764097904 20.287854896658246 11
10 0.625 22 20.213969878590614 -0.018857111188927553 20.287364575550733 12
10 0.625 24 20.21392298686555 -0.01893169747888274 20.286958849362403 13
10 0.65 10 20.217034769571562 -0.01709940886602637 20.28941900143367 6
10 0.65 12 20.216825760504108 -0.017415053837552392 20.287624761382016 7
10 0.65 14 20.21668182299433 -0.01764051453149976 20.286373693113156 8
10 0.65 16 20.216577327437413 -0.017809610051960353 20.285451913563737 9
10 0.65 18 20.216498472636633 -0.017941128790095077 20.284744665955678 10
10 0.65 20 20.21643717569011 -0.018046343780605517 20.28418491937269 11
10 0.65 22 20.216388394036514 -0.018132428772838896 20.283730914896204 12
10 0.65 24 20.216348822931522 -0.018204166266368133 20.283355288909515 13
10 0.675 10 20.21968517521146 -0.016465807223195534 20.286454525374293 6
10 0.675 12 20.219510337456615 -0.016769826733023137 20.324635890890306 7
10 0.675 14 20.219389749738156 -0.01698698352576075 20.28362431491905 8
10 0.675 16 20.219302040522347 -0.017149851120312053 20.28276806630619 9
10 0.675 18 20.21923571465424 -0.01727652591607414 20.28211123486969 10
10 0.675 20 20.219184043626637 -0.017377865752685715 20.281591475507753 11
10 0.675 22 20.21914283040865 -0.017460780164456374 20.28116996075395 12
10 0.675 24 20.219109323848244 -0.017529875507599317 20.28082125435334 13
10 0.7 10 20.31957640529704 -0.01587697873994062 20.31212197261457 2
10 0.7 12 20.222510285936554 -0.01617018717979437 20.282899977913942 7
10 0.7 14 20.222408776364553 -0.016379621779691298 20.281817267637702 8
10 0.7 16 20.22233482603317 -0.01653669772961231 20.28101993476437 9
10 0.7 18 20.222278803797007 -0.016658867912886104 20.280408406046174 10
10 0.7 20 20.222235075772016 -0.016756604059503483 20.27992456330301 11
10 0.7 22 20.222200128637684 -0.016836569997645066 20.279532221149346 12
10 0.7 24 20.222171659340813 -0.016903208279429937 20.279207679257404 13
10 0.725 10 20.31636610184591 -0.01532835478415911 20.30929077896566 2
10 0.725 12 20.22579312305761 -0.015611484366353316 20.281836477295037 7
10 0.725 14 20.22570727095523 -0.015813719782205173 20.280825729555808 8
10 0.725 16 20.225644643607552 -0.015965396344095655 20.280081538415708 9
10 0.725 18 20.225597125928893 -0.01608336700334287 20.279510854227933 10
10 0.725 20 20.225559973981966 -0.016177743530741355 20.279059382205777 11
10 0.725 22 20.22553023041683 -0.01625496068951868 20.278693325098075 12
10 0.725 24 20.225505956797956 -0.016319308321836427 20.278390550766268 13
10 0.75 10 20.229435210349703 -0.0148159660152722 20.3140269313692 6
10 0.75 12 20.314773938169605 -0.015089677408631269 20.310237601477326 2
10 0.75 14 20.231009101060486 -0.015285185546746132 20.28054347737377 8
10 0.75 16 20.22920355713189 -0.01543181665032977 20.279847369599104 9
10 0.75 18 20.229163085731663 -0.015545863064229733 20.279313627991478 10
10 0.75 20 20.229131397071463 -0.01563710019535084 20.278891425463264 11
10 0.75 22 20.229105988469573 -0.015711748757173908 20.278549129425734 12
10 0.75 24 20.229085219776987 -0.015773955892029026 20.278266028505207 13
10 0.775 10 20.233184217252745 -0.014336347513163625 20.283040563676256 6
10 0.775 12 20.233094288284764 -0.014601238821387521 20.281767462138713 7
10 0.775 14 20.233032035331227 -0.014790446898689214 20.28088100543455 8
10 0.775 16 20.232986530246997 -0.014932352956665503 20.280228533620893 9
10 0.775 18 20.314012670267918 -0.015042724335091386 20.31218516015854 2
10 0.775 20 20.23292478600886 -0.015131021437833467 20.279332650824276 11
10 0.775 22 20.232903000661715 -0.015203264521894811 20.27901190096157 12
10 0.775 24 20.232885168770242 -0.015263467091945898 20.278746636492134 13
10 0.8 10 20.311577662726847 -0.013886461328704303 20.305534095655442 2
10 0.8 12 20.23706358159436 -0.014143075710170915 20.312253315665505 7
10 0.8 14 20.237010222790577 -0.014326371696934178 20.281762470350877 8
10 0.8 16 20.23697118911962 -0.01446384368700445 20.281149710581854 9
10 0.8 18 20.236941472417037 -0.014570766345949001 20.280679975872836 10
10 0.8 20 20.236918150487526 -0.014656304473107081 20.2803084673104 11
10 0.8 22 20.2368994037754 -0.014726290213505328 20.28000731261282 12
10 0.8 24 20.236884040359705 -0.014784611663840064 20.2797582670552 13
10 0.825 10 20.241283403649838 -0.013463632843677376 20.311305741764134 6
10 0.825 12 20.24121711883441 -0.01371246501094731 20.283906724029457 7
10 0.825 14 20.241171192726483 -0.013890202273281674 20.312319954004707 8
10 0.825 16 20.24218739904173 -0.014023505220031077 20.282546745243334 9
10 0.825 18 20.241111961065858 -0.014127185289726844 20.28210482869075 10
10 0.825 20 20.24109184052546 -0.01421012934548321 20.28175534545466 11
10 0.825 22 20.24107565091999 -0.014277992663830303 20.281472061160642 12
10 0.825 24 20.24106236897929 -0.014334545429119409 20.2812378049824 13
10 0.85 10 20.245593918025705 -0.013065498157210118 20.311578097148498 6
10 0.85 12 20.245536654537677 -0.013306999947309673 20.312189548153036 5
10 0.85 14 20.245496967134514 -0.01347950122595068 20.312543099034418 7
10 0.85 16 20.245467901013168 -0.013608877184934991 20.312765696353296 8
10 0.85 18 20.245445740043554 -0.01370950293080777 20.28394824884006 10
10 0.85 20 20.24542831825895 -0.013790003527509179 20.283618908004577 11
10 0.85 22 20.245414287996987 -0.013855867652080639 20.283351964118225 12
10 0.85 24 20.24540276689863 -0.013910754422559147 20.283131229546974 13
10 0.875 10 20.250055639046842 -0.012689960337327902 20.28876848454097 6
10 0.875 12 20.312919311106707 -0.012924545507151499 20.309407045039254 2
10 0.875 14 20.249971546328332 -0.013092106342739938 20.287069374394616 8
10 0.875 16 20.24994632102364 -0.01321777696942986 20.286556410411123 8
10 0.875 18 20.24992707750907 -0.01331552079018759 20.286163268578807 10
10 0.875 20 20.24991193913439 -0.013393715846797577 20.28585239390461 11
10 0.875 22 20.2498997386541 -0.013457693620383182 20.285600428753693 12
10 0.875 24 20.249889712021346 -0.013511008431707919 20.285392087750502 13
10 0.9 10 20.25465389960885 -0.012335152846245305 20.291172793393883 6
10 0.9 12 20.25461066413375 -0.012563201218372412 20.314087280395825 7
10 0.9 14 20.254580687396164 -0.01272609291274976 20.314407848419705 8
10 0.9 16 20.25455871613167 -0.012848261683531842 20.314609676479645 6
10 0.9 18 20.25454194702897 -0.012943281838585115 20.31474488723321 10
10 0.9 20 20.25452874767557 -0.013019297962627158 20.28841541451898 11
10 0.9 22 20.254518103066733 -0.013081492973207313 20.288177212451103 12
10 0.9 24 20.25450934896491 -0.013133322148691721 20.287980258145208 13
10 0.925 10 20.31512083791528 -0.01199940880625643 20.3104289081645 2
10 0.925 12 20.259337896576902 -0.01222126986761263 20.315649198499255 7
10 0.925 14 20.31595472678952 -0.01237974205430128 20.313657632539243 2
10 0.925 16 20.25929249976961 -0.012498596194313174 20.291903166276544 9
10 0.925 18 20.259277837185305 -0.012591038303212414 20.291551216958222 10
10 0.925 20 20.25926629030983 -0.012664991990333696 20.291272940299656 11
10 0.925 22 20.25968002033848 -0.012725499552522753 20.291047412790633 12
10 0.925 24 20.259608815640064 -0.012775922521010808 20.29086094376799 13
10 0.95 10 20.317062198529197 -0.011681235048362704 20.31259181428644 2
10 0.95 12 20.26417624797722 -0.011897231085834632 20.29601958979529 7
10 0.95 14 20.31785750050332 -0.012051513969746458 20.315667839113452 2
10 0.95 16 20.264136442359195 -0.012167226132678812 20.294992040960057 9
10 0.95 18 20.264123579662073 -0.012257224481624857 20.294658322403027 10
10 0.95 20 20.264113446018225 -0.012329223160781045 20.294394470407823 11
10 0.95 22 20.264105265337317 -0.01238813117100369 20.294180640002086 12
10 0.95 24 20.264098529952552 -0.012437221179522595 20.294003846951004 13
10 0.975 10 20.319322701291533 -0.011379290098844358 20.315059894954448 2
10 0.975 12 20.31980363576057 -0.011589718941291164 20.31690992424728 2
10 0.975 14 20.26909533052671 -0.011740025257331813 20.298734229434086 8
10 0.975 16 20.269080514698665 -0.011852754994357935 20.29832071677997 9
10 0.975 18 20.269069195370957 -0.011940433678712413 20.298003860157646 10
10 0.975 20 20.269060274505005 -0.012010576626192569 20.29775334852563 11
10 0.975 22 20.269053069932287 -0.012067966310499799 20.29755033512602 12
10 0.975 24 20.26904713551033 -0.012115791047421706 20.29738248944873 13
