0 20 2.5 0.7226251467003773 -0.11466785618765962 0.8555216877515046 5
0 20 2.0 0.6499360737153648 -0.15470021202129197 0.8673390085066318 6
0 20 1.6666666666666667 0.6147579740636382 -0.1863072012436147 0.9266951654477855 7
0 20 1.4285714285714286 0.5970203971823691 -0.2102785799744411 0.9503885318897735 7
0 20 1.25 0.5879240759736698 -0.22840931661872807 1.0860390238849158 9
0 20 1.1111111111111112 0.5832894472929552 -0.24228944792364812 1.1105026140893361 9
0 20 1.0 0.5810140761304536 -0.25309608085606433 1.125207349667702 9
0 20 0.9090909090909091 0.5800010148745899 -0.26165800287708696 1.1344905839250574 8
0 20 0.8333333333333334 0.5796640903037886 -0.2685542670466084 1.140798479510304 8
0 25 3.125 0.9468592501448547 -0.0813260277972269 0.9337870350767004 2
0 25 2.5 0.7215201387339755 -0.1175141797878364 0.8501383388598338 6
0 25 2.0833333333333335 0.6584799346461692 -0.15012945427972743 0.8533243469791056 7
0 25 1.7857142857142858 0.6230771523224334 -0.17728689509909248 0.8917034600119651 8
0 25 1.5625 0.6025580735625943 -0.19913043507092018 0.9492955233028814 9
0 25 1.3888888888888888 0.5904267657776189 -0.2165368914640933 0.9731125149827861 9
0 25 1.25 0.5831838876353745 -0.2304524279684781 1.0832634718810086 11
0 25 1.1363636363636365 0.5788568376538901 -0.2416759658693322 1.102311831951459 11
0 25 1.0416666666666667 0.5762967183844097 -0.2508280818380072 1.1144762167006588 11
0.125 20 2.5 0.9523999336148168 -0.08898432792305179 1.0990742591411675 5
0.125 20 2.0 0.8715449922343157 -0.12089219737236276 1.0392150936929812 6
0.125 20 1.6666666666666667 0.831790664914507 -0.1482133431083127 1.0768134145347088 7
0.125 20 1.4285714285714286 0.8120104720457912 -0.17063669268246326 1.1430787529376945 8
0.125 20 1.25 0.8022613428143288 -0.18881298590000056 1.2254107328273416 9
0.125 20 1.1111111111111112 0.7976506415027614 -0.20358003865336027 1.264376670745195 9
0.125 20 1.0 0.795691590051212 -0.21568161850595025 1.3629083595171183 10
0.125 20 0.9090909090909091 0.7950946174980904 -0.22570818010091084 1.3988257452780082 10
0.125 20 0.8333333333333334 0.795183240914074 -0.2341104829922962 1.4161279613383013 10
0.125 25 3.125 1.0768797319791963 -0.06397806399980502 1.134938834036602 5
0.125 25 2.5 0.9518269212092754 -0.09131279399422727 1.0505787406686993 6
0.125 25 2.0833333333333335 0.8823381172715755 -0.11717610390866616 1.0318742048004148 7
0.125 25 1.7857142857142858 0.8427784902196439 -0.1401553095419017 1.0514209137779247 8
0.125 25 1.5625 0.8199658739725063 -0.1598953209957582 1.0942072377577368 9
0.125 25 1.3888888888888888 0.806767295176543 -0.17660682589998003 1.1515335748953728 10
0.125 25 1.25 0.7991859733944573 -0.19070608427185817 1.21816205702868 11
0.125 25 1.1363636363636365 0.7949224686718276 -0.2026326660262492 1.290793450405861 12
0.125 25 1.0416666666666667 0.7926291226448496 -0.2127785143454262 1.3592562607432404 13
0.25 20 2.5 1.1885440316750426 -0.0721162656702977 1.309553184538884 3
0.25 20 2.0 1.1009648206675875 -0.09800792370284102 1.2353006303932386 6
0.25 20 1.6666666666666667 1.0566167280264878 -0.12133500824928713 1.2541672555626293 7
0.25 20 1.4285714285714286 1.0343564935973633 -0.1415527263580574 1.3048189290728787 8
0.25 20 1.25 1.0235801285116213 -0.15878651434421417 1.3749373872778223 9
0.25 20 1.1111111111111112 1.0187767624744857 -0.1734171401280064 1.4573357310882098 10
0.25 20 1.0 1.0170428024005536 -0.18586911997178773 1.547495091855351 11
0.25 20 0.9090909090909091 1.0168461588463347 -0.1965273712117668 1.5944131054268824 11
0.25 20 0.8333333333333334 1.0173828883080338 -0.20571456477475492 1.643687543133575 12
0.25 25 3.125 1.390621039908865 -0.05251252340483442 1.3810148499800352 2
0.25 25 2.5 1.188212746713047 -0.0740586454112939 1.2676487326175465 6
0.25 25 2.0833333333333335 1.1134033225099955 -0.09497697432711118 1.2329940211846706 7
0.25 25 1.7857142857142858 1.069797103728921 -0.11431898231205152 1.2371086150705402 8
0.25 25 1.5625 1.0443525497241695 -0.13168577257864283 1.2661304626627143 9
0.25 25 1.3888888888888888 1.0296766522292402 -0.1470339494400618 1.3117666897384244 10
0.25 25 1.25 1.0214271053699309 -0.16050346308594007 1.368781050852188 11
0.25 25 1.1363636363636365 1.0170075483566139 -0.17230591936621045 1.4337313202002928 12
0.25 25 1.0416666666666667 1.0148544095717167 -0.18266467183016719 1.5042611914471071 13
0.5 20 2.5 1.759686887061116 -0.05181102069668714 1.747952836385938 2
0.5 20 2.0 1.574139858562629 -0.07001834272163601 1.6686075859901561 6
0.5 20 1.6666666666666667 1.5217984650079528 -0.0873144556092612 1.66058312274713 7
0.5 20 1.4285714285714286 1.4940629232214448 -0.10329042753564396 1.6857165616757468 8
0.5 20 1.25 1.4801750858542297 -0.11780814008288325 1.7329525825344605 9
0.5 20 1.1111111111111112 1.4740152294682531 -0.13088698595157447 1.7955811810325508 10
0.5 20 1.0 1.4720423722240517 -0.14262588646283775 1.8692268986457865 11
0.5 20 0.9090909090909091 1.4722282768299222 -0.15315571358542426 1.9508677379388055 12
0.5 20 0.8333333333333334 1.4734402524203403 -0.1626131463623149 2.0382198591775342 13
0.5 25 3.125 1.8090612162181399 -0.03847644572780501 1.8620233304068576 5
0.5 25 2.5 1.6711443128935122 -0.05324592238888457 1.7277145044793352 6
0.5 25 2.0833333333333335 1.5887919041903114 -0.06790417902634958 1.672858402483406 7
0.5 25 1.7857142857142858 1.5384679288222023 -0.08201888871986715 1.6556333117556428 8
0.5 25 1.5625 1.5077805160844502 -0.09533884480520748 1.6636268283749762 9
0.5 25 1.3888888888888888 1.4894624940955932 -0.10774315710151007 1.6894689522493003 10
0.5 25 1.25 1.4789814892160362 -0.11919869411420803 1.728412068137235 11
0.5 25 1.1363636363636365 1.4734251713851905 -0.12972676686416737 1.777217366146097 12
0.5 25 1.0416666666666667 1.4709062867804317 -0.13937921837081715 1.8335795417969931 13
5 20 2.5 10.646795475104934 -0.008227390851017254 10.644722511044849 2
5 20 2.0 10.534857850240657 -0.010697472868662048 10.53282334270496 2
5 20 1.6666666666666667 10.467476838296534 -0.013169304526688285 10.465489553978008 2
5 20 1.4285714285714286 10.380372632974971 -0.015639026006650947 10.426736126420048 8
5 20 1.25 10.342704519594477 -0.018104145871268316 10.377512370711576 9
5 20 1.1111111111111112 10.315706150188959 -0.020562815207981786 10.359756053503212 10
5 20 1.0 10.296305325563381 -0.023013528311339 10.39193569582954 7
5 20 0.9090909090909091 10.282497067199602 -0.02545498435881474 10.348958150751427 12
5 20 0.8333333333333334 10.27289642866219 -0.02788601794218486 10.352726779036697 13
5 25 3.125 10.795009502307144 -0.006488877402232853 10.793697406142712 2
5 25 2.5 10.647084051098169 -0.00846226939362472 10.645787838438538 2
5 25 2.0833333333333335 10.553120325288964 -0.010440162163373163 10.55184472880664 2
5 25 1.7857142857142858 10.490777564850598 -0.01241911387405229 10.489523959337008 2
5 25 1.5625 10.410052754300779 -0.014397075495816612 10.431988782881836 9
5 25 1.3888888888888888 10.421150524879495 -0.016372647583603864 10.41994535203487 2
5 25 1.25 10.342680491488661 -0.01834477007403256 10.403860373188841 7
5 25 1.1363636363636365 10.32094967433421 -0.020312577123989976 10.361782785403891 12
5 25 1.0416666666666667 10.303252628759207 -0.022275323127751195 10.352702738279692 13
10 20 2.5 28.12849860824119 -0.004241342076913951 20.636243490422842 2
10 20 2.0 20.517898399282398 -0.005485539882611421 20.516846836045044 2
10 20 1.6666666666666667 20.42543807883518 -0.006730601557884407 20.435541435363863 7
10 20 1.4285714285714286 20.369449254295855 -0.007975752938960015 20.382640522887712 8
10 20 1.25 20.35915413795225 -0.009220533179301516 20.358165839463407 2
10 20 1.1111111111111112 20.29740045754507 -0.0104646235391851 20.336888224243232 5
10 20 1.0 20.27409788096222 -0.011707777698041082 20.322954947197868 8
10 20 0.9090909090909091 20.256227995559183 -0.01294978970867902 20.28918866046367 12
10 20 0.8333333333333334 20.2424919635218 -0.014190477860617078 20.281825395819467 13
10 25 3.125 30.158382746689792 -0.003367879273439872 20.788394154021876 2
10 25 2.5 20.6363930413038 -0.0043624972562633976 20.635721957430427 2
10 25 2.0833333333333335 20.537424602711496 -0.005358341541097842 20.53676507955713 2
10 25 1.7857142857142858 20.46916435091325 -0.00635468900328451 20.468515440447945 2
10 25 1.5625 20.42044600304814 -0.007351136305629884 20.419806952575918 2
10 25 1.3888888888888888 20.385061263678796 -0.008347425424626022 20.38443170814926 2
10 25 1.25 20.359279537233785 -0.009343372272082706 20.358659479643634 2
10 25 1.1363636363636365 20.30285868375085 -0.010338833724611883 20.32363879904684 12
10 25 1.0416666666666667 20.28266485089976 -0.011333690944019004 20.307376771554196 13
