0.05 0.1 1.0 10 -0.4305738948810173 -0.45412 -0.023546
0.05 0.1 1.0 12 -0.44835635365172005 -0.463641 -0.0152851
0.05 0.1 1.0 14 -0.46033239480976756 -0.470208 -0.00987568
0.05 0.1 1.0 16 -0.4676533483470726 -0.474133 -0.00648011
0.05 0.1 1.0 18 -0.4727593704237239 -0.476997 -0.0042376
0.05 0.1 1.0 20 -0.47606552991741846 -0.478899 -0.00283311
0.05 0.1 1.0 22 -0.4784986658170746 -0.48036 -0.00186091
0.05 0.1 1.0 24 -0.48023118478187515 -0.48144 -0.00120905
0.05 0.1 1.05 10 -0.38631169206358534 -0.405702 -0.0193908
0.05 0.1 1.05 12 -0.4013706421893808 -0.413772 -0.0124017
0.05 0.1 1.05 14 -0.4115230053598417 -0.419303 -0.00777969
0.05 0.1 1.05 16 -0.4175825073990347 -0.422585 -0.00500268
0.05 0.1 1.05 18 -0.4217914260638705 -0.42497 -0.00317863
0.05 0.1 1.05 20 -0.42451954680331516 -0.426561 -0.00204193
0.05 0.1 1.05 22 -0.426519278644565 -0.427793 -0.00127394
0.05 0.1 1.05 24 -0.42797799838208866 -0.428712 -0.000734199
0.05 0.1 1.1 10 -0.34790132141784513 -0.363876 -0.0159748
0.05 0.1 1.1 12 -0.36074010244309046 -0.370742 -0.010002
0.05 0.1 1.1 14 -0.36930326988265777 -0.375421 -0.0061182
0.05 0.1 1.1 16 -0.37433254667070875 -0.378176 -0.00384304
0.05 0.1 1.1 18 -0.37783232481743284 -0.380182 -0.00234984
0.05 0.1 1.1 20 -0.38011256266851917 -0.381527 -0.00141435
0.05 0.1 1.1 22 -0.3818132685999038 -0.382574 -0.000760259
0.05 0.1 1.1 24 -0.383061645481865 -0.383364 -0.000302367
0.05 0.1 1.15 10 -0.31430344779090075 -0.327534 -0.0132308
0.05 0.1 1.15 12 -0.3253407041943276 -0.333387 -0.00804627
0.05 0.1 1.15 14 -0.332574712332463 -0.337368 -0.0047931
0.05 0.1 1.15 16 -0.33680740157483335 -0.339698 -0.00289037
0.05 0.1 1.15 18 -0.33974426876446484 -0.341396 -0.00165178
0.05 0.1 1.15 20 -0.34167487466158847 -0.342545 -0.00086979
0.05 0.1 1.15 22 -0.3431278317940076 -0.343443 -0.00031523
0.05 0.1 1.15 24 -0.34421205570904095 -0.34413 8.21575e-05
0.05 0.1 1.2 10 -0.2848958802385349 -0.295794 -0.0108984
0.05 0.1 1.2 12 -0.2943362255054081 -0.300799 -0.00646289
0.05 0.1 1.2 14 -0.300500562337131 -0.304198 -0.00369777
0.05 0.1 1.2 16 -0.30407738419190083 -0.306181 -0.00210352
0.05 0.1 1.2 18 -0.3065660082916539 -0.307627 -0.0010605
0.05 0.1 1.2 20 -0.30822152041084927 -0.308616 -0.000394888
0.05 0.1 1.2 22 -0.30947945294494805 -0.309395 8.45948e-05
0.05 0.1 1.2 24 -0.31043335623232143 -0.309997 0.000436459
0.05 0.1 1.25 10 -0.25896850260375914 -0.267929 -0.00896016
0.05 0.1 1.25 12 -0.2670926293307335 -0.272234 -0.00514149
0.05 0.1 1.25 14 -0.2723559827641731 -0.275143 -0.00278749
0.05 0.1 1.25 16 -0.27540278221292414 -0.276842 -0.00143903
0.05 0.1 1.25 18 -0.2775326900337938 -0.278086 -0.000553639
0.05 0.1 1.25 20 -0.27897093169961307 -0.278947 2.43154e-05
0.05 0.1 1.25 22 -0.2800463118802368 -0.279627 0.000419634
0.05 0.1 1.25 24 -0.2808944137372611 -0.280158 0.000736123
0.05 0.1 1.3 10 -0.23604315744780763 -0.243371 -0.00732817
0.05 0.1 1.3 12 -0.24304807619025728 -0.247081 -0.00403262
0.05 0.1 1.3 14 -0.24754112920832524 -0.249586 -0.00204454
0.05 0.1 1.3 16 -0.2501596832394347 -0.25105 -0.000890092
0.05 0.1 1.3 18 -0.25200121009537907 -0.252127 -0.000125645
0.05 0.1 1.3 20 -0.2532626384538467 -0.25288 0.000382243
0.05 0.1 1.3 22 -0.25423936084399784 -0.253479 0.000760475
0.05 0.1 1.3 24 -0.25500139452347054 -0.253951 0.00105012
0.05 0.1 1.35 10 -0.21566547955274626 -0.221637 -0.00597114
0.05 0.1 1.35 12 -0.22172902122338958 -0.224847 -0.00311755
0.05 0.1 1.35 14 -0.22562768723075927 -0.22701 -0.00138277
0.05 0.1 1.35 16 -0.22789709418134296 -0.228281 -0.0003836
0.05 0.1 1.35 18 -0.22950388198227106 -0.229219 0.000284865
0.05 0.1 1.35 20 -0.2306225122960031 -0.229883 0.000739102
0.05 0.1 1.35 22 -0.23149606919182963 -0.230414 0.00108256
0.05 0.1 1.35 24 -0.23218572741972607 -0.230835 0.00135023
0.05 0.1 1.4 10 -0.1975364079370042 -0.202332 -0.00479579
0.05 0.1 1.4 12 -0.20280575083469657 -0.205118 -0.00231175
0.05 0.1 1.4 14 -0.20618889597787718 -0.206995 -0.000805832
0.05 0.1 1.4 16 -0.20817243170351563 -0.208104 6.88697e-05
0.05 0.1 1.4 18 -0.20958818471536753 -0.208926 0.000662
0.05 0.1 1.4 20 -0.21058927150240714 -0.209516 0.00107365
0.05 0.1 1.4 22 -0.21137702732772345 -0.209988 0.00138927
0.05 0.1 1.4 24 -0.2120052707754955 -0.210366 0.00163888
0.05 0.1 1.45 10 -0.18133867478393348 -0.185125 -0.00378644
0.05 0.1 1.45 12 -0.1859348615792206 -0.187551 -0.00161588
0.05 0.1 1.45 14 -0.18888838566017727 -0.189187 -0.000298955
0.05 0.1 1.45 16 -0.19063657879554097 -0.190161 0.000475266
0.05 0.1 1.45 18 -0.1918945099802705 -0.190887 0.00100757
0.05 0.1 1.45 20 -0.19279760379674019 -0.191413 0.0013849
0.05 0.1 1.45 22 -0.1935130130990932 -0.191835 0.00167775
0.05 0.1 1.45 24 -0.19408842382598931 -0.192176 0.00191216
0.05 0.1 1.5 10 -0.16682434777861363 -0.169739 -0.0029149
0.05 0.1 1.5 12 -0.17085800320757016 -0.171861 -0.00100291
0.05 0.1 1.5 14 -0.17345177557171226 -0.173292 0.000159366
0.05 0.1 1.5 16 -0.17500483185833104 -0.174152 0.000852895
0.05 0.1 1.5 18 -0.1761314867483959 -0.174795 0.00133646
0.05 0.1 1.5 20 -0.17695188067634487 -0.175266 0.00168589
0.05 0.1 1.5 22 -0.17760551432403368 -0.175646 0.00195988
0.05 0.1 1.5 24 -0.17813494122789017 -0.175954 0.00218128
