10 25 0 0.25 -6.8433319369392215e-06 -0.15779969012960787 0.15779284679767094
12 25 0 0.25 -2.252622430934381e-06 -0.16404077759796604 0.16403852497553512
14 25 0 0.25 2.3513747191249157e-05 -0.16448699591348925 0.1645105096606805
16 25 0 0.25 -1.4443586938617223e-06 -0.1618187231241065 0.16181727876541263
18 25 0 0.25 4.019681787326573e-06 -0.15765798677543313 0.15766200645722045
20 25 0 0.25 -4.624440806916471e-06 -0.15284833477813253 0.1528437103373256
0.4 0.475 1.0 10 -3.2613816873491928 -1.8950820497724243 0.13662996375767683
0.4 0.475 1.0 12 -3.8473047865378334 -2.0569841930053454 0.149193382794374
0.4 0.475 1.0 14 -4.443006739122694 -2.241961145572321 0.15721754239645522
0.4 0.475 1.0 16 -5.055474669339558 -2.4568991003630645 0.16241097306103086
0.4 0.475 1.0 18 -5.676738213185592 -2.6870679402163393 0.16609279294273627
0.4 0.475 1.0 20 -6.309459522705232 -2.9355544137948737 0.16869525544551794
0.4 0.475 1.0 22 -6.947390020844466 -3.192306652622757 0.17068560764644133
0.4 0.475 1.0 24 -7.591434207988435 -3.458470204796108 0.172206833466347
0.4 0.475 1.05 10 -2.8284939898810286 -1.4200337132096315 0.14084602766713972
0.4 0.475 1.05 12 -3.3445184394258742 -1.5168009764270798 0.15230978858323288
0.4 0.475 1.05 14 -3.8696023945780005 -1.6346301050380418 0.15964087782428277
0.4 0.475 1.05 16 -4.40929694945862 -1.7789996495516265 0.16439358124418707
0.4 0.475 1.05 18 -4.956846634768485 -1.9371472271709496 0.1677610781998631
0.4 0.475 1.05 20 -5.5139152558855535 -2.1109029359936997 0.1701506159945927
0.4 0.475 1.05 22 -6.075219189998465 -2.291549504535896 0.17198498570284404
0.4 0.475 1.05 24 -6.6411918879021075 -2.4796003145620973 0.17339964888916706
0.4 0.475 1.1 10 -2.46559673702208 -1.0196679052895552 0.14459288317325247
0.4 0.475 1.1 12 -2.9222044387461636 -1.0609439102863947 0.15510504403831407
0.4 0.475 1.1 14 -3.3871776991814215 -1.1214918645449894 0.1618347024740309
0.4 0.475 1.1 16 -3.864891674266059 -1.205622308432485 0.1662043353645984
0.4 0.475 1.1 18 -4.3497800701578395 -1.3025212937410617 0.16929215424537655
0.4 0.475 1.1 20 -4.841526162967481 -1.4110361865635084 0.17152449882019866
0.4 0.475 1.1 22 -5.337443153628805 -1.5264943636700024 0.1732249449981274
0.4 0.475 1.1 24 -5.836505492048396 -1.6471091405560923 0.1745581813121793
0.4 0.475 1.15 10 -2.1593903783577977 -0.6799054114909376 0.14794849668668603
0.4 0.475 1.15 12 -2.5651393891078147 -0.6735435282055151 0.15763298840852497
0.4 0.475 1.15 14 -2.978469928857521 -0.6846500244853673 0.1638442788837253
0.4 0.475 1.15 16 -3.4031542671351787 -0.7171833933666182 0.16787317961053502
0.4 0.475 1.15 18 -3.8335237456501683 -0.760124315719053 0.17074441277395086
0.4 0.475 1.15 20 -4.269690703011776 -0.8131714326995558 0.172825963515611
0.4 0.475 1.15 22 -4.708932230627843 -0.8715080293506098 0.17442837278532877
0.4 0.475 1.15 24 -5.150718238146414 -0.9341527530747076 0.17569022854465444
0.4 0.475 1.2 10 -1.8994356731666076 -0.3896553294486316 0.1509780343717976
0.4 0.475 1.2 12 -2.2612905347750747 -0.34195534963717533 0.1599445987614916
0.4 0.475 1.2 14 -2.6300088155350836 -0.31014060537415633 0.16570487215435195
0.4 0.475 1.2 16 -3.0085721722395107 -0.2973658812618624 0.16945039318610303
0.4 0.475 1.2 18 -3.391965224826097 -0.29366096028843647 0.1721280146965367
0.4 0.475 1.2 20 -3.780014256731601 -0.2983336103892782 0.17408403231711614
0.4 0.475 1.2 22 -4.170354480743996 -0.30708349927818424 0.1756032264302642
0.4 0.475 1.2 24 -4.562627796246476 -0.3192209877081489 0.1768086170224303
0.4 0.475 1.25 10 -1.6774799250082566 -0.14012769375630305 0.15373522312519536
0.4 0.475 1.25 12 -2.001332792763202 -0.056503349233189226 0.16206912029416773
0.4 0.475 1.25 14 -2.3315154736004047 0.01241268935576198 0.16742344021115477
0.4 0.475 1.25 16 -2.6698829401967856 0.065030967472411 0.17093211922932477
0.4 0.475 1.25 18 -3.012269470572034 0.1098753036031739 0.1734524874541782
0.4 0.475 1.25 20 -3.358570368257422 0.1474451620014734 0.1753007765129448
0.4 0.475 1.25 22 -3.7064718269179187 0.182062033713459 0.17675153911960806
0.4 0.475 1.25 24 -4.0556924069790385 0.21427983573945655 0.17791551011327064
0.4 0.475 1.3 10 -1.4870489321673794 0.07548981813327618 0.15625387503006555
0.4 0.475 1.3 12 -1.7777239853204143 0.1907292154702489 0.16403776673255527
0.4 0.475 1.3 14 -2.074095165163522 0.2925591957746867 0.1690467400670149
0.4 0.475 1.3 16 -2.3775137477170176 0.3799506794673398 0.17234152669902233
0.4 0.475 1.3 18 -2.6841695014986344 0.46087686065010125 0.17472479789715198
0.4 0.475 1.3 20 -2.9937971469066715 0.5360760889866213 0.17649366179466464
0.4 0.475 1.3 22 -3.304698569348657 0.608840821813586 0.1778881541437383
0.4 0.475 1.3 24 -3.616589648839382 0.6797384129336419 0.17901366924054266
0.4 0.475 1.35 10 -1.322823246563125 0.2629117917969552 0.15857350383600805
0.4 0.475 1.35 12 -1.5845416130350856 0.4058371506692442 0.1658648969753608
0.4 0.475 1.35 14 -1.851228267558497 0.5368260320346758 0.17057530711379806
0.4 0.475 1.35 16 -2.123816804672657 0.6553275176928863 0.17369652014784648
0.4 0.475 1.35 18 -2.399133784496619 0.768202920941237 0.17596315030210313
0.4 0.475 1.35 20 -2.67672907861197 0.876523302682117 0.17766261906470435
0.4 0.475 1.35 22 -2.9552769838974378 0.9829539271702719 0.17901049595762317
0.4 0.475 1.35 24 -3.2345329691748623 1.0879966702441126 0.18010540164245728
0.4 0.475 1.4 10 -1.1805361556368652 0.42670168861259583 0.16072378442494611
0.4 0.475 1.4 12 -1.41670880318933 0.5943303622709593 0.16758659712169077
0.4 0.475 1.4 14 -1.6572687836420297 0.7511969665586231 0.1720332678714752
0.4 0.475 1.4 16 -1.9028077991160501 0.8971787436183327 0.17499915892089893
0.4 0.475 1.4 18 -2.150522643293265 1.0385132021479526 0.17716865808006765
0.4 0.475 1.4 20 -2.3999762929476307 1.1762371086858872 0.1788106700816759
0.4 0.475 1.4 22 -2.650137287595058 1.3125030561173878 0.18012001562329297
0.4 0.475 1.4 24 -2.900782711388273 1.4477812344425836 0.18119016440961902
0.4 0.475 1.45 10 -1.0568424302744301 0.5702902589072105 0.16271326891816407
0.4 0.475 1.45 12 -1.270441456868472 0.7599792974864722 0.16920172952957868
0.4 0.475 1.45 14 -1.487872497909532 0.9400331487276188 0.17342183190265364
0.4 0.475 1.45 16 -1.7094843783931566 1.1106274968825742 0.17625699220473318
0.4 0.475 1.45 18 -1.9328173923306926 1.2774083763212498 0.17834587603621901
0.4 0.475 1.45 20 -2.1574814951963943 1.4413163892284258 0.179939894221241
0.4 0.475 1.45 22 -2.382657513085201 1.6041267721466346 0.181217467510538
0.4 0.475 1.45 24 -2.6081712663248937 1.7662203644888126 0.1822663179505711
0.4 0.475 1.5 10 -0.9487639567222601 0.6970178920006934 0.16457818487229536
0.4 0.475 1.5 12 -1.1423763974331749 0.9064193871180399 0.17073298204593457
0.4 0.475 1.5 14 -1.3393425580417215 1.1071691176976506 0.17475083398138372
0.4 0.475 1.5 16 -1.5397031567148645 1.299951439203792 0.17747841224491603
0.4 0.475 1.5 18 -1.741434518438511 1.4895800351299178 0.17950080853157935
0.4 0.475 1.5 20 -1.9442013144776642 1.6768847861136316 0.1810543050295648
0.4 0.475 1.5 22 -2.147342244644449 1.863354843118297 0.18230441308012482
0.4 0.475 1.5 24 -2.3507361934194 2.0492663230383625 0.1833334381857401
