10 25 0 0.25 -6.8433319369392215e-06 -0.15779969012960787 0.15779284679767094
12 25 0 0.25 -2.252622430934381e-06 -0.16404077759796604 0.16403852497553512
14 25 0 0.25 2.3513747191249157e-05 -0.16448699591348925 0.1645105096606805
16 25 0 0.25 -1.4443586938617223e-06 -0.1618187231241065 0.16181727876541263
18 25 0 0.25 4.019681787326573e-06 -0.15765798677543313 0.15766200645722045
20 25 0 0.25 -4.624440806916471e-06 -0.15284833477813253 0.1528437103373256
0.3 0.4 1.0 10 -3.4276296294193145 -2.543215015951397 0.08844146134679173
0.3 0.4 1.0 12 -4.132062268841324 -2.993282490025198 0.09489831490134382
0.3 0.4 1.0 14 -4.8387259396796285 -3.447838069655191 0.09934913357317411
0.3 0.4 1.0 16 -5.554718028975572 -3.9168743015383507 0.10236523296482636
0.3 0.4 1.0 18 -6.272629746207078 -4.388987418753333 0.1046467959696525
0.3 0.4 1.0 20 -6.994940264221897 -4.867703981905128 0.10636181411583845
0.3 0.4 1.0 22 -7.718388351169722 -5.348144448269002 0.10773835922276
0.3 0.4 1.0 24 -8.443775572837117 -5.831451773500479 0.10884682497235991
0.3 0.4 1.05 10 -2.9997735476583554 -2.0922969826036253 0.090747656505473
0.3 0.4 1.05 12 -3.6204120201798986 -2.459140792975024 0.09677260226707289
0.3 0.4 1.05 14 -4.243099327475633 -2.8300845494668176 0.10092962700062968
0.3 0.4 1.05 16 -4.873505284011941 -3.2133354151672116 0.10376061680279558
0.3 0.4 1.05 18 -5.505492386289729 -3.5991795080346827 0.10590627101416926
0.3 0.4 1.05 20 -6.141003312765378 -3.990463242144734 0.10752700353103217
0.3 0.4 1.05 22 -6.77735638571113 -4.383059717509224 0.10883166673645027
0.3 0.4 1.05 24 -7.415182617125687 -4.777897266760235 0.10988688959856052
0.3 0.4 1.1 10 -2.6372837064610666 -1.7084599502687383 0.09288237561923282
0.3 0.4 1.1 12 -3.186370442501916 -2.004025438036815 0.09852875037209174
0.3 0.4 1.1 14 -3.737263978991824 -2.3032343933846366 0.10243068468622767
0.3 0.4 1.1 16 -4.2945756069784835 -2.612966685111813 0.1051005576166669
0.3 0.4 1.1 18 -4.853247295939898 -2.924977968620742 0.10712607373995311
0.3 0.4 1.1 20 -5.414635235246926 -3.241308098766566 0.10866635682401797
0.3 0.4 1.1 22 -5.976650818827684 -3.5586455690410648 0.10990932953575543
0.3 0.4 1.1 24 -6.539697268003199 -3.8775999291666947 0.110920722451521
0.3 0.4 1.15 10 -2.328229232527287 -1.3794945731482422 0.0948734659379045
0.3 0.4 1.15 12 -2.8158942106542 -1.6136865244463112 0.1001839738506574
0.3 0.4 1.15 14 -3.304961098361005 -1.8508091048630462 0.1038679995355685
0.3 0.4 1.15 16 -3.7995103361860942 -2.0971805300840214 0.10639561288137955
0.3 0.4 1.15 18 -4.295054057397492 -2.3452743502864974 0.10832109483949967
0.3 0.4 1.15 20 -4.792763995415473 -2.596918668234648 0.10979226635904123
0.3 0.4 1.15 22 -5.290938216317742 -2.849331188556927 0.1109821376254916
0.3 0.4 1.15 24 -5.7898821550013215 -3.1029887877806583 0.11195389030086096
0.3 0.4 1.2 10 -2.063163964203298 -1.0956941326700438 0.09674698315332542
0.3 0.4 1.2 12 -2.497689687905371 -1.2765159747532024 0.10176447609601406
0.3 0.4 1.2 14 -2.933418620305659 -1.4598939303024177 0.10525176357166009
0.3 0.4 1.2 16 -3.373636339179154 -1.651082017179529 0.10765964512497656
0.3 0.4 1.2 18 -3.814682805873663 -1.8437441005999304 0.10949659473742958
0.3 0.4 1.2 20 -4.25740767601907 -2.0392457535392285 0.11090809612399206
0.3 0.4 1.2 22 -4.700473803336819 -2.2353302050511674 0.11205198174025689
0.3 0.4 1.2 24 -5.144139061659557 -2.432414683637159 0.11298851575093323
0.3 0.4 1.25 10 -1.8347069878187163 -0.84956245300015 0.09851445348185664
0.3 0.4 1.25 12 -2.223002503039004 -0.9836517229355408 0.10327923167528859
0.3 0.4 1.25 14 -2.6123490893688626 -1.1200100473412535 0.10659564585911493
0.3 0.4 1.25 16 -3.0054230677107627 -1.2630615769069267 0.10889759317523975
0.3 0.4 1.25 18 -3.3991342497201047 -1.407283490593222 0.11065837550704903
0.3 0.4 1.25 20 -3.794153775530904 -1.5537923135045881 0.1120180731013158
0.3 0.4 1.25 22 -4.189422805084061 -1.7007414080867473 0.11312188168169608
0.3 0.4 1.25 24 -4.585144055161095 -1.848470335767707 0.11402807164139117
0.3 0.4 1.3 10 -1.6367283093189648 -0.6347170340268491 0.10020112752921158
0.3 0.4 1.3 12 -1.9847146944475735 -0.7278315829688365 0.10474025928989476
0.3 0.4 1.3 14 -2.333628374272834 -0.8229795422393733 0.10790348800239005
0.3 0.4 1.3 16 -2.6855764790869516 -0.9237587730169281 0.11011360662937647
0.3 0.4 1.3 18 -3.0380227383347482 -1.0254829749206098 0.1118077646341188
0.3 0.4 1.3 20 -3.391483117478676 -1.1290402987999384 0.11312214093393688
0.3 0.4 1.3 22 -3.7451219794069743 -1.2329234995668084 0.11419083999273481
0.3 0.4 1.3 24 -4.099051425126592 -1.3373256617887022 0.11507190680574542
0.3 0.4 1.35 10 -1.4644307833637136 -0.4462765510630784 0.10181542323006351
0.3 0.4 1.35 12 -1.7771278110425257 -0.5032945680281422 0.10615277025119862
0.3 0.4 1.35 14 -2.09055063395312 -0.5619646588257182 0.10918471250910014
0.3 0.4 1.35 16 -2.4064846676959064 -0.6254541351033547 0.11131440828703448
0.3 0.4 1.35 18 -2.7228089128294934 -0.6897085589804095 0.11295001965828244
0.3 0.4 1.35 20 -3.0399067031559355 -0.7554103544953293 0.1142248174330303
0.3 0.4 1.35 22 -3.357136381939597 -0.8213613128337589 0.11526250314117446
0.3 0.4 1.35 24 -3.6745922713063455 -0.8877301680741502 0.11611925430134147
0.3 0.4 1.4 10 -1.3138998380792073 -0.28026464681270524 0.1033635191266502
0.3 0.4 1.4 12 -1.5955142212258409 -0.30520020752713606 0.1075261678082254
0.3 0.4 1.4 14 -1.8777532109575645 -0.33159048781273887 0.11044019451034469
0.3 0.4 1.4 16 -2.1620394397882308 -0.36204801111192475 0.11249946429226912
0.3 0.4 1.4 18 -2.446623534734971 -0.39311030640541716 0.11408406824053079
0.3 0.4 1.4 20 -2.7318036568613584 -0.42532769977473006 0.11532379785433142
0.3 0.4 1.4 22 -3.0170791615899457 -0.45773176375796004 0.11633397262872663
0.3 0.4 1.4 24 -3.3025323995146194 -0.4904756893060374 0.11716902959202424
0.3 0.4 1.45 10 -1.1818616952260932 -0.13330387592444026 0.10485578193016529
0.3 0.4 1.45 12 -1.4360654254651812 -0.1297196706183061 0.1088621462372396
0.3 0.4 1.45 14 -1.6907820552555108 -0.12736777912116962 0.11167244829531009
0.3 0.4 1.45 16 -1.947166397811109 -0.12844824162216475 0.113669884761809
0.3 0.4 1.45 18 -2.2037787044630357 -0.13000831592404663 0.11520946602994384
0.3 0.4 1.45 20 -2.46084809406013 -0.13248650086068994 0.116418079659972
0.3 0.4 1.45 22 -2.7179862996447226 -0.13510429617414366 0.11740372743048087
0.3 0.4 1.45 24 -2.975243531873893 -0.1379581639035058 0.11822022366543279
0.3 0.4 1.5 10 -1.0656592054500658 -0.002701475310857404 0.10629577301392083
0.3 0.4 1.5 12 -1.2955973763564657 0.026370294531655798 0.11016397257401012
0.3 0.4 1.5 14 -1.5259542145105667 0.054402646075854086 0.11288263289903004
0.3 0.4 1.5 16 -1.757665938985724 0.07954432182117496 0.11482564130043119
0.3 0.4 1.5 18 -1.9895530665673735 0.10430349042282487 0.11632536427723325
0.3 0.4 1.5 20 -2.221789129761676 0.12833581071187591 0.11750624702367758
0.3 0.4 1.5 22 -2.454074780701054 0.1522637849317442 0.11846993480149082
0.3 0.4 1.5 24 -2.6864367209709084 0.17603465960631656 0.11926964085738438
