0 0.1 1.0 10 -0.4596385097217343 -0.488767 -0.0291288
0 0.1 1.0 12 -0.4787413751224359 -0.498795 -0.0200535
0 0.1 1.0 14 -0.49157598116635093 -0.505688 -0.0141123
0 0.1 1.0 16 -0.4993708116788595 -0.509732 -0.0103613
0 0.1 1.0 18 -0.5047847298167246 -0.512663 -0.00787824
0 0.1 1.0 20 -0.5082596909248199 -0.51457 -0.00631018
0 0.1 1.0 22 -0.51080375965092 -0.516023 -0.00521932
0 0.1 1.0 24 -0.5125997758389541 -0.51708 -0.00448059
0 0.1 1.05 10 -0.41357850420708414 -0.438236 -0.0246574
0 0.1 1.05 12 -0.42978592520535525 -0.44673 -0.0169444
0 0.1 1.05 14 -0.4406849940921499 -0.452529 -0.0118436
0 0.1 1.05 16 -0.44713880497724157 -0.455897 -0.00875813
0 0.1 1.05 18 -0.45160024061887266 -0.458326 -0.00672535
0 0.1 1.05 20 -0.4544639528926745 -0.459911 -0.0054466
0 0.1 1.05 22 -0.4565504457027888 -0.461128 -0.00457722
0 0.1 1.05 24 -0.4580601663861435 -0.462021 -0.00396035
0 0.1 1.1 10 -0.3735115726174033 -0.394479 -0.0209671
0 0.1 1.1 12 -0.3873537943815026 -0.401699 -0.0143455
0 0.1 1.1 14 -0.3965584016888122 -0.406597 -0.0100383
0 0.1 1.1 16 -0.401914237269732 -0.409409 -0.00749504
0 0.1 1.1 18 -0.40562189652263547 -0.411442 -0.00582001
0 0.1 1.1 20 -0.4080121402128766 -0.412772 -0.00475959
0 0.1 1.1 22 -0.40978492208693357 -0.413799 -0.00401376
0 0.1 1.1 24 -0.4110753170875172 -0.414562 -0.00348636
0 0.1 1.15 10 -0.3383742708446262 -0.356368 -0.0179934
0 0.1 1.15 12 -0.35029461754359176 -0.362513 -0.0122187
0 0.1 1.15 14 -0.3580777763904763 -0.366671 -0.00859325
0 0.1 1.15 16 -0.3625846751249708 -0.369038 -0.00645344
0 0.1 1.15 18 -0.36569354505452606 -0.370748 -0.00505473
0 0.1 1.15 20 -0.3677145114183791 -0.371876 -0.00416173
0 0.1 1.15 22 -0.36922707826863976 -0.372752 -0.00352467
0 0.1 1.15 24 -0.37034689456239317 -0.373411 -0.00306382
0 0.1 1.2 10 -0.3075481558166034 -0.323003 -0.0154548
0 0.1 1.2 12 -0.3177565846383708 -0.328248 -0.010491
0 0.1 1.2 14 -0.32439444711167065 -0.331789 -0.00739412
0 0.1 1.2 16 -0.3282010366441923 -0.333791 -0.00559018
0 0.1 1.2 18 -0.3308329947890266 -0.335237 -0.00440446
0 0.1 1.2 20 -0.33256386086960216 -0.336203 -0.00363904
0 0.1 1.2 22 -0.3338720974003076 -0.336957 -0.00308447
0 0.1 1.2 24 -0.33485700353244124 -0.337531 -0.00267402
0 0.1 1.25 10 -0.2803024985239212 -0.29364 -0.0133371
0 0.1 1.25 12 -0.28909750483865027 -0.298141 -0.00904377
0 0.1 1.25 14 -0.29476808136168114 -0.301162 -0.00639388
0 0.1 1.25 16 -0.29800836688442534 -0.302867 -0.00485874
0 0.1 1.25 18 -0.3002587812911384 -0.304105 -0.00384574
0 0.1 1.25 20 -0.30176109981625493 -0.304938 -0.00317688
0 0.1 1.25 22 -0.3028766296582914 -0.305592 -0.0027157
0 0.1 1.25 24 -0.3037524017896473 -0.306097 -0.00234468
0 0.1 1.3 10 -0.2561535864791626 -0.267701 -0.0115473
0 0.1 1.3 12 -0.26374338776805867 -0.271568 -0.0078247
0 0.1 1.3 14 -0.26858435911246603 -0.27416 -0.00557538
0 0.1 1.3 16 -0.271367100756711 -0.27562 -0.00425326
0 0.1 1.3 18 -0.2733110681733298 -0.276684 -0.00337326
0 0.1 1.3 20 -0.27462773616916125 -0.27741 -0.00278204
0 0.1 1.3 22 -0.27564265853231196 -0.277982 -0.00233966
0 0.1 1.3 24 -0.27643006050411667 -0.278429 -0.00199877
0 0.1 1.35 10 -0.23463458663903514 -0.244689 -0.0100542
0 0.1 1.35 12 -0.2412086308110575 -0.248024 -0.00681586
0 0.1 1.35 14 -0.2454107342526406 -0.250254 -0.00484342
0 0.1 1.35 16 -0.2478205116690328 -0.251513 -0.0036926
0 0.1 1.35 18 -0.24951528006393453 -0.252434 -0.00291869
0 0.1 1.35 20 -0.25068251113976603 -0.25307 -0.00238726
0 0.1 1.35 22 -0.25159037831019815 -0.253574 -0.00198379
0 0.1 1.35 24 -0.2523036861631251 -0.253971 -0.00166774
0 0.1 1.4 10 -0.21544593101132 -0.224202 -0.00875578
0 0.1 1.4 12 -0.22116137188680537 -0.227085 -0.00592385
0 0.1 1.4 14 -0.22480766700683927 -0.229011 -0.00420325
0 0.1 1.4 16 -0.22691229653448913 -0.230103 -0.0031904
0 0.1 1.4 18 -0.2284046611158822 -0.230905 -0.00250015
0 0.1 1.4 20 -0.22944927339702073 -0.231466 -0.00201647
0 0.1 1.4 22 -0.2302684043418096 -0.231913 -0.00164436
0 0.1 1.4 24 -0.23091902676349943 -0.232268 -0.00134886
0 0.1 1.45 10 -0.19826093188440433 -0.205898 -0.00763659
0 0.1 1.45 12 -0.2032473066007193 -0.208398 -0.00515094
0 0.1 1.45 14 -0.2064300697490999 -0.210069 -0.00363923
0 0.1 1.45 16 -0.2082837902511835 -0.211022 -0.00273832
0 0.1 1.45 18 -0.20960926144126069 -0.211725 -0.00211601
0 0.1 1.45 20 -0.21055197902514897 -0.212223 -0.00167106
0 0.1 1.45 22 -0.2112965256721757 -0.212621 -0.00132476
0 0.1 1.45 24 -0.21189335305223964 -0.21294 -0.00104665
0 0.1 1.5 10 -0.1828258927533126 -0.189493 -0.00666676
0 0.1 1.5 12 -0.18720259377656445 -0.19167 -0.00446784
0 0.1 1.5 14 -0.1899970127267903 -0.193125 -0.00312766
0 0.1 1.5 16 -0.19164300976184606 -0.19396 -0.00231707
0 0.1 1.5 18 -0.19282997963925952 -0.194579 -0.00174945
0 0.1 1.5 20 -0.19368696989289086 -0.195023 -0.00133619
0 0.1 1.5 22 -0.19436800824262476 -0.195379 -0.00101142
0 0.1 1.5 24 -0.19491809787077938 -0.195666 -0.000748297
