10 25 0 0.25 -6.8433319369392215e-06 -0.15779969012960787 0.15779284679767094
12 25 0 0.25 -2.252622430934381e-06 -0.16404077759796604 0.16403852497553512
14 25 0 0.25 2.3513747191249157e-05 -0.16448699591348925 0.1645105096606805
16 25 0 0.25 -1.4443586938617223e-06 -0.1618187231241065 0.16181727876541263
18 25 0 0.25 4.019681787326573e-06 -0.15765798677543313 0.15766200645722045
20 25 0 0.25 -4.624440806916471e-06 -0.15284833477813253 0.1528437103373256
0.4 0.4 1.0 10 -3.0689562352978483 -2.01624937399108 0.10527068613067683
0.4 0.4 1.0 12 -3.7043403263265873 -2.3760869988848228 0.11068777728681371
0.4 0.4 1.0 14 -4.341519040547915 -2.739280879873982 0.11444558290528094
0.4 0.4 1.0 16 -4.9865051907594475 -3.113524639821345 0.1170612844336314
0.4 0.4 1.0 18 -5.633090367761738 -3.4901137209199966 0.1190542581578745
0.4 0.4 1.0 20 -6.283371967393005 -3.871761197866252 0.12058053847633762
0.4 0.4 1.0 22 -6.934608107434656 -4.254729324284312 0.12181267196137928
0.4 0.4 1.0 24 -7.587476872596058 -4.639896512732753 0.1228158483276377
0.4 0.4 1.05 10 -2.6781225081970135 -1.6072924353470697 0.10708300728499438
0.4 0.4 1.05 12 -3.236152550910119 -1.8899805199026645 0.11218100258395454
0.4 0.4 1.05 14 -3.795831439376823 -2.175707063908414 0.11572316967631492
0.4 0.4 1.05 16 -4.3619316720127825 -2.470716708103279 0.11820093524434397
0.4 0.4 1.05 18 -4.929341916400226 -2.7676810280071464 0.1200922715773933
0.4 0.4 1.05 20 -5.499695064949768 -3.068762817481983 0.12154661237338926
0.4 0.4 1.05 22 -6.070750516898146 -3.370838334411917 0.12272328102210132
0.4 0.4 1.05 24 -6.643038510298834 -3.674612146309414 0.1236844318328925
0.4 0.4 1.1 10 -2.348266438692132 -1.2607087943364235 0.10875576443557086
0.4 0.4 1.1 12 -2.8405048084284203 -1.4775976064845682 0.11357560016198769
0.4 0.4 1.1 14 -3.334194872306128 -1.6971607744215964 0.11693100699175225
0.4 0.4 1.1 16 -3.833193723017137 -1.9245708778021928 0.119288927825934
0.4 0.4 1.1 18 -4.3333140740149885 -2.1536800115765296 0.12109078124658106
0.4 0.4 1.1 20 -4.835689350948079 -2.3860197046196645 0.12248348231642073
0.4 0.4 1.1 22 -5.338584984214704 -2.6191129551300905 0.12361236495839155
0.4 0.4 1.1 24 -5.842337833010738 -2.8534168162638935 0.1245383756977852
0.4 0.4 1.15 10 -2.068077500899606 -0.9649735580765757 0.11031039428230302
0.4 0.4 1.15 12 -2.5040531129583457 -1.125432120013237 0.11488508274542573
0.4 0.4 1.15 14 -2.9411486647122445 -1.288017834138317 0.11808077361242339
0.4 0.4 1.15 16 -3.382754647368003 -1.457422266531147 0.1203332738023035
0.4 0.4 1.15 18 -3.825175892930676 -1.628096061333515 0.12205999064428671
0.4 0.4 1.15 20 -4.269385291486121 -1.8013947064029208 0.12339952925416002
0.4 0.4 1.15 22 -4.713977454695245 -1.975261307433558 0.12448709760280394
0.4 0.4 1.15 24 -5.159206004627617 -2.1500491302022486 0.12538153643439034
0.4 0.4 1.2 10 -1.8286323725515083 -0.7109700178272824 0.11176623547242259
0.4 0.4 1.2 12 -2.2161235805062276 -0.8225911989431296 0.1161276984635915
0.4 0.4 1.2 14 -2.6045738969665653 -0.9360497733280339 0.1191802945456094
0.4 0.4 1.2 16 -2.9966979080638794 -1.0552015315650272 0.12134352353117826
0.4 0.4 1.2 18 -3.3894982291103615 -1.1754276309557874 0.12300392211969857
0.4 0.4 1.2 20 -3.783676557784342 -1.2977287888417948 0.12429738844712737
0.4 0.4 1.2 22 -4.178134729213473 -1.420455851476655 0.1253490398971281
0.4 0.4 1.2 24 -4.57308557921433 -1.5439142172511067 0.12621547341513428
0.4 0.4 1.25 10 -1.6229627260256803 -0.4916320022253835 0.11313307238002968
0.4 0.4 1.25 12 -1.9684382383022134 -0.56070977559272 0.11731070522579112
0.4 0.4 1.25 14 -2.31475006549554 -0.6314029776312503 0.12023907770459215
0.4 0.4 1.25 16 -2.664097580249887 -0.7069209946101929 0.1223235366024809
0.4 0.4 1.25 18 -3.0139625902234073 -0.7832825811697947 0.12392666716964514
0.4 0.4 1.25 20 -3.3648963278439052 -0.8612963520889744 0.12517999878774655
0.4 0.4 1.25 22 -3.7160336394472386 -0.9396282030724812 0.1262002471079435
0.4 0.4 1.25 24 -4.0675409158530424 -1.0185237968913061 0.12704237995673903
0.4 0.4 1.3 10 -1.4453242038409613 -0.30104010285255356 0.11442841009884078
0.4 0.4 1.3 12 -1.7542960144927113 -0.33298216435213135 0.11844282084504833
0.4 0.4 1.3 14 -2.064004575034623 -0.36635830129273295 0.12126044812442073
0.4 0.4 1.3 16 -2.376173080973757 -0.4037491695770967 0.12327649446229128
0.4 0.4 1.3 18 -2.688744383608645 -0.44181367787668707 0.12482948365177544
0.4 0.4 1.3 20 -3.0021401336854834 -0.481187689537407 0.12604762220740381
0.4 0.4 1.3 22 -3.3156808177392065 -0.5207944886950876 0.12704028768382358
0.4 0.4 1.3 24 -3.629458046785885 -0.5607722052019307 0.1278619100659981
0.4 0.4 1.35 10 -1.2912157569861797 -0.1346241618374826 0.11565915951486971
0.4 0.4 1.35 12 -1.5683394521037526 -0.13399850481420117 0.11952841227412929
0.4 0.4 1.35 14 -1.846037536389722 -0.134525813878696 0.12225083732221613
0.4 0.4 1.35 16 -2.125762768164705 -0.13845187723477181 0.12420693068312083
0.4 0.4 1.35 18 -2.4058022456065427 -0.14291736148106796 0.1257158268958597
0.4 0.4 1.35 20 -2.6864677968670914 -0.14840539396904434 0.12690312014490235
0.4 0.4 1.35 22 -2.9672399815135577 -0.15406945019519028 0.12787138778719853
0.4 0.4 1.35 24 -3.248195494054581 -0.1600288876067566 0.1286736086019927
0.4 0.4 1.4 10 -1.1569755645777313 0.011330710633907141 0.11683062752116384
0.4 0.4 1.4 12 -1.4061467112871568 0.04074270681332698 0.12057411817504032
0.4 0.4 1.4 14 -1.6558113412089215 0.06914914538902454 0.12321146332842471
0.4 0.4 1.4 16 -1.9071220843233512 0.09471779863308834 0.12511499268477747
0.4 0.4 1.4 18 -2.158671782102019 0.11986453904471175 0.1265853511748184
0.4 0.4 1.4 20 -2.410701905322093 0.14420404400268547 0.12774529746623892
0.4 0.4 1.4 22 -2.6628088344068357 0.1684131032519485 0.12869190625721746
0.4 0.4 1.4 24 -2.9150592148883305 0.19238454341567815 0.12947682326266705
0.4 0.4 1.45 10 -1.0395582135705794 0.1399454204515429 0.11795036340221224
0.4 0.4 1.45 12 -1.2641567189287706 0.1948256974637942 0.12158186803271372
0.4 0.4 1.45 14 -1.4891595164312577 0.24886248695241786 0.12414442881311968
0.4 0.4 1.45 16 -1.7154984450474922 0.30052951980558174 0.12600174780331713
0.4 0.4 1.45 18 -1.942019614102769 0.3518654686603703 0.12743806015350775
0.4 0.4 1.45 20 -2.16890783264849 0.40256660410683714 0.12857372183776636
0.4 0.4 1.45 22 -2.395851259269216 0.45317121684019634 0.12950102164133692
0.4 0.4 1.45 24 -2.622890381149135 0.5036125336146539 0.13027095478182452
0.4 0.4 1.5 10 -0.9364936489926095 0.25372350458671633 0.11902171535793257
0.4 0.4 1.5 12 -1.1394054977455426 0.3312475764314346 0.12255442284808143
0.4 0.4 1.5 14 -1.3426466638814247 0.408067091024988 0.1250509824933152
0.4 0.4 1.5 16 -1.546969798905477 0.4829113241461595 0.12686757019072728
0.4 0.4 1.5 18 -1.7514327191724632 0.5574942245287308 0.1282737190945108
0.4 0.4 1.5 20 -1.956174890798511 0.6315797768522758 0.12938773338253934
0.4 0.4 1.5 22 -2.1609567108665297 0.7055939384254005 0.13029775678599684
0.4 0.4 1.5 24 -2.3657996472499927 0.7795005645967779 0.13105417549361545
