10 25 0 0.25 -6.8433319369392215e-06 -0.15779969012960787 0.15779284679767094
12 25 0 0.25 -2.252622430934381e-06 -0.16404077759796604 0.16403852497553512
14 25 0 0.25 2.3513747191249157e-05 -0.16448699591348925 0.1645105096606805
16 25 0 0.25 -1.4443586938617223e-06 -0.1618187231241065 0.16181727876541263
18 25 0 0.25 4.019681787326573e-06 -0.15765798677543313 0.15766200645722045
20 25 0 0.25 -4.624440806916471e-06 -0.15284833477813253 0.1528437103373256
10 25 0 0.25 -6.8433319369392215e-06 -0.15779969012960787 0.15779284679767094
12 25 0 0.25 -2.252622430934381e-06 -0.16404077759796604 0.16403852497553512
14 25 0 0.25 2.3513747191249157e-05 -0.16448699591348925 0.1645105096606805
16 25 0 0.25 -1.4443586938617223e-06 -0.1618187231241065 0.16181727876541263
18 25 0 0.25 4.019681787326573e-06 -0.15765798677543313 0.15766200645722045
20 25 0 0.25 -4.624440806916471e-06 -0.15284833477813253 0.1528437103373256
0.35 0.05 1.0 10 -3.057408554037231 -3.0540151001642855 0.0003393453872945429
0.35 0.05 1.0 12 -3.794121704075039 -3.787579546563265 0.0005451797926478245
0.35 0.05 1.0 14 -4.528092522199813 -4.5181660987788215 0.0007090302443565502
0.35 0.05 1.0 16 -5.25016176316465 -5.236575693257777 0.0008491293691795798
0.35 0.05 1.0 18 -5.967289176768841 -5.949920908973056 0.0009649037664325455
0.35 0.05 1.0 20 -6.677219785090422 -6.6559496622922785 0.0010635061399071777
0.35 0.05 1.0 22 -7.384055077040367 -7.3588306039517715 0.0011465669585725249
0.35 0.05 1.0 24 -8.087138215116893 -8.057909492363176 0.00121786344807151
0.35 0.05 1.05 10 -2.7020150673074665 -2.697632722776298 0.00043823445311685916
0.35 0.05 1.05 12 -3.34882448091102 -3.3411600411939366 0.000638703309756942
0.35 0.05 1.05 14 -3.992614793971324 -3.9814536586989884 0.0007972239480239665
0.35 0.05 1.05 16 -4.625539773926283 -4.610630654834042 0.0009318199432650776
0.35 0.05 1.05 18 -5.25458493356566 -5.235827857383434 0.001042059787901432
0.35 0.05 1.05 20 -5.877448594890123 -5.854739044405057 0.0011354775242533143
0.35 0.05 1.05 22 -6.497956464596159 -6.471253278711294 0.0012137811765847819
0.35 0.05 1.05 24 -7.115740588382119 -7.085005798581225 0.0012806162417039098
0.35 0.05 1.1 10 -2.398376533858295 -2.3930700846236768 0.0005306449234618426
0.35 0.05 1.1 12 -2.9688216682096 -2.9601139195158237 0.0007256457244813422
0.35 0.05 1.1 14 -3.5360893344135302 -3.523784656852838 0.0008789055400494508
0.35 0.05 1.1 16 -4.093855280081954 -4.077730104229245 0.0010078234907943129
0.35 0.05 1.1 18 -4.648148342590292 -4.628115191477623 0.0011129528395927106
0.35 0.05 1.1 20 -5.197575744226697 -5.173549258894557 0.0012013242666069957
0.35 0.05 1.1 22 -5.7451230784815115 -5.717069826552649 0.0012751478149482973
0.35 0.05 1.1 24 -6.290646806705454 -6.25853740484259 0.0013378917442860017
0.35 0.05 1.15 10 -2.1374374860373133 -2.1312672694698307 0.0006170216567482623
0.35 0.05 1.15 12 -2.6426333998094202 -2.632954886193204 0.0008065428013513584
0.35 0.05 1.15 14 -3.1445627714033293 -3.131197186922165 0.0009546846057974433
0.35 0.05 1.15 16 -3.6383980982149353 -3.621150098893226 0.0010779999576068233
0.35 0.05 1.15 18 -4.129238144270963 -4.108032412491995 0.0011780962099426793
0.35 0.05 1.15 20 -4.616085272355325 -4.590849827769134 0.0012617722293095657
0.35 0.05 1.15 22 -5.101569098097343 -5.072278669567329 0.0013313831150006243
0.35 0.05 1.15 24 -5.585555719052131 -5.552187636537292 0.0013903367714516168
0.35 0.05 1.2 10 -1.9119735544611427 -1.9049952077001606 0.000697834676098208
0.35 0.05 1.2 12 -2.3611822051366826 -2.350600435381135 0.000881814146295623
0.35 0.05 1.2 14 -2.8072140422068514 -2.7928670268308053 0.0010247868125747215
0.35 0.05 1.2 16 -3.2462661352835624 -3.2279817959967874 0.001142771205423443
0.35 0.05 1.2 18 -3.682763205342507 -3.6604771690249027 0.0012381131287557937
0.35 0.05 1.2 20 -4.116202894596633 -4.089857694237947 0.001317260017934263
0.35 0.05 1.2 22 -4.548556154548862 -4.518131234798062 0.0013829508977636351
0.35 0.05 1.2 24 -4.9798112788669755 -4.945289285494369 0.0014384163905252583
0.35 0.05 1.25 10 -1.7162293382628808 -1.7084950486715016 0.0007734289591379229
0.35 0.05 1.25 12 -2.1170817132874475 -2.1056575841493848 0.0009520107615052323
0.35 0.05 1.25 14 -2.515062898434662 -2.4998059291341743 0.001089783521463415
0.35 0.05 1.25 16 -2.9069483396767026 -2.887705447454655 0.0012026807638779724
0.35 0.05 1.25 18 -3.296820324226767 -3.2735391755462158 0.0012933971489195173
0.35 0.05 1.25 20 -3.6842499147175483 -3.656883009790836 0.0013683452463356227
0.35 0.05 1.25 22 -4.0708642083542435 -4.039395583085152 0.0014303920576859948
0.35 0.05 1.25 24 -4.456674390417531 -4.421090776596371 0.0014826505758816684
0.35 0.05 1.3 10 -1.5455438297856858 -1.5371025953538258 0.0008441234431860068
0.35 0.05 1.3 12 -1.9045512075381206 -1.8923436149925763 0.0010172993787953555
0.35 0.05 1.3 14 -2.2608808636142634 -2.244778769484469 0.0011501495806995887
0.35 0.05 1.3 16 -2.612089296008152 -2.591960321899044 0.001258060881819234
0.35 0.05 1.3 18 -2.9616283198511213 -2.9374284381111124 0.001344437874444937
0.35 0.05 1.3 20 -3.3092648958874964 -3.280955679243597 0.0014154608321949702
0.35 0.05 1.3 22 -3.6562881114812864 -3.62385713384813 0.001474135346961654
0.35 0.05 1.3 24 -4.002727070213059 -3.9661642568643396 0.001523450556196626
0.35 0.05 1.35 10 -1.3960432265235596 -1.3869394159695148 0.0009103810554044855
0.35 0.05 1.35 12 -1.7186820844467618 -1.705744086336928 0.0010781665091528225
0.35 0.05 1.35 14 -2.038880576603403 -2.0219942696502016 0.0012061647823715343
0.35 0.05 1.35 16 -2.3547493634812753 -2.333799730947112 0.0013093520333851971
0.35 0.05 1.35 18 -2.669275204337622 -2.6442259630283242 0.0013916245171832209
0.35 0.05 1.35 20 -2.982325485155496 -2.9531456526697504 0.001458991624287287
0.35 0.05 1.35 22 -3.2949197488924713 -3.2615997318193486 0.0015145462305964869
0.35 0.05 1.35 24 -3.6070867004380647 -3.5696187984990932 0.001561162580790476
0.35 0.05 1.4 10 -1.2646626872512954 -1.2549393847043113 0.0009723302546984058
0.35 0.05 1.4 12 -1.5555330905405285 -1.5419144277313706 0.001134888567429826
0.35 0.05 1.4 14 -1.844220819379263 -1.8266059385699833 0.001258205772091411
0.35 0.05 1.4 16 -2.1293034599600875 -2.1075935719239 0.0013568680022617297
0.35 0.05 1.4 18 -2.4133047173709627 -2.3874698483057557 0.0014352705036226137
0.35 0.05 1.4 20 -2.696148855825533 -2.666163786059448 0.001499253488304264
0.35 0.05 1.4 22 -2.978656020902961 -2.944513388381662 0.0015519378418772276
0.35 0.05 1.4 24 -3.260853351205601 -3.222547320279697 0.0015960846219126672
0.35 0.05 1.45 10 -1.1487509195901637 -1.138447080217606 0.0010303839372557632
0.35 0.05 1.45 12 -1.4117995577310403 -1.3975459288335585 0.0011878024081234766
0.35 0.05 1.45 14 -1.6729409489356044 -1.6546492467127658 0.001306550158774186
0.35 0.05 1.45 16 -1.9310497162039821 -1.9086343866490694 0.0014009580971820479
0.35 0.05 1.45 18 -2.1883015685558616 -2.161738160572229 0.0014757448879795859
0.35 0.05 1.45 20 -2.4446561989531204 -2.413924384900985 0.001536590702606766
0.35 0.05 1.45 22 -2.700761976533769 -2.665856107711201 0.0015866304010258116
0.35 0.05 1.45 24 -2.9566430910858563 -2.9175587447534124 0.001628514430518498
0.35 0.05 1.5 10 -1.0461631885973794 -1.0353156436873867 0.0010847544909992734
0.35 0.05 1.5 12 -1.2847719634783203 -1.2699263803014702 0.0012371319314041784
0.35 0.05 1.5 14 -1.5216895366207979 -1.5027679605708357 0.0013515411464258672
0.35 0.05 1.5 16 -1.7560938805679598 -1.7330231177458832 0.0014419226763797838
0.35 0.05 1.5 18 -1.989816687749913 -1.962576729934085 0.001513330989768222
0.35 0.05 1.5 20 -2.222847021597856 -2.191421550654808 0.0015712735471524076
0.35 0.05 1.5 22 -2.4556936469549724 -2.4200783286291148 0.001618878105720801
0.35 0.05 1.5 24 -2.6883771990124354 -2.6485686782298052 0.0016586883659429248
