10 25 0 0.25 -6.8433319369392215e-06 -0.15779969012960787 0.15779284679767094
12 25 0 0.25 -2.252622430934381e-06 -0.16404077759796604 0.16403852497553512
14 25 0 0.25 2.3513747191249157e-05 -0.16448699591348925 0.1645105096606805
16 25 0 0.25 -1.4443586938617223e-06 -0.1618187231241065 0.16181727876541263
18 25 0 0.25 4.019681787326573e-06 -0.15765798677543313 0.15766200645722045
20 25 0 0.25 -4.624440806916471e-06 -0.15284833477813253 0.1528437103373256
0.3 0.2 1.0 10 -3.358061973057488 -3.1583077123673675 0.019975426069012057
0.3 0.2 1.0 12 -4.096544897602527 -3.8359619738035065 0.021715243649918392
0.3 0.2 1.0 14 -4.8351020325687415 -4.5135847271396665 0.022965521816362498
0.3 0.2 1.0 16 -5.570968267129707 -5.188109800820362 0.023928654144334094
0.3 0.2 1.0 18 -6.306632578159749 -5.862381104034818 0.024680637451385046
0.3 0.2 1.0 20 -7.041122272048959 -6.5353216976113 0.025290028721882952
0.3 0.2 1.0 22 -7.775477009682381 -7.208104669261957 0.025789651837292003
0.3 0.2 1.0 24 -8.509340844448138 -7.880336465665254 0.02620851578262018
0.3 0.2 1.05 10 -2.955586979392706 -2.7491769670592845 0.020641001233342136
0.3 0.2 1.05 12 -3.605425261389975 -3.337829265154582 0.022299666352949405
0.3 0.2 1.05 14 -4.255163350101469 -3.926271923622231 0.023492244748517015
0.3 0.2 1.05 16 -4.902736869510498 -4.512200971225217 0.024408493642830098
0.3 0.2 1.05 18 -5.550156396470617 -5.097934536627325 0.025123436657960636
0.3 0.2 1.05 20 -6.196646851263722 -5.682606777985487 0.025702003663911732
0.3 0.2 1.05 22 -6.843077202043924 -6.267206170457115 0.02617595598121859
0.3 0.2 1.05 24 -7.489107198129907 -6.851352454513528 0.02657311431734914
0.3 0.2 1.1 10 -2.6129966845921544 -2.400369637999738 0.021262704659241648
0.3 0.2 1.1 12 -3.1873655704458628 -2.9131870924639114 0.02284820649849595
0.3 0.2 1.1 14 -3.7616630988245174 -3.4258441955831955 0.02398706451723728
0.3 0.2 1.1 16 -4.334175718281955 -3.936409890348801 0.02486036424582211
0.3 0.2 1.1 18 -4.906549761515859 -4.446800635137748 0.02554161813211728
0.3 0.2 1.1 20 -5.47819226867825 -4.956348330886155 0.026092196889604756
0.3 0.2 1.1 22 -6.049764263310578 -5.465812137698492 0.026543278436913006
0.3 0.2 1.1 24 -6.621064562916723 -5.974965620749711 0.026920789256958805
0.3 0.2 1.15 10 -2.3196744289650937 -2.1012272574288566 0.021844717153623704
0.3 0.2 1.15 12 -2.8294086718041243 -2.549037326009416 0.023364278816225676
0.3 0.2 1.15 14 -3.339170413173883 -2.9968161765145616 0.024453874047094377
0.3 0.2 1.15 16 -3.847409643180885 -3.4427953924671892 0.025288390669605976
0.3 0.2 1.15 18 -4.355561228325566 -3.8886607077974134 0.025938917807119606
0.3 0.2 1.15 20 -4.863138433808264 -4.33385793288652 0.026464025046087202
0.3 0.2 1.15 22 -5.370665060862073 -4.778994368585387 0.026894122376213015
0.3 0.2 1.15 24 -5.877990415810132 -5.223898782732968 0.027253818044881806
0.3 0.2 1.2 10 -2.067031637468402 -1.8430942153106926 0.02239374221577095
0.3 0.2 1.2 12 -2.521225536351418 -2.235007530614266 0.023851500478096033
0.3 0.2 1.2 14 -2.9754209591513074 -2.626870627584922 0.024896452254741814
0.3 0.2 1.2 16 -3.428367309595709 -3.0172427648224955 0.025695284048325828
0.3 0.2 1.2 18 -3.8812481759525497 -3.4075286459387826 0.026317751667431506
0.3 0.2 1.2 20 -4.333679293833391 -3.7972862994187695 0.026819649720731052
0.3 0.2 1.2 22 -4.786074292604182 -4.187000069953391 0.027230646484126864
0.3 0.2 1.2 24 -5.2383205031034095 -4.576540653528521 0.0275741603989537
0.3 0.2 1.25 10 -1.8483890268630567 -1.6192686807907073 0.022912034607234944
0.3 0.2 1.25 12 -2.2545197725522232 -1.9627582136391988 0.024313463242752038
0.3 0.2 1.25 14 -2.66066845168206 -2.3062265608315546 0.02531727791789324
0.3 0.2 1.25 16 -3.0657836735024375 -2.648448743053891 0.026083433153034158
0.3 0.2 1.25 18 -3.470850273256919 -2.9906059315959004 0.026680241203389916
0.3 0.2 1.25 20 -3.8755654825447365 -3.332346204951222 0.027160963879675724
0.3 0.2 1.25 22 -4.280304471019639 -3.6741127392434976 0.027554169626188264
0.3 0.2 1.25 24 -4.684888706828129 -4.015697482698943 0.027882967672049414
0.3 0.2 1.3 10 -1.6582695395247598 -1.4242383302318053 0.02340312092929544
0.3 0.2 1.3 12 -2.0226435064110317 -1.725613327189341 0.024752514935140895
0.3 0.2 1.3 14 -2.387064058933583 -2.027009370327694 0.025718192043277792
0.3 0.2 1.3 16 -2.7506082221951296 -2.327337650616734 0.026454410723649735
0.3 0.2 1.3 18 -3.1141165295849826 -2.627617230474494 0.02702773883947159
0.3 0.2 1.3 20 -3.47735102399201 -2.9275684844898757 0.027489126975106703
0.3 0.2 1.3 22 -3.840567315153365 -3.2274970971719767 0.027866828090063092
0.3 0.2 1.3 24 -4.203702700076519 -3.5273295735645602 0.028182213604664958
0.3 0.2 1.35 10 -1.4922688903284254 -1.2535798333393764 0.023868905698904895
0.3 0.2 1.35 12 -1.8201979782746491 -1.5181526948144892 0.025170440288346658
0.3 0.2 1.35 14 -2.148147672015102 -1.7827219974993556 0.02610183389398189
0.3 0.2 1.35 16 -2.475395315602995 -2.0464262483001265 0.026810566706429284
0.3 0.2 1.35 18 -2.8026166532675285 -2.310094144054417 0.02736236162295063
0.3 0.2 1.35 20 -3.1296246739140656 -2.573503429018135 0.027806062244796537
0.3 0.2 1.35 22 -3.456619824560107 -2.836896502370762 0.0281692419176975
0.3 0.2 1.35 24 -3.7835553421218946 -3.1002179387062254 0.028472391808986214
0.3 0.2 1.4 10 -1.3467154094162659 -1.1035911292051426 0.02431242802111233
0.3 0.2 1.4 12 -1.6427020435177155 -1.3358643315221017 0.02556980933296782
0.3 0.2 1.4 14 -1.938709219656701 -1.5681393043534868 0.026469279664515306
0.3 0.2 1.4 16 -2.234138901793415 -1.7996945156627016 0.027152774133169577
0.3 0.2 1.4 18 -2.529549398713777 -2.031222707925906 0.02768481615488172
0.3 0.2 1.4 20 -2.82479383601418 -2.262547276974455 0.02811232795198626
0.3 0.2 1.4 22 -3.1200291957900244 -2.493860258989385 0.02846222440002907
0.3 0.2 1.4 24 -3.4152206023260416 -2.7251198392381895 0.02875419846199384
0.3 0.2 1.45 10 -1.2186337755239975 -0.971283340050185 0.024735043547381253
0.3 0.2 1.45 12 -1.486522765320763 -1.175103023280106 0.025951645170054754
0.3 0.2 1.45 14 -1.7544291760017312 -1.3789250374103696 0.026821724185097255
0.3 0.2 1.45 16 -2.021861107625985 -1.5821486452332523 0.02748202889954579
0.3 0.2 1.45 18 -2.2892791311356144 -1.7853522596076572 0.027995937307108736
0.3 0.2 1.45 20 -2.556567933516901 -1.9883955479395021 0.02840861927886994
0.3 0.2 1.45 22 -2.823850345952451 -2.191430565978672 0.02874635363517177
0.3 0.2 1.45 24 -3.0911003496099956 -2.394425745312063 0.029028108512413848
0.3 0.2 1.5 10 -1.105538213347991 -0.8541556355067428 0.025138257784124818
0.3 0.2 1.5 12 -1.348616116511338 -1.0328079148524323 0.02631735013824214
0.3 0.2 1.5 14 -1.5917128297692358 -1.2114680263416986 0.027160343101966942
0.3 0.2 1.5 16 -1.8344200132909478 -1.3896308371620911 0.027799323508053544
0.3 0.2 1.5 18 -2.077117178035816 -1.5677789188574707 0.028296569954352528
0.3 0.2 1.5 20 -2.319713788246128 -1.74580072001446 0.0286956534115834
0.3 0.2 1.5 22 -2.5623059080813926 -1.923816624742535 0.029022240151766254
0.3 0.2 1.5 24 -2.8048741125392027 -2.1018027749324264 0.029294639066949013
