10 25 0 0.25 -6.8433319369392215e-06 -0.15779969012960787 0.15779284679767094
12 25 0 0.25 -2.252622430934381e-06 -0.16404077759796604 0.16403852497553512
14 25 0 0.25 2.3513747191249157e-05 -0.16448699591348925 0.1645105096606805
16 25 0 0.25 -1.4443586938617223e-06 -0.1618187231241065 0.16181727876541263
18 25 0 0.25 4.019681787326573e-06 -0.15765798677543313 0.15766200645722045
20 25 0 0.25 -4.624440806916471e-06 -0.15284833477813253 0.1528437103373256
0.8 0.45 1.0 10 -2.1480014435015775 -0.489351169138863 0.16586502743627146
0.8 0.45 1.0 12 -2.5824929004581065 -0.5336847435157706 0.17073401307852798
0.8 0.45 1.0 14 -3.0195810954335927 -0.5818582646326422 0.17412305934292505
0.8 0.45 1.0 16 -3.4631826885199746 -0.6381210503818925 0.17656635238363014
0.8 0.45 1.0 18 -3.9094381265388165 -0.6976810155726451 0.17843095060923175
0.8 0.45 1.0 20 -4.359277388717053 -0.7615346609574954 0.17988713638797788
0.8 0.45 1.0 22 -4.810575678228304 -0.8271376941597177 0.18106536291220846
0.8 0.45 1.0 24 -5.2637162485242674 -0.8949130100439878 0.18203346827001166
0.8 0.45 1.05 10 -1.8568618038730307 -0.18750830742720248 0.16693534964458281
0.8 0.45 1.05 12 -2.23582825041626 -0.17644958151801007 0.17161488907485414
0.8 0.45 1.05 14 -2.617148787164284 -0.16883590383545685 0.17487949166634478
0.8 0.45 1.05 16 -3.004122102597588 -0.1683075839395308 0.17723840741612856
0.8 0.45 1.05 18 -3.3930203249825865 -0.17020863444602272 0.179045093918698
0.8 0.45 1.05 20 -3.7848293729062275 -0.17564040057621522 0.1804594486165006
0.8 0.45 1.05 22 -4.177926893898131 -0.18263118857583405 0.1816043502419226
0.8 0.45 1.05 24 -4.572147112090051 -0.19096607023377962 0.18254921007734468
0.8 0.45 1.1 10 -1.6144930424476556 0.06448536058791263 0.1678978403035568
0.8 0.45 1.1 12 -1.9467622290885234 0.12221406694128967 0.17241469133581777
0.8 0.45 1.1 14 -2.2811043024527606 0.17691731311358266 0.1755729725404531
0.8 0.45 1.1 16 -2.6202237156956 0.22556387537815495 0.17786172444210968
0.8 0.45 1.1 18 -2.9608978298932533 0.27222684017669285 0.17961803722610814
0.8 0.45 1.1 20 -3.30396229975198 0.3159538096703235 0.18099580547111518
0.8 0.45 1.1 22 -3.6478355820140056 0.3586855342678733 0.18211459619463086
0.8 0.45 1.1 24 -3.9926245452375078 0.4003067328077916 0.18303880325188748
0.8 0.45 1.15 10 -1.4112585438390965 0.276423672244141 0.16876822160832378
0.8 0.45 1.15 12 -1.7039365781586806 0.3738116816189603 0.1731456883148034
0.8 0.45 1.15 14 -1.9985370759169996 0.46841612174156244 0.1762109426898973
0.8 0.45 1.15 16 -2.29702118851597 0.5580305623899359 0.17844073443161912
0.8 0.45 1.15 18 -2.5968234051441694 0.645947017587043 0.18015391237395625
0.8 0.45 1.15 20 -2.898427535224562 0.7316174921256152 0.18150225136750886
0.8 0.45 1.15 22 -3.2006662984559275 0.8164967032072306 0.1825983182574163
0.8 0.45 1.15 24 -3.5036142557046417 0.9005037861444662 0.1835049184103795
0.8 0.45 1.2 10 -1.2396691570326297 0.45593083054655553 0.16955999875791852
0.8 0.45 1.2 12 -1.4985607942899735 0.5872521469615037 0.1738177451042898
0.8 0.45 1.2 14 -1.759183986153062 0.7160680574624079 0.17680371740110498
0.8 0.45 1.2 16 -2.0230150070040067 0.8407064494368713 0.17898259102755487
0.8 0.45 1.2 18 -2.2879453250450257 0.9639129614792467 0.1806587936957929
0.8 0.45 1.2 20 -2.554231115131016 1.0854043254556416 0.18198177202933288
0.8 0.45 1.2 22 -2.8209942417701646 1.2062919322293255 0.18305846245452229
0.8 0.45 1.2 24 -3.088281649844744 1.3265251575747836 0.1839502836424803
0.8 0.45 1.25 10 -1.093858027975628 0.6089892728456405 0.17028473008212686
0.8 0.45 1.25 12 -1.3238721152130661 0.7693623355646366 0.17443620423147524
0.8 0.45 1.25 14 -1.5552828375594316 0.9276871609199594 0.17735499989138506
0.8 0.45 1.25 16 -1.789372818303508 1.0824740573073415 0.17949042972567808
0.8 0.45 1.25 18 -2.0243935930664385 1.2360346961490523 0.18113490495641615
0.8 0.45 1.25 20 -2.2604126412195904 1.3883121712004092 0.18243624062099997
0.8 0.45 1.25 22 -2.496785093940697 1.5401358325123313 0.18349640574786494
0.8 0.45 1.25 24 -2.733492594435462 1.6915342324564737 0.184376117787164
0.8 0.45 1.3 10 -0.969275341528397 0.7402202842105119 0.17094956257389088
0.8 0.45 1.3 12 -1.174301451602659 0.9258295447149294 0.17501091635979904
0.8 0.45 1.3 14 -1.3805505797267585 1.1096362409596452 0.17787048719188597
0.8 0.45 1.3 16 -1.589032682322383 1.2904522248486012 0.17996780669818652
0.8 0.45 1.3 18 -1.798186849708128 1.4703671805012353 0.18158633501163127
0.8 0.45 1.3 20 -2.0081335801724642 1.649247612095717 0.18286905961340905
0.8 0.45 1.3 22 -2.2183335129291395 1.82779764148604 0.18391505247341725
0.8 0.45 1.3 24 -2.428787934656782 2.006019638569467 0.18478364888442703
0.8 0.45 1.35 10 -0.8622650527093416 0.8533491416495842 0.1715614194358926
0.8 0.45 1.35 12 -1.0456004876656655 1.0609470286715919 0.1755456263614381
0.8 0.45 1.35 14 -1.2300639175977608 1.2668800201001602 0.17835313840699435
0.8 0.45 1.35 16 -1.4162969216279053 1.4704046680663236 0.1804188493558893
0.8 0.45 1.35 18 -1.603079500485427 1.673182182675625 0.1820145379533918
0.8 0.45 1.35 20 -1.7904625299329273 1.8751631220319496 0.18328128259824386
0.8 0.45 1.35 22 -1.97803036920773 2.0768989925533186 0.18431497098913854
0.8 0.45 1.35 24 -2.165786500485619 2.2783882404881814 0.185173947540575
0.8 0.45 1.4 10 -0.7698290840244277 0.9514567374838473 0.17212858215082752
0.8 0.45 1.4 12 -0.9343376343468979 1.1781876814939594 0.17604377632007143
0.8 0.45 1.4 14 -1.0997775734714281 1.4035259737379062 0.1788073962292382
0.8 0.45 1.4 16 -1.2666756842345506 1.6268488149925757 0.1808452812016954
0.8 0.45 1.4 18 -1.4340004668096182 1.8495824268841232 0.1824212718718745
0.8 0.45 1.4 20 -1.601779849267718 2.071702915818264 0.1836741382542991
0.8 0.45 1.4 22 -1.7696911577255616 2.2936455152290023 0.1846971214979347
0.8 0.45 1.4 24 -1.9377232738066055 2.5154270611650262 0.185547930623818
0.8 0.45 1.45 10 -0.6896522408188961 1.0368896950189992 0.17265419358378953
0.8 0.45 1.45 12 -0.8376713816741201 1.2804508974353794 0.17651018992579162
0.8 0.45 1.45 14 -0.9864942953854268 1.5227984478638774 0.17923519594637888
0.8 0.45 1.45 16 -1.1364971565633495 1.7634885616364908 0.18124910738749
0.8 0.45 1.45 18 -1.286827662682573 2.0037187137398194 0.18280813202346624
0.8 0.45 1.45 20 -1.4375029681341687 2.243475946362878 0.18404894572485234
0.8 0.45 1.45 22 -1.5882733998908316 2.4831027283423466 0.18506255128332627
0.8 0.45 1.45 24 -1.7391196733364989 2.722626542039465 0.18590609230733182
0.8 0.45 1.5 10 -0.6197794677922489 1.1116569970106445 0.17314364648028935
0.8 0.45 1.5 12 -0.7533422000945889 1.3700259085945063 0.17694734239075793
0.8 0.45 1.5 14 -0.8875714918295756 1.627374672785202 0.17963901175819844
0.8 0.45 1.5 16 -1.0227482162936692 1.883370168604411 0.18163239905613002
0.8 0.45 1.5 18 -1.158183546500104 2.138996729845851 0.18317668201921972
0.8 0.45 1.5 20 -1.2938791058242567 2.394260197670689 0.1844069651747473
0.8 0.45 1.5 22 -1.4296438427679643 2.649427165310972 0.18541231854904258
0.8 0.45 1.5 24 -1.565474926745144 2.904502678398379 0.1862490668809801
