0 0.4 1.0 10 -0.4596385097217343 -0.534537 -0.0748988
0 0.4 1.0 12 -0.4787413751224359 -0.525131 -0.0463896
0 0.4 1.0 14 -0.49157598116635093 -0.51897 -0.0273942
0 0.4 1.0 16 -0.4993708116788595 -0.516249 -0.0168781
0 0.4 1.0 18 -0.5047847298167246 -0.514485 -0.0096998
0 0.4 1.0 20 -0.5082596909248199 -0.513784 -0.0055248
0 0.4 1.0 22 -0.51080375965092 -0.51338 -0.00257599
0 0.4 1.0 24 -0.5125997758389541 -0.513303 -0.000702948
0 0.4 1.05 10 -0.41357850420708414 -0.474529 -0.060951
0 0.4 1.05 12 -0.42978592520535525 -0.466364 -0.0365782
0 0.4 1.05 14 -0.4406849940921499 -0.461077 -0.0203923
0 0.4 1.05 16 -0.44713880497724157 -0.458786 -0.0116473
0 0.4 1.05 18 -0.45160024061887266 -0.457313 -0.00571276
0 0.4 1.05 20 -0.4544639528926745 -0.456741 -0.00227698
0 0.4 1.05 22 -0.4565504457027888 -0.456405 0.000145154
0 0.4 1.05 24 -0.4580601663861435 -0.456336 0.00172433
0 0.4 1.1 10 -0.3735115726174033 -0.422727 -0.0492157
0 0.4 1.1 12 -0.3873537943815026 -0.415598 -0.0282445
0 0.4 1.1 14 -0.3965584016888122 -0.411019 -0.0144611
0 0.4 1.1 16 -0.401914237269732 -0.409069 -0.00715437
0 0.4 1.1 18 -0.40562189652263547 -0.407834 -0.00221205
0 0.4 1.1 20 -0.4080121402128766 -0.407344 0.00066823
0 0.4 1.1 22 -0.40978492208693357 -0.407048 0.00273686
0 0.4 1.1 24 -0.4110753170875172 -0.406958 0.00411721
0 0.4 1.15 10 -0.3383742708446262 -0.377702 -0.0393273
0 0.4 1.15 12 -0.35029461754359176 -0.371458 -0.0211636
0 0.4 1.15 14 -0.3580777763904763 -0.367428 -0.0093501
0 0.4 1.15 16 -0.3625846751249708 -0.365755 -0.00317071
0 0.4 1.15 18 -0.36569354505452606 -0.364676 0.00101803
0 0.4 1.15 20 -0.3677145114183791 -0.364234 0.00348017
0 0.4 1.15 22 -0.36922707826863976 -0.363956 0.00527086
0 0.4 1.15 24 -0.37034689456239317 -0.363849 0.00649798
0 0.4 1.2 10 -0.3075481558166034 -0.338296 -0.0307477
0 0.4 1.2 12 -0.3177565846383708 -0.332777 -0.01502
0 0.4 1.2 14 -0.32439444711167065 -0.329228 -0.0048333
0 0.4 1.2 16 -0.3282010366441923 -0.327745 0.000455609
0 0.4 1.2 18 -0.3308329947890266 -0.326789 0.00404431
0 0.4 1.2 20 -0.33256386086960216 -0.326372 0.0061915
0 0.4 1.2 22 -0.3338720974003076 -0.326097 0.00777546
0 0.4 1.2 24 -0.33485700353244124 -0.32597 0.00888696
0 0.4 1.25 10 -0.2803024985239212 -0.303635 -0.023333
0 0.4 1.25 12 -0.28909750483865027 -0.298689 -0.00959143
0 0.4 1.25 14 -0.29476808136168114 -0.295522 -0.000754213
0 0.4 1.25 16 -0.29800836688442534 -0.294192 0.00381618
0 0.4 1.25 18 -0.3002587812911384 -0.293319 0.00694002
0 0.4 1.25 20 -0.30176109981625493 -0.29291 0.00885094
0 0.4 1.25 22 -0.3028766296582914 -0.292626 0.0102502
0 0.4 1.25 24 -0.3037524017896473 -0.292473 0.0112794
0 0.4 1.3 10 -0.2561535864791626 -0.272922 -0.0167689
0 0.4 1.3 12 -0.26374338776805867 -0.268466 -0.00472264
0 0.4 1.3 14 -0.26858435911246603 -0.265627 0.0029571
0 0.4 1.3 16 -0.271367100756711 -0.264406 0.00696074
0 0.4 1.3 18 -0.2733110681733298 -0.263591 0.0097198
0 0.4 1.3 20 -0.27462773616916125 -0.263179 0.0114486
0 0.4 1.3 22 -0.27564265853231196 -0.262881 0.0127621
0 0.4 1.3 24 -0.27643006050411667 -0.262689 0.0137415
0 0.4 1.35 10 -0.23463458663903514 -0.245574 -0.010939
0 0.4 1.35 12 -0.2412086308110575 -0.241538 -0.000328968
0 0.4 1.35 14 -0.2454107342526406 -0.238945 0.00646589
0 0.4 1.35 16 -0.2478205116690328 -0.237803 0.0100176
0 0.4 1.35 18 -0.24951528006393453 -0.237027 0.012488
0 0.4 1.35 20 -0.25068251113976603 -0.236602 0.0140804
0 0.4 1.35 22 -0.25159037831019815 -0.236285 0.0153057
0 0.4 1.35 24 -0.2523036861631251 -0.236067 0.0162363
0 0.4 1.4 10 -0.21544593101132 -0.221112 -0.0056659
0 0.4 1.4 12 -0.22116137188680537 -0.217404 0.00375758
0 0.4 1.4 14 -0.22480766700683927 -0.215022 0.00978613
0 0.4 1.4 16 -0.22691229653448913 -0.213934 0.0129783
0 0.4 1.4 18 -0.2284046611158822 -0.21318 0.0152247
0 0.4 1.4 20 -0.22944927339702073 -0.212737 0.0167118
0 0.4 1.4 22 -0.2302684043418096 -0.212399 0.0178695
0 0.4 1.4 24 -0.23091902676349943 -0.212156 0.0187626
0 0.4 1.45 10 -0.19826093188440433 -0.199112 -0.000851155
0 0.4 1.45 12 -0.2032473066007193 -0.195684 0.00756379
0 0.4 1.45 14 -0.2064300697490999 -0.193469 0.0129613
0 0.4 1.45 16 -0.2082837902511835 -0.192417 0.0158673
0 0.4 1.45 18 -0.20960926144126069 -0.191673 0.017936
0 0.4 1.45 20 -0.21055197902514897 -0.19121 0.0193417
0 0.4 1.45 22 -0.2112965256721757 -0.19085 0.0204469
0 0.4 1.45 24 -0.21189335305223964 -0.190577 0.0213159
0 0.4 1.5 10 -0.1828258927533126 -0.179247 0.00357914
0 0.4 1.5 12 -0.18720259377656445 -0.176047 0.0111558
0 0.4 1.5 14 -0.1899970127267903 -0.173966 0.016031
0 0.4 1.5 16 -0.19164300976184606 -0.172934 0.0187088
0 0.4 1.5 18 -0.19282997963925952 -0.172194 0.0206364
0 0.4 1.5 20 -0.19368696989289086 -0.171708 0.0219785
0 0.4 1.5 22 -0.19436800824262476 -0.171325 0.0230425
0 0.4 1.5 24 -0.19491809787077938 -0.171026 0.0238923
