0.35 0.1 1.0 10 -0.30297444832102194 -0.309184 -0.00620916
0.35 0.1 1.0 12 -0.31472130413647 -0.316172 -0.00145108
0.35 0.1 1.0 14 -0.32271941597686987 -0.32106 0.00165947
0.35 0.1 1.0 16 -0.3277661087336188 -0.32419 0.00357587
0.35 0.1 1.0 18 -0.33135598779060227 -0.326526 0.00482976
0.35 0.1 1.0 20 -0.33377679111478903 -0.328183 0.00559339
0.35 0.1 1.0 22 -0.3356002165684593 -0.329488 0.00611213
0.35 0.1 1.0 24 -0.33694775826228757 -0.3305 0.0064475
0.35 0.1 1.05 10 -0.26815500474373766 -0.271756 -0.00360063
0.35 0.1 1.05 12 -0.2779993502247204 -0.277667 0.000331986
0.35 0.1 1.05 14 -0.28471274574360256 -0.281786 0.00292722
0.35 0.1 1.05 16 -0.2888755480757764 -0.284423 0.00445303
0.35 0.1 1.05 18 -0.29183192731058744 -0.286388 0.00544413
0.35 0.1 1.05 20 -0.2938349419273698 -0.287792 0.00604266
0.35 0.1 1.05 22 -0.2953421787392659 -0.288904 0.00643769
0.35 0.1 1.05 24 -0.2964798452690082 -0.289774 0.00670601
0.35 0.1 1.1 10 -0.23834081633370183 -0.239854 -0.00151361
0.35 0.1 1.1 12 -0.2466532462614127 -0.244881 0.00177219
0.35 0.1 1.1 14 -0.25227427227632726 -0.248372 0.00390269
0.35 0.1 1.1 16 -0.25572506823799035 -0.250605 0.00511999
0.35 0.1 1.1 18 -0.2581840561064086 -0.252275 0.00590914
0.35 0.1 1.1 20 -0.25986319629536325 -0.253476 0.00638703
0.35 0.1 1.1 22 -0.2611457319739164 -0.254432 0.00671418
0.35 0.1 1.1 24 -0.2621203400762337 -0.255185 0.00693524
0.35 0.1 1.15 10 -0.2126239961357495 -0.212502 0.000121594
0.35 0.1 1.15 12 -0.21970461274137662 -0.216792 0.00291238
0.35 0.1 1.15 14 -0.22442680554800123 -0.219769 0.00465734
0.35 0.1 1.15 16 -0.22732748500334488 -0.221677 0.00565046
0.35 0.1 1.15 18 -0.22939346044266953 -0.223105 0.00628806
0.35 0.1 1.15 20 -0.23081896646192962 -0.224142 0.00667668
0.35 0.1 1.15 22 -0.23191667770758137 -0.22497 0.00694669
0.35 0.1 1.15 24 -0.23276236439516437 -0.225628 0.00713406
0.35 0.1 1.2 10 -0.19039643271301993 -0.188925 0.00147164
0.35 0.1 1.2 12 -0.19641227561594507 -0.192602 0.00380978
0.35 0.1 1.2 14 -0.20041630452986636 -0.195154 0.00526182
0.35 0.1 1.2 16 -0.2028686715339898 -0.196794 0.00607453
0.35 0.1 1.2 18 -0.20462229449706876 -0.198024 0.00659861
0.35 0.1 1.2 20 -0.2058470422519599 -0.198925 0.00692157
0.35 0.1 1.2 22 -0.20679787213640866 -0.199648 0.0071499
0.35 0.1 1.2 24 -0.20753981329457125 -0.200227 0.00731289
0.35 0.1 1.25 10 -0.1710563380016675 -0.168494 0.00256261
0.35 0.1 1.25 12 -0.17620309605161863 -0.171666 0.00453677
0.35 0.1 1.25 14 -0.17961074556337767 -0.173862 0.00574836
0.35 0.1 1.25 16 -0.18170222231826383 -0.175281 0.00642112
0.35 0.1 1.25 18 -0.18320575480200418 -0.176349 0.00685656
0.35 0.1 1.25 20 -0.18427037230108081 -0.177139 0.00713156
0.35 0.1 1.25 22 -0.18508858943902531 -0.177774 0.00731505
0.35 0.1 1.25 24 -0.18574533151717817 -0.178286 0.00745982
0.35 0.1 1.3 10 -0.15417026021919183 -0.150715 0.00345572
0.35 0.1 1.3 12 -0.1585886091939183 -0.15346 0.00512861
0.35 0.1 1.3 14 -0.1614944845410294 -0.155361 0.00613322
0.35 0.1 1.3 16 -0.16329455278108876 -0.156596 0.00669832
0.35 0.1 1.3 18 -0.16459638317876257 -0.157529 0.00706747
0.35 0.1 1.3 20 -0.16552989882190794 -0.158224 0.0073054
0.35 0.1 1.3 22 -0.16626549963511203 -0.158785 0.00748026
0.35 0.1 1.3 24 -0.16685189801995912 -0.15924 0.0076118
0.35 0.1 1.35 10 -0.1393524893934021 -0.135174 0.00417813
0.35 0.1 1.35 12 -0.1431646127374693 -0.137562 0.00560288
0.35 0.1 1.35 14 -0.14567994176714397 -0.139215 0.00646531
0.35 0.1 1.35 16 -0.14724236694178128 -0.140296 0.00694659
0.35 0.1 1.35 18 -0.1483794503548881 -0.141115 0.00726468
0.35 0.1 1.35 20 -0.14920579085891017 -0.141731 0.00747519
0.35 0.1 1.35 22 -0.14986108254307015 -0.142228 0.00763272
0.35 0.1 1.35 24 -0.15038791648568642 -0.142634 0.00775386
0.35 0.1 1.4 10 -0.12632444743282675 -0.121539 0.00478559
0.35 0.1 1.4 12 -0.12963001618826317 -0.123622 0.00600766
0.35 0.1 1.4 14 -0.13181164876943413 -0.125066 0.00674576
0.35 0.1 1.4 16 -0.13317900052753373 -0.126017 0.00716169
0.35 0.1 1.4 18 -0.13418101822439094 -0.12674 0.00744087
0.35 0.1 1.4 20 -0.13491821102832455 -0.127288 0.00763037
0.35 0.1 1.4 22 -0.13550604259654586 -0.127731 0.00777457
0.35 0.1 1.4 24 -0.13598200322122017 -0.128095 0.00788749
0.35 0.1 1.45 10 -0.11482130612684713 -0.109529 0.00529217
0.35 0.1 1.45 12 -0.11770129551653641 -0.111355 0.00634658
0.35 0.1 1.45 14 -0.11960588715740934 -0.112621 0.00698454
0.35 0.1 1.45 16 -0.12081193034880847 -0.113463 0.00734922
0.35 0.1 1.45 18 -0.12170162052745523 -0.114104 0.00759794
0.35 0.1 1.45 20 -0.12236375967990445 -0.114593 0.00777111
0.35 0.1 1.45 22 -0.12289423364869766 -0.114989 0.0079048
0.35 0.1 1.45 24 -0.12332626403751044 -0.115315 0.00801107
0.35 0.1 1.5 10 -0.10463169161370907 -0.0989148 0.00571687
0.35 0.1 1.5 12 -0.10715725273916178 -0.100521 0.00663611
0.35 0.1 1.5 14 -0.10883045999991514 -0.101636 0.00719401
0.35 0.1 1.5 16 -0.1099019961951635 -0.102383 0.00751865
0.35 0.1 1.5 18 -0.11069751534996289 -0.102954 0.00774371
0.35 0.1 1.5 20 -0.11129576763072364 -0.103392 0.00790407
0.35 0.1 1.5 22 -0.111776954267716 -0.103748 0.00802938
0.35 0.1 1.5 24 -0.11217070492958923 -0.104041 0.00813015
