10 25 0 0.25 -6.8433319369392215e-06 -0.15779969012960787 0.15779284679767094
12 25 0 0.25 -2.252622430934381e-06 -0.16404077759796604 0.16403852497553512
14 25 0 0.25 2.3513747191249157e-05 -0.16448699591348925 0.1645105096606805
16 25 0 0.25 -1.4443586938617223e-06 -0.1618187231241065 0.16181727876541263
18 25 0 0.25 4.019681787326573e-06 -0.15765798677543313 0.15766200645722045
20 25 0 0.25 -4.624440806916471e-06 -0.15284833477813253 0.1528437103373256
0.8 0.4 1.0 10 -2.107905461261389 -0.7952387150573799 0.1312666746204009
0.8 0.4 1.0 12 -2.5537266703305903 -0.9348360890923999 0.13490754843651587
0.8 0.4 1.0 14 -3.000380763323042 -1.0756584900893955 0.1374801623738319
0.8 0.4 1.0 16 -3.451142377802152 -1.2213250496444161 0.13936358300985852
0.8 0.4 1.0 18 -3.9027340692334747 -1.3679980791538802 0.14081866611553304
0.8 0.4 1.0 20 -4.356294020807961 -1.5169419757429308 0.1419676022532515
0.8 0.4 1.0 22 -4.8103602900283535 -1.666475060175002 0.14290387408424324
0.8 0.4 1.0 24 -5.265300667672503 -1.8170058327356418 0.14367895145570256
0.8 0.4 1.05 10 -1.8266791405219462 -0.5062184774924745 0.13204606630294718
0.8 0.4 1.05 12 -2.2150210651875177 -0.5881572967978954 0.1355719806991352
0.8 0.4 1.05 14 -2.6041332209531305 -0.671205349643828 0.13806627652209302
0.8 0.4 1.05 16 -2.99656696933775 -0.7582114604575878 0.13989721930501015
0.8 0.4 1.05 18 -3.3896708085879936 -0.8460361175637164 0.14131303839023762
0.8 0.4 1.05 20 -3.7843142480763508 -0.9356559581757434 0.14243291449503037
0.8 0.4 1.05 22 -4.1793237335845195 -1.0257063791648138 0.1433462433827139
0.8 0.4 1.05 24 -4.574981308398571 -1.116504509390466 0.14410319995867105
0.8 0.4 1.1 10 -1.5918476734529747 -0.26430771740427883 0.1327539956048696
0.8 0.4 1.1 12 -1.931867909118362 -0.2976969665789176 0.13618091187828704
0.8 0.4 1.1 14 -2.272565880278165 -0.33205442319554485 0.13860796122018718
0.8 0.4 1.1 16 -2.615967466487085 -0.36966826560884175 0.14039370005489019
0.8 0.4 1.1 18 -2.9599355645228216 -0.40797796113857904 0.1417754224102357
0.8 0.4 1.1 20 -3.305064000513548 -0.44765613231327106 0.14287039341001387
0.8 0.4 1.1 22 -3.65045930354068 -0.48765169963928207 0.14376398199551807
0.8 0.4 1.1 24 -3.996297718982496 -0.5281646177477471 0.1445055458847812
0.8 0.4 1.15 10 -1.394357158713234 -0.06035399152907271 0.13340031671841612
0.8 0.4 1.15 12 -1.6935015825570119 -0.05260639796299587 0.13674126538283468
0.8 0.4 1.15 14 -1.9931619297940415 -0.04560954132751337 0.1391108848904663
0.8 0.4 1.15 16 -2.2950871552838663 -0.0413697780545807 0.14085733607683035
0.8 0.4 1.15 18 -2.597418000183187 -0.037635425322262266 0.14221014304782917
0.8 0.4 1.15 20 -2.900655177423498 -0.03498241124007983 0.14328363830917093
0.8 0.4 1.15 22 -3.2040857473968134 -0.03256208567314392 0.14416016644198495
0.8 0.4 1.15 24 -3.5078402260066173 -0.030524390610252045 0.1448881598081819
0.8 0.4 1.2 10 -1.227157481844638 0.11277777956127234 0.13399352614059104
0.8 0.4 1.2 12 -1.4914605811924708 0.15566273950989437 0.1372602767251971
0.8 0.4 1.2 14 -1.7562045531766153 0.19790698786356584 0.13957939578858436
0.8 0.4 1.2 16 -2.0227689218920664 0.23790853227055977 0.14129234088516412
0.8 0.4 1.2 18 -2.2896660129847493 0.27749200828634596 0.1426198900706164
0.8 0.4 1.2 20 -2.5572518830823197 0.3162436270860452 0.14367477550841826
0.8 0.4 1.2 22 -2.8249772195840936 0.3548254034299008 0.14453648286427248
0.8 0.4 1.2 24 -3.092949820121345 0.39311163907767516 0.14525256079995916
0.8 0.4 1.25 10 -1.0847739685835407 0.26062025229713726 0.1345394220880678
0.8 0.4 1.25 12 -1.3192010132027008 0.3337070741420618 0.13774234061206356
0.8 0.4 1.25 14 -1.5540119709131943 0.4062370349181239 0.14001778613080845
0.8 0.4 1.25 16 -1.7903093619422594 0.4769135523348848 0.1417014321423215
0.8 0.4 1.25 18 -2.0268584046231783 0.5472699018928859 0.14300712813978134
0.8 0.4 1.25 20 -2.263934914873749 0.6169811934077903 0.14404580541407697
0.8 0.4 1.25 22 -2.5011116225614956 0.686568928870151 0.1448945705196203
0.8 0.4 1.25 24 -2.7384716293422735 0.7559348517528948 0.145600270045632
0.8 0.4 1.3 10 -0.9627915669061332 0.38765663732307076 0.13504482042292038
0.8 0.4 1.3 12 -1.1715029782762585 0.48679803175932457 0.1381917508362986
0.8 0.4 1.3 14 -1.3805524020812054 0.5854503898084695 0.1404287708492625
0.8 0.4 1.3 16 -1.5907933629429891 0.6825980415789695 0.14208696278262242
0.8 0.4 1.3 18 -1.8012282210855852 0.7794960259676699 0.1433735692807364
0.8 0.4 1.3 20 -2.012065355519016 0.8758956841706874 0.1443980519844852
0.8 0.4 1.3 22 -2.22297301716598 0.9722072142590124 0.14523546506477236
0.8 0.4 1.3 24 -2.4339964702664645 1.0683766520947229 0.14593221343171614
0.8 0.4 1.35 10 -0.8577524773520332 0.497386530802385 0.13551390081544182
0.8 0.4 1.35 12 -1.0442225818297368 0.6191165667276479 0.1386115957131154
0.8 0.4 1.35 14 -1.2309542275121004 0.7404619169443237 0.1408154388897446
0.8 0.4 1.35 16 -1.4186583939311233 0.8605633368935608 0.14245135817654275
0.8 0.4 1.35 18 -1.6065124823508845 0.9804693673116587 0.14372121387014128
0.8 0.4 1.35 20 -1.7946689324340128 1.0999958325456458 0.14473323824898293
0.8 0.4 1.35 22 -1.9828767569408348 1.2194572702601634 0.14556063760004537
0.8 0.4 1.35 24 -2.1711734024007003 1.3388083239981565 0.14624923859995237
0.8 0.4 1.4 10 -0.7668738188138406 0.5926279412539707 0.1359501760067811
0.8 0.4 1.4 12 -0.9339931780894659 0.7340685346093991 0.1390051427249054
0.8 0.4 1.4 14 -1.1013369195066502 0.8751781001436285 0.1411796442607342
0.8 0.4 1.4 16 -1.2694636730258964 1.0152727844637648 0.1427960285931038
0.8 0.4 1.4 18 -1.4377034923710197 1.1552181097789904 0.14405120011944503
0.8 0.4 1.4 20 -1.6061732375069184 1.2948708920625795 0.1450522064784749
0.8 0.4 1.4 22 -1.7746796573710728 1.4344766214747393 0.14587073994753694
0.8 0.4 1.4 24 -1.9432549462544435 1.5739956526724341 0.1465521082886199
0.8 0.4 1.45 10 -0.687878308902721 0.6756946059237448 0.13635729148264658
0.8 0.4 1.45 12 -0.8381143879214648 0.8343797703413216 0.13937451318856553
0.8 0.4 1.45 14 -0.9885337065270221 0.9927919051425391 0.14152325797639723
0.8 0.4 1.45 16 -1.1395838709794393 1.1503752801673246 0.14312244694667275
0.8 0.4 1.45 18 -1.2907196544627824 1.3078440095281054 0.14436464799949375
0.8 0.4 1.45 20 -1.442029712313817 1.4650879450694507 0.1453558828691634
0.8 0.4 1.45 22 -1.5933659265228861 1.6222978574325289 0.14616653563433704
0.8 0.4 1.45 24 -1.744747701935479 1.7794495886608521 0.14684155377484712
0.8 0.4 1.5 10 -0.6189271415751952 0.7484510219056624 0.13673781634808577
0.8 0.4 1.5 12 -0.7543685661379698 0.9222931529201261 0.13972180992150798
0.8 0.4 1.5 14 -0.8899588407207798 1.0959110431243886 0.14184784884608345
0.8 0.4 1.5 16 -1.026056692877879 1.2688528953527036 0.1434318492644114
0.8 0.4 1.5 18 -1.1622198237150987 1.4417061507770348 0.14466255413845186
0.8 0.4 1.5 20 -1.2985146340778086 1.6143871756941637 0.1456450904885986
0.8 0.4 1.5 22 -1.4348281025227552 1.7870435891774668 0.146448713259101
0.8 0.4 1.5 24 -1.5711704571939686 1.9596625631928084 0.1471180425161157
