0 0.485 1.0 10 -0.4596385097217343 -0.655687 -0.196049
0 0.485 1.0 12 -0.4787413751224359 -0.602716 -0.123975
0 0.485 1.0 14 -0.49157598116635093 -0.567991 -0.0764151
0 0.485 1.0 16 -0.4993708116788595 -0.546478 -0.0471075
0 0.485 1.0 18 -0.5047847298167246 -0.532375 -0.0275903
0 0.485 1.0 20 -0.5082596909248199 -0.523795 -0.0155351
0 0.485 1.0 22 -0.51080375965092 -0.518574 -0.00776986
0 0.485 1.0 24 -0.5125997758389541 -0.515463 -0.00286355
0 0.485 1.05 10 -0.41357850420708414 -0.57808 -0.164501
0 0.485 1.05 12 -0.42978592520535525 -0.530955 -0.101169
0 0.485 1.05 14 -0.4406849940921499 -0.500515 -0.0598298
0 0.485 1.05 16 -0.44713880497724157 -0.482119 -0.0349804
0 0.485 1.05 18 -0.45160024061887266 -0.470367 -0.0187663
0 0.485 1.05 20 -0.4544639528926745 -0.463604 -0.00914021
0 0.485 1.05 22 -0.4565504457027888 -0.459397 -0.00284665
0 0.485 1.05 24 -0.4580601663861435 -0.457104 0.000955935
0 0.485 1.1 10 -0.3735115726174033 -0.511366 -0.137854
0 0.485 1.1 12 -0.3873537943815026 -0.469307 -0.0819534
0 0.485 1.1 14 -0.3965584016888122 -0.442615 -0.0460567
0 0.485 1.1 16 -0.401914237269732 -0.426908 -0.0249934
0 0.485 1.1 18 -0.40562189652263547 -0.417096 -0.0114745
0 0.485 1.1 20 -0.4080121402128766 -0.411665 -0.00365329
0 0.485 1.1 22 -0.40978492208693357 -0.408456 0.00132905
0 0.485 1.1 24 -0.4110753170875172 -0.406708 0.00436764
0 0.485 1.15 10 -0.3383742708446262 -0.453568 -0.115194
0 0.485 1.15 12 -0.35029461754359176 -0.416019 -0.0657244
0 0.485 1.15 14 -0.3580777763904763 -0.392594 -0.0345166
0 0.485 1.15 16 -0.3625846751249708 -0.37916 -0.0165751
0 0.485 1.15 18 -0.36569354505452606 -0.371131 -0.00543779
0 0.485 1.15 20 -0.3677145114183791 -0.366692 0.00102234
0 0.485 1.15 22 -0.36922707826863976 -0.364147 0.00508015
0 0.485 1.15 24 -0.37034689456239317 -0.362865 0.0074817
0 0.485 1.2 10 -0.3075481558166034 -0.403234 -0.0956857
0 0.485 1.2 12 -0.3177565846383708 -0.369645 -0.0518889
0 0.485 1.2 14 -0.32439444711167065 -0.349095 -0.0247005
0 0.485 1.2 16 -0.3282010366441923 -0.337708 -0.00950653
0 0.485 1.2 18 -0.3308329947890266 -0.330962 -0.000129414
0 0.485 1.2 20 -0.33256386086960216 -0.327376 0.00518744
0 0.485 1.2 22 -0.3338720974003076 -0.325385 0.00848719
0 0.485 1.2 24 -0.33485700353244124 -0.324393 0.010464
0 0.485 1.25 10 -0.2803024985239212 -0.359131 -0.0788285
0 0.485 1.25 12 -0.28909750483865027 -0.329082 -0.0399849
0 0.485 1.25 14 -0.29476808136168114 -0.311021 -0.0162532
0 0.485 1.25 16 -0.29800836688442534 -0.301269 -0.00326087
0 0.485 1.25 18 -0.3002587812911384 -0.295685 0.00457361
0 0.485 1.25 20 -0.30176109981625493 -0.29284 0.00892151
0 0.485 1.25 22 -0.3028766296582914 -0.291243 0.0116336
0 0.485 1.25 24 -0.3037524017896473 -0.290417 0.013335
0 0.485 1.3 10 -0.2561535864791626 -0.320312 -0.0641586
0 0.485 1.3 12 -0.26374338776805867 -0.293387 -0.0296437
0 0.485 1.3 14 -0.26858435911246603 -0.27755 -0.00896611
0 0.485 1.3 16 -0.271367100756711 -0.269204 0.00216264
0 0.485 1.3 18 -0.2733110681733298 -0.264569 0.00874188
0 0.485 1.3 20 -0.27462773616916125 -0.262205 0.0124225
0 0.485 1.3 22 -0.27564265853231196 -0.260901 0.0147414
0 0.485 1.3 24 -0.27643006050411667 -0.260219 0.0162109
0 0.485 1.35 10 -0.23463458663903514 -0.285951 -0.051316
0 0.485 1.35 12 -0.2412086308110575 -0.261782 -0.0205736
0 0.485 1.35 14 -0.2454107342526406 -0.247895 -0.00248388
0 0.485 1.35 16 -0.2478205116690328 -0.24078 0.00704033
0 0.485 1.35 18 -0.24951528006393453 -0.236869 0.0126466
0 0.485 1.35 20 -0.25068251113976603 -0.234904 0.015778
0 0.485 1.35 22 -0.25159037831019815 -0.23381 0.0177807
0 0.485 1.35 24 -0.2523036861631251 -0.23321 0.019094
0 0.485 1.4 10 -0.21544593101132 -0.255419 -0.0399728
0 0.485 1.4 12 -0.22116137188680537 -0.233756 -0.0125945
0 0.485 1.4 14 -0.22480766700683927 -0.221514 0.00329367
0 0.485 1.4 16 -0.22691229653448913 -0.215392 0.0115199
0 0.485 1.4 18 -0.2284046611158822 -0.212098 0.0163071
0 0.485 1.4 20 -0.22944927339702073 -0.210437 0.019012
0 0.485 1.4 22 -0.2302684043418096 -0.209482 0.0207868
0 0.485 1.4 24 -0.23091902676349943 -0.208923 0.0219964
0 0.485 1.45 10 -0.19826093188440433 -0.228142 -0.0298807
0 0.485 1.45 12 -0.2032473066007193 -0.208649 -0.00540163
0 0.485 1.45 14 -0.2064300697490999 -0.197882 0.00854831
0 0.485 1.45 16 -0.2082837902511835 -0.192635 0.0156484
0 0.485 1.45 18 -0.20960926144126069 -0.189818 0.0197909
0 0.485 1.45 20 -0.21055197902514897 -0.188378 0.022174
0 0.485 1.45 22 -0.2112965256721757 -0.187515 0.0237812
0 0.485 1.45 24 -0.21189335305223964 -0.186978 0.0249149
0 0.485 1.5 10 -0.1828258927533126 -0.203662 -0.0208357
0 0.485 1.5 12 -0.18720259377656445 -0.186145 0.00105789
0 0.485 1.5 14 -0.1899970127267903 -0.176656 0.0133413
0 0.485 1.5 16 -0.19164300976184606 -0.172104 0.0195391
0 0.485 1.5 18 -0.19282997963925952 -0.169649 0.0231809
0 0.485 1.5 20 -0.19368696989289086 -0.168364 0.025323
0 0.485 1.5 22 -0.19436800824262476 -0.167571 0.026797
0 0.485 1.5 24 -0.19491809787077938 -0.167052 0.0278662
