10 25 0 0.25 -6.8433319369392215e-06 -0.15779969012960787 0.15779284679767094
12 25 0 0.25 -2.252622430934381e-06 -0.16404077759796604 0.16403852497553512
14 25 0 0.25 2.3513747191249157e-05 -0.16448699591348925 0.1645105096606805
16 25 0 0.25 -1.4443586938617223e-06 -0.1618187231241065 0.16181727876541263
18 25 0 0.25 4.019681787326573e-06 -0.15765798677543313 0.15766200645722045
20 25 0 0.25 -4.624440806916471e-06 -0.15284833477813253 0.1528437103373256
0.3 0.3 1.0 10 -3.3784374799778227 -2.883393895438079 0.04950435845397436
0.3 0.3 1.0 12 -4.103469321819027 -3.468891599510922 0.05288147685900876
0.3 0.3 1.0 14 -4.828474191975732 -4.0545302665454965 0.055281708959302546
0.3 0.3 1.0 16 -5.556183289910423 -4.643689050263094 0.05703088997795802
0.3 0.3 1.0 18 -6.2840987142021785 -5.233146398700824 0.05838623975007525
0.3 0.3 1.0 20 -7.013184442059157 -5.82409428958033 0.059454507623941354
0.3 0.3 1.0 22 -7.742404911432004 -6.4152202618009335 0.060326574983230484
0.3 0.3 1.0 24 -8.472113284416656 -7.006960508698148 0.061048032321604495
0.3 0.3 1.05 10 -2.966042056896651 -2.4585917678172935 0.05074502890793573
0.3 0.3 1.05 12 -3.604040073748884 -2.956665957301181 0.05394784303730856
0.3 0.3 1.05 14 -4.242170491790631 -3.455055952133043 0.056222467118399164
0.3 0.3 1.05 16 -4.882467636318823 -3.9563156938871034 0.057884496401982455
0.3 0.3 1.05 18 -5.522921040249853 -4.4578058453528095 0.059173066383169104
0.3 0.3 1.05 20 -6.16429769750971 -4.960492201569657 0.06019027479700263
0.3 0.3 1.05 22 -6.805734320251247 -5.463262030030932 0.061021467737287054
0.3 0.3 1.05 24 -7.447568007016244 -5.9665402470651205 0.061709489997963475
0.3 0.3 1.1 10 -2.615648534727751 -2.0965810392614905 0.051906749546626066
0.3 0.3 1.1 12 -3.179561894546062 -2.5201291502685566 0.05495272868979214
0.3 0.3 1.1 14 -3.74356837944498 -2.943918117860041 0.05711787582749566
0.3 0.3 1.1 16 -4.309354682892106 -3.3701070582277324 0.05870297654152337
0.3 0.3 1.1 18 -4.875280356615515 -3.796501642900086 0.05993215076196826
0.3 0.3 1.1 20 -5.441930981303167 -4.223852530613383 0.060903922534489174
0.3 0.3 1.1 22 -6.0086515606449655 -4.6512993260704905 0.06169782884429432
0.3 0.3 1.1 24 -6.575640973905169 -5.079096757147182 0.06235600903158278
0.3 0.3 1.15 10 -2.3160032180034746 -1.7859602695888588 0.05300429484146159
0.3 0.3 1.15 12 -2.816451423098418 -2.145552092218372 0.05590827757333716
0.3 0.3 1.15 14 -3.3168871817442835 -2.505222242604707 0.05797606708139834
0.3 0.3 1.15 16 -3.818834983399604 -2.8669681113386245 0.05949167950381121
0.3 0.3 1.15 18 -4.320870629820622 -3.2288491516331215 0.060667859899305565
0.3 0.3 1.15 20 -4.823473817937582 -3.591493037110536 0.06159903904135229
0.3 0.3 1.15 22 -5.326127019438047 -3.954206867713964 0.06236000689654924
0.3 0.3 1.15 24 -5.828978855564681 -4.317184697641087 0.06299142324681639
0.3 0.3 1.2 10 -2.0584128453125317 -1.517986244026848 0.05404266012856838
0.3 0.3 1.2 12 -2.5040638090920737 -1.822195907968625 0.05682232509362073
0.3 0.3 1.2 14 -2.9497234035163302 -2.12649550444403 0.058801992790878596
0.3 0.3 1.2 16 -3.3966185257033197 -2.432524517499511 0.06025587551273803
0.3 0.3 1.2 18 -3.8435789066293466 -2.7386563671078377 0.06138458552897272
0.3 0.3 1.2 20 -4.290982275204466 -3.0453953900343294 0.06227934425850683
0.3 0.3 1.2 22 -4.738421235739963 -3.352185238510624 0.06301072714678814
0.3 0.3 1.2 24 -5.186006609403876 -3.659173523309846 0.0636180452539179
0.3 0.3 1.25 10 -1.8357648939773483 -1.2854410496698985 0.055032384430744985
0.3 0.3 1.25 12 -2.2339548384349084 -1.5415589700059285 0.057699655702415
0.3 0.3 1.25 14 -2.6321339833741497 -1.7977254504091396 0.05960060949750073
0.3 0.3 1.25 16 -3.0313311468191664 -2.0553457826530197 0.06099908526038417
0.3 0.3 1.25 18 -3.4305764932284117 -2.3130440026916688 0.06208513836315239
0.3 0.3 1.25 20 -3.830166759378036 -2.571224652643546 0.06294710533672451
0.3 0.3 1.25 22 -4.229733728226279 -2.8293754800833066 0.06365264764286237
0.3 0.3 1.25 24 -4.629452487311909 -3.0877360035870405 0.0642381868218695
0.3 0.3 1.3 10 -1.642429365119721 -1.082644551737263 0.05597848133824581
0.3 0.3 1.3 12 -1.9992897485202952 -1.2967476719679363 0.05854517304602991
0.3 0.3 1.3 14 -2.3561091532039455 -1.5108444200394062 0.060376052368895664
0.3 0.3 1.3 16 -2.713788091220223 -1.72619410132194 0.06172462436864269
0.3 0.3 1.3 18 -3.071502360211276 -1.9416024679846848 0.06277221623481062
0.3 0.3 1.3 20 -3.4294843887854705 -2.1573932602002066 0.06360455642926319
0.3 0.3 1.3 22 -3.787484217581395 -2.3732106274117952 0.06428516318952728
0.3 0.3 1.3 24 -4.145563120887048 -2.589139668260026 0.06485097719279259
0.3 0.3 1.35 10 -1.4737918394276726 -0.9049218432143817 0.05688699962132908
0.3 0.3 1.35 12 -1.7945180766334587 -1.0821622272160758 0.05936298745144858
0.3 0.3 1.35 14 -2.1152273293481207 -1.2594205834596366 0.06112905327774887
0.3 0.3 1.35 16 -2.436621999505377 -1.4377000628961925 0.062432621038074024
0.3 0.3 1.35 18 -2.7580424431754906 -1.6160236117789837 0.06344549063313927
0.3 0.3 1.35 20 -3.0796706467662034 -1.7946503593075662 0.06425101437293186
0.3 0.3 1.35 22 -3.401311382162225 -1.97329626244764 0.06490977816884479
0.3 0.3 1.35 24 -3.723010174124121 -2.1520259405930346 0.06545767639712859
0.3 0.3 1.4 10 -1.3261432554339052 -0.7485453731760462 0.0577597882257859
0.3 0.3 1.4 12 -1.6151593557867099 -0.8933113698527996 0.06015399882782586
0.3 0.3 1.4 14 -1.9041575952325993 -1.0380858188048354 0.06186226974484028
0.3 0.3 1.4 16 -2.1937169501149327 -1.1837148861990976 0.0631251289947397
0.3 0.3 1.4 18 -2.483294992444752 -1.3293769092477232 0.06410656017761271
0.3 0.3 1.4 20 -2.7730340648024594 -1.4752791971267483 0.06488774338378556
0.3 0.3 1.4 22 -3.062781936066339 -1.621195266856516 0.06552666678226468
0.3 0.3 1.4 24 -3.3525724176296947 -1.7671741968033363 0.06605825920109827
0.3 0.3 1.45 10 -1.1963778832715803 -0.6103708813413355 0.05860070019302448
0.3 0.3 1.45 12 -1.457462315791993 -0.7264091588245721 0.06092109641395174
0.3 0.3 1.45 14 -1.7185313059194764 -0.8424527973421931 0.0625770363269488
0.3 0.3 1.45 16 -1.9800589911468336 -0.9592110741185893 0.06380299481426527
0.3 0.3 1.45 18 -2.241600142068969 -1.075993893234795 0.06475590271300967
0.3 0.3 1.45 20 -2.5032660140692427 -1.1929670715533225 0.065514947125796
0.3 0.3 1.45 22 -2.7649380498247758 -1.3099501505965134 0.06613581360128465
0.3 0.3 1.45 24 -3.0266413603285294 -1.4269804231531682 0.06665253904897338
0.3 0.3 1.5 10 -1.0819376061969166 -0.4878165950807656 0.0594121011116151
0.3 0.3 1.5 12 -1.318345066945439 -0.5783603120990313 0.06166539623720065
0.3 0.3 1.5 14 -1.554735353799174 -0.6689009147536467 0.06327388850325195
0.3 0.3 1.5 16 -1.7915002141910463 -0.7600387784455278 0.06446633973409491
0.3 0.3 1.5 18 -2.0282747141216126 -0.8511948411554897 0.06539332627589572
0.3 0.3 1.5 20 -2.2651457824722248 -0.9425017495622122 0.06613220164550063
0.3 0.3 1.5 22 -2.5020211598911635 -1.0338157616903583 0.0667366090091275
0.3 0.3 1.5 24 -2.738919502609332 -1.1251652386689557 0.06723976099751568
