10 25 0 0.25 -6.8433319369392215e-06 -0.15779969012960787 0.15779284679767094
12 25 0 0.25 -2.252622430934381e-06 -0.16404077759796604 0.16403852497553512
14 25 0 0.25 2.3513747191249157e-05 -0.16448699591348925 0.1645105096606805
16 25 0 0.25 -1.4443586938617223e-06 -0.1618187231241065 0.16181727876541263
18 25 0 0.25 4.019681787326573e-06 -0.15765798677543313 0.15766200645722045
20 25 0 0.25 -4.624440806916471e-06 -0.15284833477813253 0.1528437103373256
0.8 0.3 1.0 10 -2.086088800920578 -1.354047466756196 0.07320413341643821
0.8 0.3 1.0 12 -2.540956404850867 -1.6374245797482203 0.0752943187585539
0.8 0.3 1.0 14 -2.9957800100503675 -1.9207942648323837 0.07678469608699885
0.8 0.3 1.0 16 -3.4518020812859254 -2.2054883722268714 0.07789460681619087
0.8 0.3 1.0 18 -3.90791030223437 -2.4902848567123255 0.07875696919566916
0.8 0.3 1.0 20 -4.364543010104716 -2.775653342807889 0.07944448336484133
0.8 0.3 1.0 22 -4.82123496209504 -3.061087990102936 0.08000668054509562
0.8 0.3 1.0 24 -5.278146834199578 -3.346760805667848 0.08047441785548876
0.8 0.3 1.05 10 -1.8120831943523887 -1.0753144026660557 0.0736768791686333
0.8 0.3 1.05 12 -2.2078878970529776 -1.2994040148804018 0.07570699018104798
0.8 0.3 1.05 14 -2.603726625875735 -1.523563349394479 0.07715451974866114
0.8 0.3 1.05 16 -3.000502571414772 -1.7487653363858802 0.07823357718930574
0.8 0.3 1.05 18 -3.3973423106551763 -1.9740437390558687 0.0790721428666282
0.8 0.3 1.05 20 -3.7945857376475565 -2.1997652386387454 0.07974102495044055
0.8 0.3 1.05 22 -4.1918544492578125 -2.4255158309409177 0.0802881190144043
0.8 0.3 1.05 24 -4.589297757829685 -2.651456680053774 0.08074337824066297
0.8 0.3 1.1 10 -1.5826987553160095 -0.8416257642658268 0.07410729910501826
0.8 0.3 1.1 12 -1.9289694088776888 -1.0159528876723414 0.07608471010044561
0.8 0.3 1.1 14 -2.2752620630803335 -1.1903300641431698 0.07749514278122598
0.8 0.3 1.1 16 -2.622307298415067 -1.3655502224906766 0.0785473172452744
0.8 0.3 1.1 18 -2.9694088402191703 -1.540837445533172 0.07936507748255546
0.8 0.3 1.1 20 -3.316820095258795 -1.7164669169638331 0.08001765891474809
0.8 0.3 1.1 22 -3.664260699384028 -1.8921296376962677 0.0805514118948982
0.8 0.3 1.1 24 -4.011816747215232 -2.067919043841136 0.08099573764058736
0.8 0.3 1.15 10 -1.389296381111457 -0.6442829028875676 0.07450134782238893
0.8 0.3 1.15 12 -1.6937337347619206 -0.776546283277625 0.0764322876236913
0.8 0.3 1.15 14 -1.9981528278784708 -0.9088095218724308 0.07781023614328857
0.8 0.3 1.15 16 -2.303198089993913 -1.0417787726003502 0.07883870733709766
0.8 0.3 1.15 18 -2.6082777549988796 -1.17479000140783 0.07963820853283608
0.8 0.3 1.15 20 -2.9135946764831075 -1.3080652619716957 0.08027647072557059
0.8 0.3 1.15 22 -3.218932137972949 -1.441363974879937 0.08079855286786419
0.8 0.3 1.15 24 -3.5243530430987233 -1.5747549032852721 0.08123325582556047
0.8 0.3 1.2 10 -1.2252292721088125 -0.47659986239530383 0.07486294097135086
0.8 0.3 1.2 12 -1.4940637592908843 -0.5730230390018185 0.07675339335742215
0.8 0.3 1.2 14 -1.762892000456647 -0.6694553465612483 0.07810261813538563
0.8 0.3 1.2 16 -2.032221903987098 -0.7664574440925237 0.0791102787434109
0.8 0.3 1.2 18 -2.3015768832870505 -0.8634904632625222 0.07989369000136268
0.8 0.3 1.2 20 -2.5711133413580307 -0.9607269232376803 0.08051932090601752
0.8 0.3 1.2 22 -2.840664128666471 -1.0579798793767505 0.08103110224044184
0.8 0.3 1.2 24 -3.110275174977692 -1.155299916441527 0.08145730243900688
0.8 0.3 1.25 10 -1.0851955918377634 -0.3332327476662691 0.07519628441714943
0.8 0.3 1.25 12 -1.3235924878466037 -0.3989818576670919 0.07705088584829266
0.8 0.3 1.25 14 -1.561977774701191 -0.4647306618013312 0.07837479377856141
0.8 0.3 1.25 16 -1.800768942881258 -0.5309439425302578 0.07936406252193752
0.8 0.3 1.25 18 -2.0395782978775268 -0.597179908501373 0.08013324385423076
0.8 0.3 1.25 20 -2.2785263308479267 -0.6635725142671349 0.08074769082903958
0.8 0.3 1.25 22 -2.5174646860055705 -0.7299547560150285 0.08125045136320645
0.8 0.3 1.25 24 -2.756464364447271 -0.7964057309506686 0.0816691097290251
0.8 0.3 1.3 10 -0.9650263600912226 -0.20998224862477163 0.07550441114664509
0.8 0.3 1.3 12 -1.1772496097070615 -0.24932161884143023 0.07732733257213593
0.8 0.3 1.3 14 -1.3894512420209768 -0.2886466040914861 0.07862890270924934
0.8 0.3 1.3 16 -1.601989897702964 -0.3283601968325896 0.07960185630439841
0.8 0.3 1.3 18 -1.8145416686404234 -0.3680903532220115 0.080358406412134
0.8 0.3 1.3 20 -2.0271992492523783 -0.40794095797209734 0.08096291456401404
0.8 0.3 1.3 22 -2.2398637460497666 -0.4477996662211849 0.08145745817402644
0.8 0.3 1.3 24 -2.4525596205777034 -0.48769384220968487 0.08186940743200077
0.8 0.3 1.35 10 -0.8613672549625407 -0.10346556240218295 0.07579016925603578
0.8 0.3 1.35 12 -1.0509752226855014 -0.11995593886533212 0.07758494031834744
0.8 0.3 1.35 14 -1.2405725342169822 -0.13644225858938386 0.07886644825911417
0.8 0.3 1.35 16 -1.430434460409046 -0.15323620319011313 0.0798248910761833
0.8 0.3 1.35 18 -1.620305806183902 -0.17004220568687173 0.08057020002761278
0.8 0.3 1.35 20 -1.8102579597868655 -0.18694093412562304 0.08116585128306213
0.8 0.3 1.35 22 -2.000214906844069 -0.20384533173426944 0.08165316250499088
0.8 0.3 1.35 24 -2.1901945240213476 -0.22077555902124274 0.08205912354167104
0.8 0.3 1.4 10 -0.7715380612164822 -0.01098210437158218 0.07605559568449
0.8 0.3 1.4 12 -0.9415169351366435 -0.00761328927785031 0.07782530382156609
0.8 0.3 1.4 14 -1.111485934657864 -0.004239595053690704 0.07908902425744095
0.8 0.3 1.4 16 -1.281668542046063 -0.0011162734494682717 0.08003451678728717
0.8 0.3 1.4 18 -1.451857880873214 0.001998303961051909 0.0807697880463481
0.8 0.3 1.4 20 -1.6221089527447186 0.005041461267610776 0.08135752070061647
0.8 0.3 1.4 22 -1.7923633423961565 0.008080656348268654 0.08183836357929206
0.8 0.3 1.4 24 -1.9626341283883308 0.011101017301913886 0.0822389644037602
0.8 0.3 1.45 10 -0.6933419518454049 0.06968576230353522 0.07630277141489401
0.8 0.3 1.45 12 -0.846208523902682 0.09039274013167661 0.07805010533619655
0.8 0.3 1.45 14 -0.9990669816817359 0.11110391737716878 0.07929792136135035
0.8 0.3 1.45 16 -1.1520978544480598 0.1316113022014617 0.0802318222905951
0.8 0.3 1.45 18 -1.3051335126367585 0.15211237044331383 0.08095810461555958
0.8 0.3 1.45 20 -1.4582163619972341 0.17255838410516633 0.08153873730512003
0.8 0.3 1.45 22 -1.6113015055126003 0.1930016302618332 0.08201377889883789
0.8 0.3 1.45 24 -1.7643985245093723 0.2134311215606317 0.08240956858625016
0.8 0.3 1.5 10 -0.6249888879793055 0.14034512827612505 0.07653340162554305
0.8 0.3 1.5 12 -0.7628799978126537 0.17624795534798252 0.07826066276338635
0.8 0.3 1.5 14 -0.9007629912893699 0.21215611308160476 0.07949422174078391
0.8 0.3 1.5 16 -1.0387851830595456 0.24789832592468902 0.08041771931151466
0.8 0.3 1.5 18 -1.176810757588207 0.28363599452681515 0.08113593067305679
0.8 0.3 1.5 20 -1.3148724428685532 0.3193311750306244 0.08171018089495888
0.8 0.3 1.5 22 -1.4529357133071654 0.355024423262953 0.08218000620773265
0.8 0.3 1.5 24 -1.591007600208584 0.3907076066578203 0.08257146695276685
