0 0.475 1.0 10 -0.4596385097217343 -0.612011 -0.152372
0 0.475 1.0 12 -0.4787413751224359 -0.573186 -0.0944448
0 0.475 1.0 14 -0.49157598116635093 -0.548079 -0.0565035
0 0.475 1.0 16 -0.4993708116788595 -0.533414 -0.0340434
0 0.475 1.0 18 -0.5047847298167246 -0.52398 -0.0191956
0 0.475 1.0 20 -0.5082596909248199 -0.518748 -0.010488
0 0.475 1.0 22 -0.51080375965092 -0.515428 -0.00462434
0 0.475 1.0 24 -0.5125997758389541 -0.513691 -0.001091
0 0.475 1.05 10 -0.41357850420708414 -0.540123 -0.126544
0 0.475 1.05 12 -0.42978592520535525 -0.505852 -0.0760664
0 0.475 1.05 14 -0.4406849940921499 -0.48406 -0.0433746
0 0.475 1.05 16 -0.44713880497724157 -0.471643 -0.0245042
0 0.475 1.05 18 -0.45160024061887266 -0.463887 -0.0122868
0 0.475 1.05 20 -0.4544639528926745 -0.459751 -0.00528663
0 0.475 1.05 22 -0.4565504457027888 -0.457206 -0.000656049
0 0.475 1.05 24 -0.4580601663861435 -0.45593 0.00213021
0 0.475 1.1 10 -0.3735115726174033 -0.478282 -0.10477
0 0.475 1.1 12 -0.3873537943815026 -0.447975 -0.0606209
0 0.475 1.1 14 -0.3965584016888122 -0.42905 -0.0324915
0 0.475 1.1 16 -0.401914237269732 -0.41856 -0.0166456
0 0.475 1.1 18 -0.40562189652263547 -0.412272 -0.00665045
0 0.475 1.1 20 -0.4080121402128766 -0.408847 -0.000835005
0 0.475 1.1 22 -0.40978492208693357 -0.406932 0.00285337
0 0.475 1.1 24 -0.4110753170875172 -0.405946 0.00512946
0 0.475 1.15 10 -0.3383742708446262 -0.424739 -0.086365
0 0.475 1.15 12 -0.35029461754359176 -0.397897 -0.0476019
0 0.475 1.15 14 -0.3580777763904763 -0.381421 -0.0233429
0 0.475 1.15 16 -0.3625846751249708 -0.372628 -0.0100436
0 0.475 1.15 18 -0.36569354505452606 -0.36739 -0.00169633
0 0.475 1.15 20 -0.3677145114183791 -0.364658 0.0030569
0 0.475 1.15 22 -0.36922707826863976 -0.363125 0.00610206
0 0.475 1.15 24 -0.37034689456239317 -0.362378 0.00796896
0 0.475 1.2 10 -0.3075481558166034 -0.378087 -0.0705387
0 0.475 1.2 12 -0.3177565846383708 -0.354249 -0.0364926
0 0.475 1.2 14 -0.32439444711167065 -0.339883 -0.0154882
0 0.475 1.2 16 -0.3282010366441923 -0.332444 -0.00424322
0 0.475 1.2 18 -0.3308329947890266 -0.328123 0.00270996
0 0.475 1.2 20 -0.33256386086960216 -0.325926 0.00663821
0 0.475 1.2 22 -0.3338720974003076 -0.324691 0.00918123
0 0.475 1.2 24 -0.33485700353244124 -0.324094 0.0107627
0 0.475 1.25 10 -0.2803024985239212 -0.337184 -0.056882
0 0.475 1.25 12 -0.28909750483865027 -0.316007 -0.0269095
0 0.475 1.25 14 -0.29476808136168114 -0.303545 -0.00877706
0 0.475 1.25 16 -0.29800836688442534 -0.297193 0.000815471
0 0.475 1.25 18 -0.3002587812911384 -0.293564 0.00669434
0 0.475 1.25 20 -0.30176109981625493 -0.2918 0.00996145
0 0.475 1.25 22 -0.3028766296582914 -0.290779 0.0120978
0 0.475 1.25 24 -0.3037524017896473 -0.290245 0.013507
0 0.475 1.3 10 -0.2561535864791626 -0.301165 -0.045011
0 0.475 1.3 12 -0.26374338776805867 -0.282292 -0.0185481
0 0.475 1.3 14 -0.26858435911246603 -0.271411 -0.00282643
0 0.475 1.3 16 -0.271367100756711 -0.26603 0.00533704
0 0.475 1.3 18 -0.2733110681733298 -0.262983 0.0103277
0 0.475 1.3 20 -0.27462773616916125 -0.261476 0.0131521
0 0.475 1.3 22 -0.27564265853231196 -0.260604 0.015039
0 0.475 1.3 24 -0.27643006050411667 -0.260133 0.0162975
0 0.475 1.35 10 -0.23463458663903514 -0.269249 -0.0346143
0 0.475 1.35 12 -0.2412086308110575 -0.252456 -0.0112475
0 0.475 1.35 14 -0.2454107342526406 -0.242918 0.0024925
0 0.475 1.35 16 -0.2478205116690328 -0.238275 0.00954561
0 0.475 1.35 18 -0.24951528006393453 -0.235695 0.0138198
0 0.475 1.35 20 -0.25068251113976603 -0.234398 0.0162841
0 0.475 1.35 22 -0.25159037831019815 -0.233628 0.0179624
0 0.475 1.35 24 -0.2523036861631251 -0.233182 0.0191213
0 0.475 1.4 10 -0.21544593101132 -0.240812 -0.0253664
0 0.475 1.4 12 -0.22116137188680537 -0.225814 -0.00465269
0 0.475 1.4 14 -0.22480766700683927 -0.217447 0.00736056
0 0.475 1.4 16 -0.22691229653448913 -0.213454 0.0134584
0 0.475 1.4 18 -0.2284046611158822 -0.211234 0.0171707
0 0.475 1.4 20 -0.22944927339702073 -0.210087 0.019362
0 0.475 1.4 22 -0.2302684043418096 -0.209381 0.0208872
0 0.475 1.4 24 -0.23091902676349943 -0.208937 0.0219817
0 0.475 1.45 10 -0.19826093188440433 -0.215433 -0.0171719
0 0.475 1.45 12 -0.2032473066007193 -0.201994 0.00125334
0 0.475 1.45 14 -0.2064300697490999 -0.194609 0.0118214
0 0.475 1.45 16 -0.2082837902511835 -0.191134 0.0171499
0 0.475 1.45 18 -0.20960926144126069 -0.189186 0.0204237
0 0.475 1.45 20 -0.21055197902514897 -0.188145 0.022407
0 0.475 1.45 22 -0.2112965256721757 -0.187474 0.0238223
0 0.475 1.45 24 -0.21189335305223964 -0.187024 0.0248697
0 0.475 1.5 10 -0.1828258927533126 -0.192584 -0.00975833
0 0.475 1.5 12 -0.18720259377656445 -0.180535 0.00666734
0 0.475 1.5 14 -0.1899970127267903 -0.17402 0.0159773
0 0.475 1.5 16 -0.19164300976184606 -0.170939 0.020704
0 0.475 1.5 18 -0.19282997963925952 -0.169189 0.0236407
0 0.475 1.5 20 -0.19368696989289086 -0.168223 0.0254641
0 0.475 1.5 22 -0.19436800824262476 -0.167574 0.0267939
0 0.475 1.5 24 -0.19491809787077938 -0.167121 0.0277974
